2.099598497152328491e-01 7.175976037979125977e-01 1.506956070661544800e-01 7.852171063423156738e-01 4.764776825904846191e-01
1.907303282355228835e-01 7.106154412097462902e-01 1.213297905705552487e-01 7.965960937251594931e-01 4.654632406536844402e-01
2.022289358838774143e-01 6.901374210895320216e-01 9.025843704689029412e-02 8.132929211491364274e-01 4.607565107979955110e-01
2.365617435239979749e-01 6.817774925590665003e-01 8.105196564040770268e-02 8.268525689671022416e-01 4.582157732950969953e-01
2.738287917839772323e-01 6.722255654567546035e-01 9.607122770582780802e-02 8.204524689071284183e-01 4.470304158055238286e-01
3.022368320395289465e-01 6.689617740181695860e-01 1.198430586766171257e-01 8.112366233729583209e-01 4.334629876767604473e-01
3.271129618985763043e-01 6.675476889194624786e-01 1.481395709286051909e-01 8.000792693335266881e-01 4.090622871380839576e-01
3.414308831441050796e-01 6.658501516870762860e-01 1.669907322454979581e-01 7.913147827611666241e-01 3.831772606830067818e-01
3.595900299381173393e-01 6.614578830199866477e-01 1.841685835481181588e-01 7.844897167906365043e-01 3.528617512438381176e-01
3.794846166363066708e-01 6.557881136085841334e-01 2.133079995513283700e-01 7.759605686211639153e-01 3.282030944716178289e-01
3.837343786815249902e-01 6.533755717829150544e-01 2.499620364007558715e-01 7.592093560097463723e-01 3.146814314271481616e-01
3.821878364108288184e-01 6.540319440479360757e-01 2.903623544567071613e-01 7.313303995247625311e-01 3.062716614021920303e-01
3.858442697665672716e-01 6.565782572657300475e-01 3.260073429670466982e-01 7.027924563665500779e-01 2.993958492410004335e-01
3.925150240500373533e-01 6.599021469135557538e-01 3.535569156192426843e-01 6.803829600354692753e-01 2.936220126475289072e-01
4.085015717775641875e-01 6.652003720027798161e-01 3.897684958225122176e-01 6.546955211564409183e-01 2.863343417814783742e-01
4.317723667005906041e-01 6.665328211380507906e-01 4.225843065845044100e-01 6.370095583262355143e-01 2.830353641609345550e-01
4.611430464160626852e-01 6.604117991868643234e-01 4.498006920917901330e-01 6.278877335961957629e-01 2.866608255796758153e-01
4.988537272033511938e-01 6.496138069772964263e-01 4.721212659273578693e-01 6.245628479839732128e-01 2.962568251511759065e-01
5.406546460136019139e-01 6.428763754705828504e-01 4.858048779168687714e-01 6.209066739980999561e-01 3.035943666078672609e-01
5.792708544435594131e-01 6.395916981314913041e-01 4.923414087402827044e-01 6.098806701066544766e-01 3.070777726414902764e-01
6.149933062853634169e-01 6.379431743031481750e-01 4.959896641140356111e-01 5.822882532733905103e-01 3.151271053436392466e-01
6.246067593033393095e-01 6.381304362088938698e-01 4.966839693057461536e-01 5.539640810596652143e-01 3.330395493723456446e-01
5.945233858350302825e-01 6.277692456111855224e-01 4.926361566745620646e-01 5.362362196791397029e-01 3.583066822666974849e-01
5.641249441287091715e-01 6.071351727348056615e-01 4.864551236033106130e-01 5.304959228596498599e-01 3.726471566639065203e-01
5.416530662775363991e-01 5.808798090090824262e-01 4.799294376874715939e-01 5.223082571195196699e-01 3.880603319130103701e-01
5.269741461579524611e-01 5.505283275601859927e-01 4.811566810051051690e-01 5.052604988273594611e-01 4.093422160117039521e-01
5.225411239988209111e-01 5.297634781232198886e-01 5.016490291508661770e-01 4.788286939351991123e-01 4.202990565200280804e-01
5.351518741365356435e-01 5.152746314655491933e-01 5.269237440741910694e-01 4.521705241943306253e-01 4.270435878087159853e-01
5.439882113337217717e-01 4.934156096093262334e-01 5.255241324947705905e-01 4.422855221170482465e-01 4.510281595617168238e-01
5.415151590222813116e-01 4.651260582864482629e-01 5.159193491413986976e-01 4.272062430656607956e-01 4.740845800394923870e-01
5.436926858722979095e-01 4.327595699759311798e-01 5.121865853936730106e-01 4.115331554767746591e-01 4.974717669217964544e-01
5.657647233358957806e-01 4.168860744483082192e-01 5.247606075795895331e-01 4.092024032990474458e-01 5.050101330536863609e-01
6.040492183272164750e-01 3.993167612865620164e-01 5.460105633232172906e-01 4.099005813016907696e-01 5.086893887610001164e-01
6.378926551767655218e-01 3.794260213131361303e-01 5.567544449636532278e-01 4.113190244636036885e-01 5.207338526269930101e-01
6.666195442935213267e-01 3.551723417830449092e-01 5.540919138042788017e-01 4.137500980363962300e-01 5.381489814920172865e-01
6.945822385813119615e-01 3.341295190053398256e-01 5.567586647049422854e-01 4.232231529047765783e-01 5.484894003356278747e-01
7.032819985891618497e-01 3.166530316045030324e-01 5.594991401649548335e-01 4.337205721220098176e-01 5.802298443229589875e-01
7.021847675024485147e-01 2.971865201907787912e-01 5.602653199896282521e-01 4.392151597782539274e-01 6.235456273266291038e-01
7.016199870232773250e-01 2.699123393060561260e-01 5.601583584417900719e-01 4.393142340242141008e-01 6.672094241450431396e-01
6.998928767222257763e-01 2.437612695750302483e-01 5.522283959383114116e-01 4.212896155056899961e-01 6.886325638020305284e-01
7.155944762889560051e-01 2.244229922845590586e-01 5.413636982829919120e-01 3.875126153179532240e-01 6.788330532971388331e-01
7.470488268322341696e-01 2.075895064830065861e-01 5.407831414514687740e-01 3.669891292587700304e-01 6.709237659879466742e-01
7.734181094556858982e-01 1.922986902364020034e-01 5.351035342382096660e-01 3.336785224713843534e-01 6.617048529227987919e-01
7.899054961881130099e-01 1.799185194712041580e-01 5.252006470771714008e-01 2.929734842448753485e-01 6.539094965768140755e-01
8.006687760353088379e-01 1.709942370653152466e-01 5.156961083412170410e-01 2.585555016994476318e-01 6.511546969413757324e-01
