2.099598497152328491e-01 7.175976037979125977e-01 1.506956070661544800e-01 7.852171063423156738e-01 4.764776825904846191e-01
1.844453859503048521e-01 7.058009765590168572e-01 1.471662220812817168e-01 7.931805057103005208e-01 4.645980490604187385e-01
1.494784182475824286e-01 6.883306233657143780e-01 1.424411808246716649e-01 8.040232580867313628e-01 4.469989877003341383e-01
1.542554541627031983e-01 6.605893092655141796e-01 1.436028084913358593e-01 8.008843872297282118e-01 4.214059512115842510e-01
1.887123185783459722e-01 6.562490294138982883e-01 1.518259643352755095e-01 7.871830152693205518e-01 4.093442931065562895e-01
1.998203927981110628e-01 6.649149378937968535e-01 1.653743100583819903e-01 7.665049535901986566e-01 3.811777020676727079e-01
2.267689018187475924e-01 6.678141977536941054e-01 1.801440275690599224e-01 7.535105494357628997e-01 3.571805879436927289e-01
2.621133519394388545e-01 6.644065281192950145e-01 1.961094414761972160e-01 7.468371335287353752e-01 3.459984973619460447e-01
3.053360583753441659e-01 6.563374037608850076e-01 2.154706475721310799e-01 7.409122144574261659e-01 3.418564240372558016e-01
3.423857439485274434e-01 6.482474863663600928e-01 2.329235304236050852e-01 7.354579256186093428e-01 3.411641311292290535e-01
3.763173951255409655e-01 6.424419512618854133e-01 2.520900691766772006e-01 7.254812604459779379e-01 3.388598438907595711e-01
4.002077313653769619e-01 6.410219420763145770e-01 2.781565197000935297e-01 7.066051072653590781e-01 3.294253079017110397e-01
4.110364523621484190e-01 6.402028943832462904e-01 3.062662523428197892e-01 6.842447227656843767e-01 3.156616962920041347e-01
4.157400177206424519e-01 6.338893843071086165e-01 3.331915744769023413e-01 6.604957135131384049e-01 3.010559248140007305e-01
4.172584048022854319e-01 6.236151563018857980e-01 3.554626785366746811e-01 6.375892924891998215e-01 2.882558283816658018e-01
4.175348800031010166e-01 6.110149710612784446e-01 3.780678285793619975e-01 6.076300650076238430e-01 2.773807139603413630e-01
4.178084735164737107e-01 5.987457766098033263e-01 3.978856776714750909e-01 5.738742924292348224e-01 2.758956714968146540e-01
4.163592340602031427e-01 5.823405462262054577e-01 4.139940299284826652e-01 5.390760017091072998e-01 2.914993385637308920e-01
4.132606235146658036e-01 5.621278948081199767e-01 4.231007979580794776e-01 5.132466990058878187e-01 3.194727877157142459e-01
4.125068977163257045e-01 5.403797175734180724e-01 4.294658460755875207e-01 4.941668930113781721e-01 3.476797867440539203e-01
4.176100112759769667e-01 5.170551978933752846e-01 4.395739042394291585e-01 4.764164374546636660e-01 3.721398416384262831e-01
4.311586162581896864e-01 4.961310253045188023e-01 4.570138030008911723e-01 4.621590448224595082e-01 3.922048742269862998e-01
4.503010969208902647e-01 4.821098640256816781e-01 4.775125242650345991e-01 4.571758079778801553e-01 4.110663044200151273e-01
4.703268456969942335e-01 4.698840772673796851e-01 4.958354005417546784e-01 4.592661915092472458e-01 4.354441751257727700e-01
4.906600119337111154e-01 4.548103176890138655e-01 5.100355571803876220e-01 4.607306089843088981e-01 4.618320256080414299e-01
5.097426678394031407e-01 4.410389006177671822e-01 5.171540916481860428e-01 4.640917075022783500e-01 4.861517993092770995e-01
5.247689266129681451e-01 4.254914956345742238e-01 5.160740504203522594e-01 4.715090791194037623e-01 5.200664342297929288e-01
5.342032640217736494e-01 4.091964911857164933e-01 5.159222015766269376e-01 4.728312826955228809e-01 5.521215162293827694e-01
5.427075184773394456e-01 3.917512979147433905e-01 5.199340863235241139e-01 4.679761671505445753e-01 5.811182516127674225e-01
5.511122407457414996e-01 3.727608683742375528e-01 5.271822954717630960e-01 4.598915227880600032e-01 6.110556354679361757e-01
5.558182977897213606e-01 3.573158305573615467e-01 5.342934721893028982e-01 4.537135352314324854e-01 6.383897063950315642e-01
5.509156414490989917e-01 3.442069185068735715e-01 5.425741094536894460e-01 4.532819843884655642e-01 6.767427534029029079e-01
5.539117957280382809e-01 3.283090966298225499e-01 5.584102638689728559e-01 4.544647848066303841e-01 7.116316065574275207e-01
5.683212843221897570e-01 2.919051736764350369e-01 5.552183981160665471e-01 4.370565338001033417e-01 7.110795374622945753e-01
5.423398631675796500e-01 2.857638170384398379e-01 5.373981542637581432e-01 4.199302503733340908e-01 6.904608493636144040e-01
5.128200956753037332e-01 2.801553875375245029e-01 5.208533169799427487e-01 4.076943581669428829e-01 6.827230274380714503e-01
5.220292420540704192e-01 2.586808742551668372e-01 5.231951765029397849e-01 3.955896137176008187e-01 6.617311455138580323e-01
5.649114495413810610e-01 2.464501420292180833e-01 5.363122185708015799e-01 3.913386098102319410e-01 6.503540733126005335e-01
6.123617167473957013e-01 2.386954171092137145e-01 5.399608701995101123e-01 3.822250767515307790e-01 6.453887637834738733e-01
6.502614287401039528e-01 2.325606672273358155e-01 5.412353113426799922e-01 3.735235753862344854e-01 6.440978565595806282e-01
6.910992256669951095e-01 2.264696316491415506e-01 5.519701338994260631e-01 3.623954721198547890e-01 6.446847840351408454e-01
7.296592070340442993e-01 2.156500028333397101e-01 5.567476308089494008e-01 3.429998525767904982e-01 6.452253545088797448e-01
7.619576936345137108e-01 1.994690683539369069e-01 5.464740378684976863e-01 3.128590103405385903e-01 6.468146247537420734e-01
7.825741298327327788e-01 1.843034390519112387e-01 5.300810854888875490e-01 2.839370177891956115e-01 6.491262220295537233e-01
8.006687760353088379e-01 1.709942370653152466e-01 5.156961083412170410e-01 2.585555016994476318e-01 6.511546969413757324e-01
