2.099598497152328491e-01 7.175976037979125977e-01 1.506956070661544800e-01 7.852171063423156738e-01 4.764776825904846191e-01
1.881202513341352078e-01 6.907425920349233861e-01 1.425093663674271149e-01 8.021807329603739545e-01 4.651494813963897856e-01
2.104043449032342306e-01 6.723559651933407322e-01 1.303479251338486300e-01 8.184463832023266550e-01 4.553613673794813521e-01
2.546406349197796737e-01 6.680766017708635873e-01 1.200067775424605576e-01 8.296961822231305739e-01 4.556504945150198216e-01
2.887949287370802920e-01 6.565781624793223248e-01 1.244223671514258500e-01 8.217042453809999536e-01 4.295174044432080729e-01
3.051029872861632519e-01 6.435062688584463064e-01 1.377484017075328859e-01 8.009499512775719587e-01 4.047065129375908565e-01
3.287833696128031336e-01 6.363718664711730533e-01 1.555057157281023728e-01 7.878999821645824575e-01 3.795349477831787000e-01
3.662144400017128820e-01 6.344246400900341865e-01 1.773134884187926863e-01 7.992135429513586020e-01 3.617300251126246979e-01
3.793543668451029305e-01 6.461356949482077727e-01 2.106219385359135998e-01 8.021714359139485717e-01 3.372000716448746993e-01
3.947130197907937066e-01 6.495547014465917757e-01 2.483142529462975812e-01 7.869581241677997552e-01 3.360802119575788671e-01
4.131058884226171402e-01 6.488596997520124088e-01 2.841512780584813935e-01 7.746832244758898867e-01 3.423303059098757317e-01
4.397371335187045815e-01 6.478396230375028653e-01 3.251036615951671260e-01 7.670626463914350657e-01 3.488276298386087104e-01
4.818242559632088251e-01 6.425067281981653444e-01 3.410451136230911451e-01 7.677837383437606800e-01 3.540480642338975081e-01
5.003493294678285075e-01 6.466083927811264731e-01 3.784695066458136359e-01 7.806686842496548540e-01 3.407992041481772150e-01
4.707437154226414844e-01 6.514938130472022193e-01 4.029984264460792498e-01 7.523420523693645778e-01 3.334906642704688062e-01
4.642916038874602691e-01 6.461025867853298355e-01 4.076177553005887466e-01 7.154113184956616411e-01 3.252393470657381491e-01
4.669711366564371913e-01 6.370041974227405035e-01 4.094031390909924073e-01 6.741802332525728136e-01 3.131360347950505885e-01
4.712920647148449160e-01 6.297016356175387797e-01 4.123433962576736334e-01 6.361136379112160011e-01 3.077422903998875414e-01
4.734232425286251655e-01 6.359294456657114125e-01 4.262476299361240839e-01 6.027458293343637141e-01 3.412967429481950088e-01
4.843446478804394051e-01 6.474913007056526393e-01 4.569316040554032288e-01 5.674177910195727925e-01 3.514702408875542416e-01
5.137024411645682020e-01 6.457048738416766298e-01 4.944138015665173747e-01 5.426165298952075888e-01 3.563542412880489341e-01
5.349434851164336369e-01 6.279382622777353040e-01 5.178998424284818602e-01 5.236421171878643532e-01 3.727353957578844468e-01
5.600085382865628292e-01 6.031213637548590301e-01 5.403945691016691644e-01 5.014289932751010426e-01 3.861401754941611864e-01
5.880002553016125955e-01 5.807888264153847624e-01 5.665088728608510538e-01 4.807310780002951867e-01 3.920273803290101333e-01
6.089081451697366809e-01 5.536650234403878157e-01 5.626800465127442807e-01 4.627652061297418684e-01 4.165829242613461325e-01
5.996482041395713170e-01 5.280399451145466605e-01 5.455528024998265169e-01 4.562914130878173435e-01 4.389972644930845713e-01
5.721798506735503720e-01 5.054370133614318750e-01 5.272236380803366762e-01 4.504823361592369957e-01 4.586005135856300874e-01
5.479719596196150899e-01 4.724096504664918594e-01 5.182831712230495658e-01 4.343259965294969938e-01 4.642352603205779915e-01
5.572487448517282616e-01 4.415310099746955208e-01 4.902437060566334770e-01 4.195812530171992849e-01 4.719614152234596904e-01
5.750944304688639930e-01 4.046851702841198772e-01 4.903600970150283622e-01 4.288087415169502536e-01 4.995148331401311759e-01
5.777316904170868295e-01 3.795806421984154744e-01 4.950144760908703478e-01 4.442365162246867949e-01 5.248607182739664090e-01
5.740254809942454406e-01 3.511031957834915840e-01 4.987782762577797069e-01 4.661785028085539406e-01 5.618588720378414614e-01
5.608909785004323467e-01 3.268570340734855417e-01 4.970024314918555230e-01 4.751240196300566820e-01 5.981255952284590949e-01
5.421977822525471113e-01 3.098698642062152064e-01 4.842826270621220508e-01 4.633833624748252000e-01 6.199547666311093774e-01
5.341800425364273686e-01 2.860777125849676694e-01 4.738201620511737766e-01 4.516811146185021331e-01 6.497796775807040959e-01
5.353288085257950080e-01 2.581443851465760608e-01 4.692715744391138255e-01 4.324417622799371363e-01 6.809939105614282173e-01
5.516095951781548878e-01 2.355085326154330583e-01 4.880219234199999478e-01 4.347398508217861224e-01 7.099999049687975017e-01
5.938661225271849586e-01 2.497870092151927846e-01 5.012090461154851129e-01 4.410230746690294024e-01 7.165240387773186281e-01
6.339256259668786253e-01 2.507228164011032212e-01 5.129805318589732988e-01 4.361152821923106049e-01 7.021973543543374996e-01
6.739043163254674340e-01 2.408790798197636973e-01 5.248594630373086822e-01 4.237995367832728122e-01 6.951309150695905714e-01
7.063137305041563563e-01 2.265972860443354608e-01 5.412035814459651428e-01 3.996181223494794654e-01 6.951354837366203743e-01
7.316745317689252737e-01 2.130334358685619101e-01 5.427216054109493815e-01 3.666420265629898312e-01 6.902564872937386742e-01
7.552538644732621487e-01 1.986269302274259185e-01 5.325982644168857361e-01 3.314159424957106026e-01 6.784840042068186472e-01
7.821468153855499761e-01 1.822639200348885047e-01 5.225894625053424392e-01 2.882708126168481155e-01 6.623006473868399135e-01
8.006687760353088379e-01 1.709942370653152466e-01 5.156961083412170410e-01 2.585555016994476318e-01 6.511546969413757324e-01
