2.099598497152328491e-01 7.175976037979125977e-01 1.506956070661544800e-01 7.852171063423156738e-01 4.764776825904846191e-01
2.441224208345743052e-01 7.115523406815478236e-01 1.482818339313585754e-01 8.424461903679727470e-01 4.203356875880925880e-01
2.619699658901170070e-01 7.373622732442288719e-01 1.618713383406444328e-01 8.038977823979841508e-01 3.616778140039885736e-01
2.820484470565296498e-01 7.433025082136803796e-01 1.614721076065880889e-01 7.075673436136232786e-01 2.987927844528475707e-01
3.608749276181923982e-01 7.252454216193485736e-01 2.139429128280634917e-01 6.961737222186296092e-01 2.489548047116348084e-01
4.139589468169536657e-01 7.125282382541451298e-01 2.826030519187170964e-01 6.772201667770676448e-01 2.346715047685633271e-01
4.639600612627872156e-01 6.967273754468158442e-01 3.634595787011257739e-01 6.458725863869437811e-01 2.175197846497984866e-01
5.062598756402524325e-01 6.693428536909101778e-01 4.260294441589498327e-01 6.183559611669627865e-01 2.090354128366999908e-01
5.674191932338686906e-01 6.055988239421825625e-01 4.821647132305277861e-01 5.536741020420703485e-01 2.308047298066295272e-01
6.054240922510013556e-01 5.971832562359182806e-01 5.339010242854934640e-01 5.018489014091193079e-01 2.549273184466622766e-01
6.510861598207218215e-01 5.657397192377616735e-01 5.892443290774067588e-01 4.527308676189336634e-01 2.745898517836126707e-01
6.563778814568780318e-01 5.029006602026316886e-01 6.095253680789223250e-01 3.992389604855222096e-01 3.417659766537642918e-01
6.779690442513094384e-01 4.105879877853061410e-01 5.796498315161826564e-01 3.988417559108999866e-01 4.373071105313436902e-01
6.166926696627224036e-01 3.955370047347060436e-01 5.570212161161854914e-01 4.397035787511184290e-01 4.778003864103069764e-01
5.553837722244043817e-01 3.781873873439821621e-01 5.286257684155772907e-01 4.481790608408651178e-01 5.614862978035460861e-01
5.751404053971170827e-01 3.199526515375558655e-01 5.312185387859854613e-01 4.358230682231335473e-01 6.522090861343304846e-01
6.404288244137480435e-01 2.649227662352359181e-01 5.645186134718785942e-01 4.431952898471060998e-01 6.723016831520040038e-01
7.079090177067152156e-01 2.164022034393100757e-01 5.475290157907890531e-01 4.161726773741313834e-01 7.223292396125932102e-01
7.746890623789400854e-01 1.831481172757505327e-01 5.320320808057156237e-01 3.225469534256228954e-01 6.821671656753112156e-01
8.006687760353088379e-01 1.709942370653152466e-01 5.156961083412170410e-01 2.585555016994476318e-01 6.511546969413757324e-01
