2.099598497152328491e-01 7.175976037979125977e-01 1.506956070661544800e-01 7.852171063423156738e-01 4.764776825904846191e-01
2.434570515545848302e-01 6.942692671133863236e-01 1.528311002982253863e-01 8.117270611458455853e-01 4.550195799641315597e-01
2.901519259766184300e-01 6.696497631271504103e-01 1.511897507954883535e-01 7.961586372802809120e-01 4.258588563261584414e-01
3.165415916198826007e-01 6.740900016177294729e-01 1.924665233905165640e-01 7.747046294499018160e-01 3.979338573559387249e-01
3.366950915782940257e-01 6.742003854450009381e-01 2.245148819319414124e-01 7.521459058330075553e-01 3.626618850900361624e-01
3.458431851728913653e-01 6.536456241360706354e-01 2.623227385213527940e-01 7.243263855019069775e-01 3.495094831065276852e-01
3.499369865792391066e-01 6.572375808528369001e-01 3.056555060847687133e-01 6.889463591025289935e-01 3.432494193419052819e-01
3.916889223198621317e-01 6.750261653749787261e-01 3.262268253701654519e-01 6.809809611598403034e-01 3.098992221111838696e-01
4.236419134652373297e-01 6.785446161674700827e-01 3.373191266487540196e-01 6.767301422898365226e-01 2.733693394093523743e-01
4.263907275611069081e-01 6.531629833785258521e-01 3.671040314732269549e-01 6.409637319341536799e-01 2.459242447917864560e-01
4.343991515594006203e-01 6.231908621177379981e-01 4.078079418521883825e-01 6.165270560474959138e-01 2.266447820257552204e-01
4.470694312178516427e-01 5.874772472147925528e-01 4.422182918223374615e-01 5.841158291663557378e-01 2.287556389433300919e-01
4.748403835702930120e-01 5.619971053659302829e-01 4.663901460449077496e-01 5.527937867133619898e-01 2.406314763562998615e-01
5.000556444429159475e-01 5.507167035262734434e-01 4.825762002756461833e-01 5.245419638176608279e-01 2.720472512907584073e-01
5.174804894316645809e-01 5.467860335833855112e-01 4.931138855431090873e-01 5.029203163206401594e-01 3.061452736585648648e-01
5.540630442494637320e-01 5.460178845630727640e-01 5.095872794672966499e-01 4.930578300862822339e-01 3.590525171053585707e-01
5.994416393664145914e-01 5.495147627734607854e-01 5.184038895469175179e-01 5.036477910014391934e-01 3.819461844162452824e-01
6.566100363631788284e-01 5.434772340147621117e-01 5.289740084824093858e-01 5.112668621318248174e-01 3.660171928433854083e-01
6.844133963139902299e-01 5.243468327635056880e-01 5.604759420728286923e-01 4.942689029168135795e-01 3.969032850834719461e-01
6.892016367680078304e-01 5.140853820399970964e-01 5.842364926453442742e-01 4.793454578674701816e-01 4.381140816320931441e-01
6.644400615071568428e-01 5.023944884097731878e-01 5.890415170074430051e-01 4.782563610249795927e-01 4.795493154890119181e-01
6.354717546680168638e-01 4.797947682034047756e-01 5.835119749884094542e-01 4.766078521363870113e-01 5.059955811962318917e-01
6.110222815226531434e-01 4.359736237875839748e-01 5.761702800429870930e-01 4.644898555821098673e-01 5.196459918433329328e-01
5.925217509160777274e-01 3.848575199127929891e-01 5.669430624001016161e-01 4.470501849074098311e-01 5.457686558616190453e-01
6.216962470514211248e-01 3.487601342308403463e-01 5.697819835719191151e-01 4.550410658570741007e-01 5.785707030698045150e-01
6.679813870737452142e-01 3.214756525042127278e-01 5.774219040084610510e-01 4.658396171508912276e-01 6.088110720695837363e-01
7.021482330910910896e-01 2.988857425102963705e-01 5.809560020088769816e-01 4.678827167967284928e-01 6.354646535179941935e-01
7.285760101753209206e-01 2.637340716430861542e-01 5.708425398723588895e-01 4.600045904462226054e-01 6.736521124734867749e-01
7.274724790164238675e-01 2.274407214149815892e-01 5.445803333534625645e-01 4.490359024387415854e-01 7.038099892412306158e-01
7.587867710015487877e-01 2.077645662702796436e-01 5.341272150104338090e-01 4.145558524629414654e-01 6.875346098444543586e-01
7.795058122435335468e-01 1.966020302347871174e-01 5.301274213939908275e-01 3.660390539987068981e-01 6.727153943742465447e-01
7.922521769457825380e-01 1.811785633626894487e-01 5.214355018163338018e-01 3.013021593662048581e-01 6.597294763611456503e-01
8.006687760353088379e-01 1.709942370653152466e-01 5.156961083412170410e-01 2.585555016994476318e-01 6.511546969413757324e-01
