2.099598497152328491e-01 7.175976037979125977e-01 1.506956070661544800e-01 7.852171063423156738e-01 4.764776825904846191e-01
2.636011546428898566e-01 7.167902699229113939e-01 1.172072256186383887e-01 8.392341570463514033e-01 4.689355662673321268e-01
2.588253655311016921e-01 7.237555849793866347e-01 1.288097108997042772e-01 8.442386979683447201e-01 3.563359543905997295e-01
2.718326116570994322e-01 7.311825981942491337e-01 1.483424594273314578e-01 7.772141381640240709e-01 3.061945930273067273e-01
2.949867142714217016e-01 7.288235728836881533e-01 2.035494135309554586e-01 7.083841940684200145e-01 2.796279953306939348e-01
3.507704662295625386e-01 7.115193519072631201e-01 2.758542587564932758e-01 6.735816155382163828e-01 2.812069499184277066e-01
4.213686174913149340e-01 6.900009437381047217e-01 3.408889481359205220e-01 6.582892214769002770e-01 2.642908932920483567e-01
5.061806458699190658e-01 6.666540711465485103e-01 4.159661126774020778e-01 6.307444963000855553e-01 2.641350167489909251e-01
5.615957201252935738e-01 6.320378920757194763e-01 4.865390237592462919e-01 5.664039462897393351e-01 2.943820562993301748e-01
5.966184844808707366e-01 5.957553210610421202e-01 5.185188050340174826e-01 5.192063945463653019e-01 3.146092746111788241e-01
6.570725692518406547e-01 5.465974185322357570e-01 5.423567192931288972e-01 4.664850683465883163e-01 3.430166311528021761e-01
7.055982828584979050e-01 4.886851149455178622e-01 5.558189256312340287e-01 4.204223948120664467e-01 3.938389362021521567e-01
7.047306761499898542e-01 4.403355935633096463e-01 5.547008533954764786e-01 4.011440497473029443e-01 4.416366621050656360e-01
6.506270963471182389e-01 3.989229089896219049e-01 5.389618756192231519e-01 4.073015716887899984e-01 4.905266130998687246e-01
5.757732748683709323e-01 3.489324739929484664e-01 5.125845912320451392e-01 4.290987110012697281e-01 5.666813151734685361e-01
5.879308209789815276e-01 3.101912170051874251e-01 5.202840433744236881e-01 4.365161638499955865e-01 6.322289729153383053e-01
6.575947497389627028e-01 2.888124521467786421e-01 5.628479070114122962e-01 4.471567402712649519e-01 6.780944807565300048e-01
6.802412991900604888e-01 2.379433270252298838e-01 5.561692398520742264e-01 4.568637935364091018e-01 7.219734374527322363e-01
6.673296592537346639e-01 2.006083378966941611e-01 5.034846138168967977e-01 4.045979898135076414e-01 7.143996877221350239e-01
7.484868082075970541e-01 1.826283780616297370e-01 5.094830560746658188e-01 3.125637352525906798e-01 6.742286265042459759e-01
8.006687760353088379e-01 1.709942370653152466e-01 5.156961083412170410e-01 2.585555016994476318e-01 6.511546969413757324e-01
