2.099598497152328491e-01 7.175976037979125977e-01 1.506956070661544800e-01 7.852171063423156738e-01 4.764776825904846191e-01
1.939715725863751239e-01 6.909315959713484556e-01 1.481643916086965718e-01 7.890139073144364357e-01 4.636011007807550044e-01
1.887859895781000275e-01 6.706704697917414970e-01 1.655683268294449173e-01 7.680643290524682421e-01 4.425516096774446684e-01
2.002695205945325685e-01 6.620769119769018829e-01 1.783704834572674425e-01 7.410893612389982676e-01 4.248561373441160360e-01
2.248714515984118201e-01 6.556077426458863933e-01 1.919893860913841621e-01 7.251981148731868609e-01 4.080086329863977235e-01
2.548526471769581025e-01 6.498720536455054875e-01 2.076000528861823569e-01 7.180658342010937112e-01 3.919607371003447360e-01
2.744573328954381108e-01 6.464974447241911282e-01 2.180087969669001480e-01 7.151120276222469041e-01 3.820337379601924654e-01
3.054838713423803642e-01 6.415203292144366909e-01 2.348817908360035234e-01 7.111982886030209228e-01 3.665893025512786951e-01
3.355596582220616853e-01 6.380261339288518796e-01 2.518508568104503298e-01 7.117458226189407045e-01 3.519572225372643026e-01
3.651152326148178751e-01 6.382825477828697469e-01 2.713225924473452455e-01 7.256430390214347881e-01 3.433440223639553923e-01
3.883277388400503960e-01 6.326799841797031698e-01 2.890371613404948969e-01 7.427356759327354840e-01 3.408926044816298906e-01
4.149793122447881233e-01 6.355053685175702238e-01 3.046238227518046071e-01 7.243081836361584536e-01 3.283318412742894377e-01
4.244372319847508068e-01 6.474870078624105352e-01 3.214069043804117509e-01 7.120507386560065433e-01 3.061299145161673896e-01
4.271916691899030338e-01 6.596923067997443324e-01 3.458266631008549141e-01 6.954293107620758141e-01 2.828352282240216842e-01
4.268095340800977522e-01 6.598613548323806199e-01 3.672006819327414129e-01 6.735879156041634230e-01 2.672194296495681853e-01
4.251764997305063076e-01 6.497617853721129322e-01 3.839350694669694253e-01 6.418074883564343081e-01 2.571797330469460241e-01
4.226252162896805831e-01 6.356379251037106437e-01 3.938598637393741497e-01 6.071466382458057254e-01 2.597828684755319473e-01
4.303506307417118149e-01 6.304375624143455648e-01 4.019462858822285267e-01 5.791376104075318665e-01 2.749665587086322360e-01
4.474613732444515102e-01 6.302237984016353378e-01 4.105363746294136695e-01 5.551068625784534305e-01 2.946605066990238275e-01
4.626879685500852601e-01 6.217414452875436037e-01 4.188833705141740693e-01 5.304222261482575140e-01 3.156378393162863061e-01
4.659189923884523576e-01 5.983674318851681662e-01 4.241830849662687752e-01 5.097403362862170662e-01 3.458160134101133654e-01
4.649647310997433447e-01 5.801442820440857462e-01 4.263033657836565737e-01 5.070044271993745522e-01 3.770075835309997236e-01
4.750172731402635407e-01 5.650675586602944556e-01 4.314614254006848837e-01 5.141554967943973153e-01 4.137686489288002756e-01
4.938077871544512276e-01 5.542819754792731590e-01 4.390998890664562504e-01 5.243464488117022260e-01 4.382128606031161500e-01
5.143798123773544173e-01 5.395872690467258259e-01 4.531330410765644912e-01 5.289507190303347484e-01 4.537161137237358255e-01
5.053595774022164866e-01 5.200000021260017258e-01 4.714667716221886407e-01 4.997126496496262504e-01 4.658463477167861244e-01
5.155689276360758688e-01 4.951836792803246956e-01 4.959747572183049735e-01 4.729946399413711422e-01 4.735388549844346540e-01
5.151176701246602541e-01 4.711913642992652806e-01 5.033154751971635754e-01 4.564220992019542567e-01 4.776663411781457702e-01
5.172480939176344883e-01 4.419293207460391892e-01 5.119646383553129176e-01 4.378631259201153370e-01 4.842986874327396274e-01
5.469352274672044656e-01 4.160669059887550092e-01 5.122107987923524286e-01 4.358888076781441412e-01 4.925999000074438583e-01
5.605588009072960398e-01 3.881107526962376264e-01 5.053832952532933964e-01 4.366417540926614826e-01 5.073645620336362239e-01
5.707531495139284150e-01 3.590222899069318574e-01 5.018720480177017995e-01 4.393180340348418200e-01 5.291295116023985168e-01
5.781158682612125288e-01 3.327802488362236466e-01 5.020996581959824567e-01 4.444579651508168139e-01 5.558659786260211622e-01
5.781545897139322987e-01 3.077600418033757390e-01 5.010167419121702714e-01 4.482831572129976627e-01 5.888259005116124323e-01
5.682720631966898805e-01 2.868716898205037058e-01 4.929056933719636602e-01 4.437917414867989518e-01 6.209502697550686179e-01
5.642657680591427471e-01 2.666058859975141138e-01 4.842728078267857228e-01 4.322423042358435885e-01 6.466391795342932847e-01
5.777018310004297108e-01 2.428551124910700854e-01 4.849021746292484503e-01 4.211323781669089605e-01 6.700853974790488277e-01
6.047530592892196299e-01 2.245706140254924710e-01 4.987021811040043828e-01 4.153466186802596827e-01 6.858750287913761845e-01
6.414840326783501911e-01 2.141010503705940704e-01 5.222159212641763748e-01 4.106831154661508831e-01 6.917450839590854050e-01
6.744058173155023095e-01 2.095030165479653261e-01 5.382340229822043520e-01 3.998648360852233852e-01 6.879007227630672405e-01
7.071595444841292100e-01 2.016134041132188470e-01 5.419052338845098404e-01 3.738632305394893329e-01 6.810352408655372392e-01
7.309448629896007077e-01 1.924397630692104844e-01 5.345200415169544250e-01 3.417884937130051259e-01 6.743739747246864091e-01
7.531973629665611458e-01 1.846981610504994653e-01 5.273259166265981124e-01 3.128785181447794606e-01 6.671523572447833894e-01
7.801545461267720416e-01 1.769162315691244769e-01 5.207217973935529542e-01 2.820305738880699020e-01 6.580679034428867924e-01
8.006687760353088379e-01 1.709942370653152466e-01 5.156961083412170410e-01 2.585555016994476318e-01 6.511546969413757324e-01
