2.099598497152328491e-01 7.175976037979125977e-01 1.506956070661544800e-01 7.852171063423156738e-01 4.764776825904846191e-01
2.637019910681873691e-01 7.069677306422698093e-01 1.566271725446725938e-01 7.934243478478942846e-01 4.557396201675256164e-01
3.095898501204886744e-01 6.763497415082629916e-01 1.630838338884107730e-01 7.971261286301446480e-01 4.348930785180781244e-01
3.597700389434754786e-01 6.465828517367437911e-01 1.898786962856753302e-01 7.596154269965026407e-01 4.115478941895623910e-01
4.015434469856854482e-01 6.373645713247562128e-01 2.177565751505709524e-01 7.113796431375365437e-01 3.919491876187032320e-01
4.508122031651883299e-01 6.366722295993801906e-01 2.470166626707003266e-01 6.714426824108232772e-01 3.738503018770749087e-01
4.829361480523870487e-01 6.430985364294196094e-01 2.953951936178751403e-01 6.438343939257361592e-01 3.627017390475860692e-01
4.848233188078315270e-01 6.367179177358001096e-01 3.719943018161590564e-01 6.309872194097643217e-01 3.664217997383971137e-01
4.965344263753217469e-01 6.158208154418921554e-01 4.380900597829582854e-01 6.131945083866917612e-01 3.658277528377947285e-01
5.342186168849670791e-01 6.049714808799652177e-01 4.730646574405467097e-01 5.834205782654894312e-01 3.574770712320377020e-01
5.907945540831637254e-01 5.931003791594349206e-01 5.126889581841336252e-01 5.424273654432925085e-01 3.458897275740933641e-01
6.247352092580642502e-01 5.656273634170543296e-01 5.522144174355896329e-01 4.936242872448508012e-01 3.361149909961322346e-01
6.306067892290774246e-01 5.323094050907275498e-01 5.655646467523498533e-01 4.573661724667594797e-01 3.473512206580132711e-01
6.434022636580178922e-01 4.807576097184425024e-01 5.733025972384490077e-01 4.209176511040725877e-01 3.859043678526687948e-01
6.521558562851831331e-01 4.424899364992478934e-01 5.754361512763682684e-01 4.127349783702299324e-01 4.291707503074152497e-01
6.437314071332342902e-01 3.988617576606179327e-01 5.744472707083640994e-01 4.165152036426957305e-01 4.878108752908861256e-01
6.100240097852089871e-01 3.573379651400999668e-01 5.657284740226821151e-01 4.312514163602936268e-01 5.551719768507613617e-01
5.784406167512853303e-01 3.211863071822578242e-01 5.527039966263826987e-01 4.503276839033424350e-01 6.232964534886247243e-01
5.740398624212583734e-01 2.843922349817243345e-01 5.407562466487074726e-01 4.712591753965049146e-01 6.946581958195099382e-01
6.077975486199891364e-01 2.625914329621124588e-01 5.384382215451311016e-01 4.773092132728568027e-01 7.322077468272276679e-01
6.592536925102927547e-01 2.458394643541798597e-01 5.371370114928566419e-01 4.700833034686339174e-01 7.509862006949880042e-01
7.191024521501054867e-01 2.182583389670568474e-01 5.255779013876954453e-01 4.356683557393733475e-01 7.517207427575385292e-01
7.392576686807310615e-01 1.957205763538409915e-01 5.163601752878468343e-01 3.761298588289117006e-01 7.108423637859070388e-01
7.774145936966402326e-01 1.807773012390677947e-01 5.157740391777000388e-01 3.030277115959552625e-01 6.738126867379486962e-01
8.006687760353088379e-01 1.709942370653152466e-01 5.156961083412170410e-01 2.585555016994476318e-01 6.511546969413757324e-01
