2.099598497152328491e-01 7.175976037979125977e-01 1.506956070661544800e-01 7.852171063423156738e-01 4.764776825904846191e-01
2.511691376656363661e-01 7.203166833285006287e-01 1.750460858953337695e-01 7.921559531510118379e-01 5.009635936714887938e-01
3.129166506998670716e-01 6.952424384252456901e-01 1.853405217520608106e-01 7.893172564034255378e-01 4.879697190186700340e-01
3.309915364813426075e-01 6.754265009723822155e-01 1.886814094304725686e-01 7.767671452614411942e-01 4.242341277664670174e-01
3.599441790896221183e-01 6.749775213823122622e-01 2.159409980987296862e-01 7.474377669260880985e-01 3.956612358058635981e-01
3.975401565769900447e-01 6.807843766493609783e-01 2.552731878795757026e-01 7.032003628984101473e-01 3.704465637481830775e-01
4.231292871935320443e-01 6.840238100343994931e-01 3.003715835988854943e-01 6.748003391002370677e-01 3.587773891955192695e-01
4.352061164204638066e-01 6.647281239061739733e-01 3.531302786477946154e-01 6.624498434419441306e-01 3.589388277557519769e-01
4.599806455323293131e-01 6.376442920515923429e-01 4.071180239469835427e-01 6.475934021156533049e-01 3.652306142787636323e-01
4.662958337363286021e-01 6.207174090291902591e-01 4.456627377177173055e-01 6.038975942022432042e-01 3.687459551614969411e-01
4.845500525587718155e-01 6.030173220756889219e-01 4.792770696525271990e-01 5.437847515257288045e-01 3.745798645490459600e-01
5.158893277342356809e-01 5.921482384113447850e-01 5.056268455590651190e-01 4.868483083553818980e-01 3.903809871449065994e-01
5.515848007055850211e-01 5.827710603672630052e-01 5.255160657759244680e-01 4.622400995983019789e-01 4.095529913803635513e-01
5.901949297565968200e-01 5.547124146544694101e-01 5.544943405166901096e-01 4.456928042127191736e-01 4.271930298006975657e-01
6.147348570635585707e-01 5.054695292172769472e-01 5.783698237812694432e-01 4.301368053954386372e-01 4.308429872573073527e-01
6.519941949197183284e-01 4.541387668993703275e-01 5.602913381103831192e-01 4.306677732667940628e-01 4.515049394908954850e-01
6.717505101823965097e-01 4.120064632566244889e-01 5.516418725754752561e-01 4.313714353393933720e-01 4.842681769981411755e-01
6.765593829741736176e-01 3.702624817433375348e-01 5.404563713580677886e-01 4.401200544200958298e-01 5.337448371315266504e-01
6.902215975876689891e-01 3.450389752936443566e-01 5.225849260197817925e-01 4.557475344174216070e-01 5.889612965760228080e-01
7.045813712692540198e-01 3.329534924474334412e-01 5.241646611385043508e-01 4.645951045298328808e-01 6.289796419796026550e-01
7.178820182319295418e-01 3.218748815664624341e-01 5.570046640989836373e-01 4.695919898573907014e-01 6.811779153579672341e-01
6.968900161613825750e-01 2.902739732613101586e-01 5.363240663226319649e-01 4.812719023467959545e-01 7.192588181993231355e-01
6.686548652340721377e-01 2.549616188156413332e-01 5.392129581256632775e-01 4.829306975992480599e-01 7.493517756633690796e-01
6.609220942534139720e-01 2.055458545004668347e-01 5.256584399382530082e-01 4.477463662124238630e-01 7.492870217644032049e-01
6.792243491656674292e-01 1.822723692802779016e-01 5.091322232022320593e-01 3.957889886609900487e-01 7.190759545737279712e-01
7.196862474305848467e-01 1.745544034395003774e-01 5.102029021614592486e-01 3.453176947283456144e-01 6.988546318204676977e-01
7.684156697145522186e-01 1.724121530845426076e-01 5.135083159122804108e-01 2.931104888626889782e-01 6.701522646594424426e-01
8.006687760353088379e-01 1.709942370653152466e-01 5.156961083412170410e-01 2.585555016994476318e-01 6.511546969413757324e-01
