2.099598497152328491e-01 7.175976037979125977e-01 1.506956070661544800e-01 7.852171063423156738e-01 4.764776825904846191e-01
2.563295171037460740e-01 7.136223414676882149e-01 1.366096632840367309e-01 7.874746821550714371e-01 4.654283977274394357e-01
3.016781614701384839e-01 6.858047678642170686e-01 1.434157760368315604e-01 7.773386970193010281e-01 4.453378463679392718e-01
3.268977242798066785e-01 6.626613843383502012e-01 1.642551238611115461e-01 7.560685574705041656e-01 4.299605682297795717e-01
3.397247089891755611e-01 6.603238183743564971e-01 1.889935198603704680e-01 7.378145240116502634e-01 4.055587394741545504e-01
3.483067198613058468e-01 6.730917069465245373e-01 2.200438450756263820e-01 7.198199705336727483e-01 3.680675459317888087e-01
3.532177730643738522e-01 6.860039682117978765e-01 2.552515871812548465e-01 7.119947315700893009e-01 3.321638293904912165e-01
3.607386115680794036e-01 6.927215626278930838e-01 2.878646094683914858e-01 6.991987000289624499e-01 3.030863816390306775e-01
3.766261479134007106e-01 6.909949162966256830e-01 3.137077797477278440e-01 6.878812350208202142e-01 2.758168692893523954e-01
4.098454773049116096e-01 6.875894164724839497e-01 3.423277988828187235e-01 6.836414663439470685e-01 2.565230986313175032e-01
4.488204291784856914e-01 6.907526200953092443e-01 3.741508446340087168e-01 6.836369757871685326e-01 2.554827899372492661e-01
4.755010330321488565e-01 6.942676545407824307e-01 4.027582253646749821e-01 6.824106332342706471e-01 2.590473607590952909e-01
4.922639714870923888e-01 6.837353381852959711e-01 4.414232766573178979e-01 6.721206641251329383e-01 2.574201304375027810e-01
4.907846235306522753e-01 6.523748952908736687e-01 4.602898313345583636e-01 6.546730402577848329e-01 2.529624348562806158e-01
4.817004451809788201e-01 6.072313002177800456e-01 4.623987928491358201e-01 6.352542320623941752e-01 2.574546744030554724e-01
4.811429167839212373e-01 5.707471601859762655e-01 4.698227801917996826e-01 6.126741428762675357e-01 2.694636830900534186e-01
4.985168749955047329e-01 5.597405203292288300e-01 4.856074875256440881e-01 5.823233958542876065e-01 2.833269968606496603e-01
5.159437469872709681e-01 5.561268438504786138e-01 4.933181607332050023e-01 5.482151492831248696e-01 3.030625081884026351e-01
5.196563427337878016e-01 5.446254142633382145e-01 4.975847456086807674e-01 5.106676422813313243e-01 3.320886649408821834e-01
5.020096449874418276e-01 5.296024458462438300e-01 5.021784036604384216e-01 4.883800676628250459e-01 3.637656067776245394e-01
5.041647385331885500e-01 5.178619841135713164e-01 5.215870260977882866e-01 4.613778511771454149e-01 3.916495552431841221e-01
5.407597534273279605e-01 5.000903912446518218e-01 5.319014869286813330e-01 4.436841360450057836e-01 4.117278673521123644e-01
5.825487316460919995e-01 4.848127432740589882e-01 5.299043902840425702e-01 4.400667562433161484e-01 4.334778281985625092e-01
6.187286327465855162e-01 4.778860017647780789e-01 5.397783272924763232e-01 4.418199880209721098e-01 4.486911953528812114e-01
6.638689418406261700e-01 4.624018716391756212e-01 5.582218113058251552e-01 4.379584127411603189e-01 4.672057946193466371e-01
6.839752821989686371e-01 4.311586527933116697e-01 5.673782637349430447e-01 4.231186019430472900e-01 4.860127177879813853e-01
6.808870942358880018e-01 3.985974522317803359e-01 5.655304357488762923e-01 4.166108174316920376e-01 5.120245451477851706e-01
6.741945013511342344e-01 3.745006189774177097e-01 5.607848904025762860e-01 4.271232468421764517e-01 5.499061621925090959e-01
6.800944844831448011e-01 3.691022808906427310e-01 5.573562637854352353e-01 4.471671191434468673e-01 5.911295188409483314e-01
6.648564217749552974e-01 3.404440810660960826e-01 5.380093945678802170e-01 4.379912822368772218e-01 6.228708828683680032e-01
6.778709893634777828e-01 3.166446462992970612e-01 5.437071296191400283e-01 4.401235823250135848e-01 6.595094247404466037e-01
7.019344360974478780e-01 2.942190313686031677e-01 5.609914690315271901e-01 4.570365333494317839e-01 6.899658328096821558e-01
7.181294196782656014e-01 2.659594827782668092e-01 5.644449672596297818e-01 4.617637814833782106e-01 7.224453738813900738e-01
7.248348800278406889e-01 2.341968757717293181e-01 5.602288223209848095e-01 4.278282257746232609e-01 7.359468524017990232e-01
7.134833324007209265e-01 2.114196443752689447e-01 5.405938580614415567e-01 3.965216841162956252e-01 7.195997771444710978e-01
7.208722433499977766e-01 1.914677298442057918e-01 5.112335869758533047e-01 3.641601333164924403e-01 6.945034590462672019e-01
7.507368349104954763e-01 1.816476479641119801e-01 5.093582804366932892e-01 3.241097670780221929e-01 6.779398768778471807e-01
7.792817160958114275e-01 1.755573510224339162e-01 5.129814631216080834e-01 2.866339815533899271e-01 6.626274383547247071e-01
8.006687760353088379e-01 1.709942370653152466e-01 5.156961083412170410e-01 2.585555016994476318e-01 6.511546969413757324e-01
