2.099598497152328491e-01 7.175976037979125977e-01 1.506956070661544800e-01 7.852171063423156738e-01 4.764776825904846191e-01
2.307618235990365474e-01 6.832337486054130826e-01 1.478644206996056476e-01 8.261768695283119301e-01 4.884925280556229321e-01
2.652149683798812330e-01 6.897894046369720256e-01 1.535821156964619905e-01 8.768324273031663507e-01 4.595218426939976508e-01
2.924632857062586799e-01 6.977215495146815716e-01 1.846949196019872230e-01 8.574186234807341656e-01 4.216225421527429740e-01
2.667728794716833773e-01 7.033032905248836064e-01 1.730980384551479290e-01 8.105361656003067239e-01 3.798043580283860798e-01
2.812133655992445913e-01 6.893069496855749323e-01 1.655834382099172220e-01 7.558837384281008598e-01 3.484664343490334049e-01
3.011165642958180677e-01 6.828450666343542919e-01 1.762891174381878701e-01 7.092874942664231241e-01 3.136435834172574544e-01
3.277238143685622385e-01 6.811933818108528715e-01 2.289699231463923901e-01 6.788547324390461490e-01 2.917161757374163722e-01
3.521251399472078436e-01 6.706657300907017394e-01 2.755102433018011276e-01 6.717241241191049816e-01 2.916557897871228100e-01
3.837981840903568198e-01 6.539735936862428600e-01 3.290704000243679928e-01 6.685196371564489093e-01 2.931904570906479490e-01
4.142000141783883649e-01 6.389720039733433055e-01 3.785158517229475494e-01 6.631861426559576556e-01 3.069626761389639413e-01
4.490134563808502177e-01 6.204071679414886464e-01 4.181203039051391568e-01 6.501703500798179380e-01 3.443325662907603668e-01
4.928747184107983292e-01 6.071033291363560069e-01 4.463322849356796684e-01 6.418866415181249119e-01 3.620310120640457541e-01
5.472423926706253550e-01 5.897804169106182215e-01 4.640048173394049069e-01 6.133832913109482643e-01 3.814063879400418355e-01
5.709621775665476573e-01 5.808349272679012021e-01 4.862571085838465201e-01 5.671217529150722747e-01 3.947028861777675535e-01
5.960386170354305957e-01 5.747004755824131061e-01 5.115597187917578781e-01 5.099300783129582237e-01 3.966074039905904125e-01
6.330259859843322401e-01 5.566535471034905758e-01 5.333013242514991203e-01 4.679118206255548640e-01 3.918775403289966319e-01
6.795172846561089441e-01 5.144780733878798751e-01 5.377351888308183891e-01 4.501451239968857210e-01 4.048785957109931610e-01
6.902480021954504608e-01 4.683248997827682558e-01 5.529097412194006189e-01 4.255588928006781013e-01 4.261635566086970917e-01
6.817006650049654004e-01 4.183386190838349616e-01 5.699681186656899712e-01 3.989158488298971683e-01 4.504534567306154869e-01
6.756329271066356945e-01 3.625741458445361221e-01 5.872784549441132373e-01 3.890410178704818978e-01 4.772417959645675056e-01
7.004416879884508562e-01 3.462116025028306177e-01 5.874321954416659164e-01 4.227108477410231324e-01 5.365188432170924226e-01
7.175210236795247498e-01 3.374135337984190963e-01 5.875369320479467694e-01 4.447122578589220998e-01 5.746993177460218982e-01
7.501455397128545810e-01 3.309774228340639501e-01 5.953569938958660490e-01 4.686644415819654075e-01 6.269567177877416464e-01
7.550170370716898782e-01 3.204937761084118986e-01 5.852999785422151602e-01 4.783095408032716489e-01 6.893717709482743983e-01
7.202975347369067194e-01 2.864417997890899570e-01 5.595266139054356769e-01 4.708813031771462154e-01 7.337659080086644803e-01
7.045205556829291504e-01 2.264822604043768284e-01 5.479031078103544505e-01 4.741766127818399790e-01 7.588535850921948045e-01
7.119579317644987304e-01 1.993975432005327675e-01 5.317422952228425537e-01 4.175356036347979694e-01 7.298007269989187362e-01
7.384459749418778030e-01 1.914926001005089473e-01 5.199744360200704296e-01 3.627894045088611019e-01 6.867435395878740412e-01
7.767036711355864709e-01 1.788891793015764398e-01 5.173439057694484422e-01 2.987011777384322442e-01 6.648617357164764430e-01
8.006687760353088379e-01 1.709942370653152466e-01 5.156961083412170410e-01 2.585555016994476318e-01 6.511546969413757324e-01
