2.099598497152328491e-01 7.175976037979125977e-01 1.506956070661544800e-01 7.852171063423156738e-01 4.764776825904846191e-01
2.387538816235948991e-01 7.103111080538746513e-01 1.246806246952858188e-01 8.100933199969398979e-01 4.578735619780699984e-01
2.763402422226252653e-01 7.008379941870517271e-01 1.326854774841259021e-01 7.846006335221801242e-01 4.319956431514673789e-01
3.045938738087455300e-01 7.264537079523200047e-01 1.644703381436105061e-01 7.700873594836666891e-01 4.050158230384102165e-01
3.295934763660308131e-01 7.298238529266860564e-01 1.926701909635701870e-01 7.503806727518055331e-01 3.664825128170632329e-01
3.367501406140693820e-01 7.250286807668830935e-01 2.152601300061309786e-01 7.185428742076037656e-01 3.500912259261408366e-01
3.593553166763016615e-01 7.115355321447927039e-01 2.381031978486089218e-01 6.928027087481780644e-01 3.228451975108075911e-01
3.879683201384003244e-01 6.979017441868877736e-01 2.552988448243053154e-01 6.751555565687276106e-01 2.873108540755302531e-01
4.151333978732403285e-01 6.896342438567228950e-01 2.754855405236515398e-01 6.546858226385462443e-01 2.573058749062160921e-01
4.433301944509983050e-01 6.859923393378156709e-01 3.035669078154074607e-01 6.393286633023441690e-01 2.421901060442830100e-01
4.730139908673903770e-01 6.840209219299199228e-01 3.414205056932697602e-01 6.373989439780596289e-01 2.458290264991032648e-01
4.960822399934390337e-01 6.810825284517533218e-01 3.847157907667186350e-01 6.422392070821397736e-01 2.538335671324785658e-01
5.042313177731952978e-01 6.780899402465461190e-01 4.431985336880474025e-01 6.356578439241336032e-01 2.633242174117919610e-01
4.935384885351054574e-01 6.546153408990660338e-01 4.863868289082720064e-01 6.213346800117339752e-01 2.766381472247582129e-01
4.869955078105736024e-01 6.191750206412596214e-01 5.185184222280118105e-01 6.023391700251938818e-01 2.807131334076419238e-01
4.913376234159584355e-01 5.866851351973639828e-01 5.300327751391077369e-01 5.780750435792447739e-01 3.000861018115128509e-01
4.855722610479674128e-01 5.572352757612529794e-01 5.134569227312322237e-01 5.473157672384709738e-01 3.382559062905620695e-01
4.766289197176566406e-01 5.371117534359887147e-01 4.937454921702938981e-01 5.230554315782341979e-01 3.688800039073937276e-01
5.010602806677735277e-01 5.183377841703464828e-01 4.822882876836663280e-01 4.978882270307303792e-01 3.997813081981438921e-01
5.496317183684963359e-01 5.079562398121174605e-01 4.926818726450637453e-01 4.833720214744536836e-01 4.120113966470279054e-01
5.923684795825405747e-01 4.945451577829350076e-01 5.115637570508849707e-01 4.693601283649802003e-01 4.210994789012799666e-01
6.307871053661098237e-01 4.646751981201806547e-01 5.366742564875077726e-01 4.519653728955100869e-01 4.402282806245123581e-01
6.414904134938121949e-01 4.256851687919068761e-01 5.550254267029859356e-01 4.410571607792801441e-01 4.668234796230983918e-01
6.393338719593952835e-01 3.890882682756996447e-01 5.769067171277746375e-01 4.337090387334252006e-01 4.904139941335177166e-01
6.388548322986696837e-01 3.546817147148080274e-01 5.919938136038304100e-01 4.382431651599360545e-01 5.215792073754108582e-01
6.555553491181173031e-01 3.381388124668679995e-01 5.789341974435004978e-01 4.551964450100602910e-01 5.642976984146697017e-01
6.901665178871656536e-01 3.354045722045744804e-01 5.815262136893214473e-01 4.496827136992475604e-01 5.971127565654279490e-01
7.187232431438376201e-01 3.303760926931794684e-01 5.959224793124938691e-01 4.398460317756242577e-01 6.368575718612031755e-01
7.339598535557371184e-01 3.132224795260328265e-01 6.089139227948627831e-01 4.485572966217911128e-01 6.869067588267799840e-01
7.245116934132359576e-01 2.854968594046989883e-01 5.983180517421354816e-01 4.605042852271596932e-01 7.252033514615991994e-01
7.019144115021810348e-01 2.593800027159630095e-01 5.787652314730226122e-01 4.607803232193731779e-01 7.474725761739433594e-01
6.853291222180770692e-01 2.334042326504312814e-01 5.534006818185864818e-01 4.436686279944046518e-01 7.512394420267558548e-01
7.082112781914929878e-01 2.072136442166648274e-01 5.305929627633236834e-01 4.181582211425041717e-01 7.318674939360237941e-01
7.333724965626907677e-01 2.000044596475402392e-01 5.304886662988006485e-01 3.787760308140675214e-01 7.050051836405398786e-01
7.549484625875166888e-01 1.915915005996068343e-01 5.277176852854731370e-01 3.375077373112180257e-01 6.866639931445018830e-01
7.819298152999696327e-01 1.794362463937348440e-01 5.206232805617773129e-01 2.909149220867476293e-01 6.657085627640531023e-01
8.006687760353088379e-01 1.709942370653152466e-01 5.156961083412170410e-01 2.585555016994476318e-01 6.511546969413757324e-01
