2.099598497152328491e-01 7.175976037979125977e-01 1.506956070661544800e-01 7.852171063423156738e-01 4.764776825904846191e-01
2.576730398965447200e-01 7.082145957344565534e-01 1.507992653026892782e-01 8.253740134179988752e-01 4.561008683621662896e-01
3.064061207738537074e-01 6.717523683149553282e-01 1.495065366038015875e-01 8.289591933976048210e-01 4.278362087365514266e-01
3.312498489046949990e-01 6.290832014887282053e-01 1.530969925186310976e-01 7.699542714909508589e-01 4.027779867725367335e-01
3.611948452510378993e-01 6.173281034413127255e-01 1.783423768387055464e-01 7.042422446075312648e-01 3.894924016173192949e-01
4.086661380232957108e-01 6.252979482260148103e-01 2.118480596370683755e-01 6.770666515234742278e-01 3.818485878567409175e-01
4.707499828027910671e-01 6.388781520610148368e-01 2.544507169559906412e-01 6.523542657961717284e-01 3.735326344931578224e-01
4.758407421342868426e-01 6.354954446820036962e-01 3.244479362799338462e-01 6.345666618654516311e-01 3.591261010833256551e-01
4.717846404382458059e-01 6.100699108653040437e-01 3.961066863329461007e-01 6.157466443038813741e-01 3.661963913434445050e-01
5.060890395004447040e-01 5.972156959182552960e-01 4.552797988527296225e-01 5.934879165936824963e-01 3.726953865087077600e-01
5.533569559149728034e-01 5.931603908993098306e-01 4.888107269610678651e-01 5.745692643181563586e-01 3.693809021664303804e-01
6.349273795772731876e-01 5.891276396398298365e-01 5.242058810721895723e-01 5.457289792255587413e-01 3.559844166636004226e-01
6.611323238389487100e-01 5.617800375568985372e-01 5.636873085369965564e-01 4.883370235521913294e-01 3.444939492391666525e-01
6.461423200812096423e-01 5.262928077266343374e-01 5.775497255182826528e-01 4.453901384761817517e-01 3.613322688549560069e-01
6.551869273341243138e-01 4.768478287499689494e-01 5.769535099052854887e-01 4.139666273945322161e-01 4.016873347095371583e-01
6.713591541780317140e-01 4.301495901905671992e-01 5.732368287758851100e-01 4.139546103311457226e-01 4.712475293088072559e-01
6.580149703362248026e-01 3.834374867575408019e-01 5.740916483067657339e-01 4.254230330932085580e-01 5.146382248138975379e-01
6.487568917237590549e-01 3.481183803375180741e-01 5.767590308464749516e-01 4.205077270107915877e-01 5.695054424698897666e-01
6.353336815868243503e-01 3.296827599732968794e-01 5.709497746292897524e-01 4.163656441359444571e-01 6.201312385865804799e-01
5.897452732951183885e-01 3.065648383881862671e-01 5.393907313258646807e-01 4.403503674110550437e-01 6.660423551304021084e-01
6.206327775836851801e-01 2.563090483841007350e-01 5.084431414977137464e-01 4.549503935475746608e-01 7.225350848663566472e-01
6.807747622405752042e-01 2.228257872803010575e-01 5.016052774710757500e-01 4.233879243601751385e-01 7.332710199592787914e-01
7.233820444045547804e-01 1.933476116085400820e-01 5.038302223379358402e-01 3.678530339986207376e-01 7.061613118856663318e-01
7.709477802156052828e-01 1.795903380691658002e-01 5.111330230501285321e-01 3.005864096188998191e-01 6.723077634292432547e-01
8.006687760353088379e-01 1.709942370653152466e-01 5.156961083412170410e-01 2.585555016994476318e-01 6.511546969413757324e-01
