2.099598497152328491e-01 7.175976037979125977e-01 1.506956070661544800e-01 7.852171063423156738e-01 4.764776825904846191e-01
2.004666503808722744e-01 7.050554137117428510e-01 1.256405143708068939e-01 8.049138516356844075e-01 4.691650157235622287e-01
2.112019378738979880e-01 6.909484442367580526e-01 1.061389822915438791e-01 8.369885020084532057e-01 4.571305834565048687e-01
2.414242354043134586e-01 6.869058374985911319e-01 1.263069719169880867e-01 8.429069255952422735e-01 4.395453843984101772e-01
2.804027965394355060e-01 6.928310421727145174e-01 1.536529697216972301e-01 8.271984333350683727e-01 4.320881211223810414e-01
3.097604776888790989e-01 6.916901733410888431e-01 1.629973534851951178e-01 8.021243236675965615e-01 4.159679650990378286e-01
3.313709396782089089e-01 6.819094008097954518e-01 1.710860792973653011e-01 7.865632191407130325e-01 3.953689186030953095e-01
3.487314820086158673e-01 6.688934728884829983e-01 1.818204878592087348e-01 7.835645581983740060e-01 3.634837932002663030e-01
3.644492864646213248e-01 6.623221022003012992e-01 1.997584098563698896e-01 7.859096673189908122e-01 3.346919945160340415e-01
3.823900885928047111e-01 6.598823693302131588e-01 2.296951176802189964e-01 7.844892888241475903e-01 3.158032396547544862e-01
3.973168248662502511e-01 6.599913465775641974e-01 2.637598755362580705e-01 7.754123392511401702e-01 3.055819739508932598e-01
4.097418687713257901e-01 6.642204343001160138e-01 3.044282073882966233e-01 7.557713567375226038e-01 2.962851713503977247e-01
4.174713193360038987e-01 6.709941930056417814e-01 3.399838230755517499e-01 7.320800591090147469e-01 2.870363175074340800e-01
4.213285956033638313e-01 6.762542568485828687e-01 3.657554352690084443e-01 7.098444440609192885e-01 2.785310489955195590e-01
4.301120764746991787e-01 6.780852719614894886e-01 3.936480419914173967e-01 6.739308060027232594e-01 2.731662298578833026e-01
4.445936768051610977e-01 6.756045911930170789e-01 4.132198208312586329e-01 6.390055443520417100e-01 2.734612275359838418e-01
4.656208720948374902e-01 6.706393930024850958e-01 4.304834513076765123e-01 6.035100267740550750e-01 2.734805123698845208e-01
4.902576734434329064e-01 6.649716968410601670e-01 4.499291589658673818e-01 5.732593851142188113e-01 2.717490710618722938e-01
5.118692560010071890e-01 6.601051673618368865e-01 4.691274096638238245e-01 5.541386093475649810e-01 2.722767340711170214e-01
5.375400980274557261e-01 6.525655027798126229e-01 4.940985617323122026e-01 5.411879977890274862e-01 2.886687973556006925e-01
5.474913497218009129e-01 6.427929507340131021e-01 5.053072398010060029e-01 5.365829178903092078e-01 3.290448978210595565e-01
5.426763521334053708e-01 6.230440777357417748e-01 5.054560524375980579e-01 5.264106709710459908e-01 3.596854577549927767e-01
5.420132958751310293e-01 5.896359754137626696e-01 5.079203538332257573e-01 5.095063938572514939e-01 3.778258074814642153e-01
5.438217099191376969e-01 5.607685862681913713e-01 5.080046164285160204e-01 4.972412957864358884e-01 3.893968715722050944e-01
5.450884097482229240e-01 5.269498855639469515e-01 5.029108367561390125e-01 4.857368644235741106e-01 4.061252148002156837e-01
5.478754839674051524e-01 4.919538891465108366e-01 5.077773665583376062e-01 4.647791609453748030e-01 4.303056809850103748e-01
5.519298667892151844e-01 4.676997723677009389e-01 5.241437275361808812e-01 4.401534457251886079e-01 4.498527321556053948e-01
5.652236015363206745e-01 4.454982743714457349e-01 5.481862058711653996e-01 4.227522495766044552e-01 4.684167881144311041e-01
5.821110814946400813e-01 4.205893909755607507e-01 5.595622166859223201e-01 4.185408409882022118e-01 4.894404496888374867e-01
5.936569049142168542e-01 3.929283480008894380e-01 5.466379447940991065e-01 4.227811285046625955e-01 5.106069202017924358e-01
6.103195222186859059e-01 3.701568112486798845e-01 5.260422961917897711e-01 4.321451763275262481e-01 5.260000498498180743e-01
6.438030888398283968e-01 3.548264297918402588e-01 5.237216821519337095e-01 4.432634803203378548e-01 5.404428014013109571e-01
6.779676588740187748e-01 3.443208279706469477e-01 5.376923505095946298e-01 4.509028746903567808e-01 5.616299075310625666e-01
6.987209285628153133e-01 3.296468746683035023e-01 5.503921506740541147e-01 4.571867545065290694e-01 5.899227062216562123e-01
7.089623540559357728e-01 3.117278983072688803e-01 5.572547772156638546e-01 4.601366208010986281e-01 6.224505175650671962e-01
7.123928464449400533e-01 2.919143157608173889e-01 5.567498474129496389e-01 4.550103700328840817e-01 6.572026757443691913e-01
7.054102162040778445e-01 2.696471306397372758e-01 5.488254023134884196e-01 4.386261589143967132e-01 6.839250661097368011e-01
6.789151296778692668e-01 2.484456029539470756e-01 5.393359037252298815e-01 4.190212013510519196e-01 6.845058403478271325e-01
6.500090803387825744e-01 2.265263879319583395e-01 5.185401705168647402e-01 4.130393060458089627e-01 6.867403083721819179e-01
6.811485896834106324e-01 2.099825325319243374e-01 5.141776473500777600e-01 3.964709163413968063e-01 6.942475812561638149e-01
7.064920253227914282e-01 1.960282062452406160e-01 5.127405608445992913e-01 3.684739489687390845e-01 6.870869696592338816e-01
7.259481054988813353e-01 1.864065866903012736e-01 5.118388742367777633e-01 3.384670794957763684e-01 6.750903515941824029e-01
7.495996005178442445e-01 1.802073367490584221e-01 5.125786554548307228e-01 3.090397410035227166e-01 6.647020724202165054e-01
7.795741400622405726e-01 1.747998004417141704e-01 5.144084131095010282e-01 2.794085238934820858e-01 6.567505764757710640e-01
8.006687760353088379e-01 1.709942370653152466e-01 5.156961083412170410e-01 2.585555016994476318e-01 6.511546969413757324e-01
