2.099598497152328491e-01 7.175976037979125977e-01 1.506956070661544800e-01 7.852171063423156738e-01 4.764776825904846191e-01
1.878650491150303248e-01 6.895648351117595887e-01 1.385484207293684600e-01 7.890374852159599550e-01 4.806470796414614166e-01
1.872867522915103999e-01 6.610600758579607827e-01 1.096503791824545576e-01 8.067367907477793754e-01 4.831301989311574396e-01
2.194205208103592319e-01 6.489338228045539170e-01 9.451311918899295283e-02 8.262825858386854128e-01 4.835670145158934563e-01
2.507430691577132165e-01 6.435467545606590178e-01 9.374865990523224835e-02 8.379697335955750281e-01 4.765172788329125608e-01
2.818743371296857925e-01 6.453681979187047002e-01 1.043266167977760783e-01 8.423967345436105258e-01 4.522504341930170257e-01
3.036730910739192102e-01 6.559770871144605664e-01 1.205268216681732174e-01 8.357931987702774679e-01 4.204754660616273898e-01
3.272982323429976526e-01 6.623519021654129535e-01 1.408199011158732250e-01 8.253661292075682443e-01 3.873140922284702414e-01
3.485388180900396704e-01 6.606284165933120622e-01 1.613389666130675415e-01 8.175948442891801671e-01 3.629185905231218645e-01
3.733145702429579438e-01 6.556037294416380279e-01 2.004725851218386590e-01 8.071517495505421413e-01 3.443256044601760713e-01
3.889555842064216784e-01 6.547240514691683444e-01 2.358639480641191444e-01 7.978541813084940593e-01 3.410526057724401761e-01
4.028916951496554488e-01 6.554761347052925347e-01 2.739700835499292442e-01 7.859412676172661261e-01 3.453428872067007549e-01
4.123722591629990775e-01 6.545708328408040844e-01 3.027750184574333203e-01 7.749955755812211189e-01 3.481866520850776525e-01
4.230801809147985426e-01 6.492557520456868625e-01 3.390006938038513939e-01 7.533971399749986864e-01 3.417454511261067696e-01
4.341582688042877058e-01 6.458999787209357413e-01 3.659657941389046210e-01 7.270113657588339606e-01 3.283685466682369491e-01
4.445926272722359740e-01 6.461299539989008300e-01 3.816951283847907495e-01 7.044245413218396257e-01 3.172114633877027301e-01
4.617561785676598807e-01 6.457014475969082845e-01 3.981604364353101277e-01 6.678271301855158715e-01 3.067529395911147705e-01
4.736406883434964299e-01 6.401933735909988155e-01 4.092061830702001246e-01 6.355640185984828827e-01 3.050261849658035818e-01
4.785863590930384270e-01 6.288509980940366617e-01 4.175002916302410494e-01 6.036400230058053262e-01 3.126619985527097634e-01
4.743861621268468665e-01 6.117211652370168062e-01 4.259439622195311248e-01 5.690668038695284592e-01 3.353077514635741663e-01
4.715395269321350225e-01 5.983496666768600702e-01 4.366688616359685748e-01 5.435597367525494272e-01 3.593033248566886440e-01
4.828494446404597573e-01 5.857633575643158563e-01 4.573810756438030922e-01 5.177625332679895998e-01 3.822563476640069013e-01
5.101899608047341106e-01 5.764184074440096284e-01 4.817190864918754478e-01 4.977306583627552627e-01 3.940526605340797794e-01
5.440150580476419417e-01 5.706373859002996651e-01 5.049581431696622547e-01 4.863333929697140068e-01 4.009586802779346870e-01
5.731146568496625626e-01 5.668329998832367655e-01 5.247654372501786568e-01 4.803330599377966248e-01 4.090178892061570592e-01
5.981363577777043528e-01 5.545245562354901292e-01 5.572589062670321169e-01 4.692885655671334977e-01 4.280981761154307175e-01
5.856801912741732563e-01 5.341113029184128003e-01 5.681137125839235136e-01 4.612374137653086348e-01 4.417892731701463238e-01
5.598653958250823237e-01 5.041261543885920959e-01 5.547607352476019438e-01 4.548686373067168387e-01 4.530325098007811913e-01
5.544218913410760008e-01 4.702574979984726067e-01 5.414169174239298332e-01 4.440647726830960762e-01 4.683996006812474189e-01
5.705811922084440546e-01 4.424055966921657812e-01 5.413825267922391937e-01 4.294715039875038887e-01 4.861370177597558739e-01
5.726623391076558489e-01 4.080976455613766207e-01 5.423584287258551573e-01 4.190735784521023022e-01 5.159465814471296818e-01
5.566575504870393543e-01 3.841481386813789811e-01 5.272515269483222244e-01 4.271777729831482961e-01 5.464284365892846385e-01
5.542856353144636206e-01 3.600962166612217685e-01 5.129039248651486860e-01 4.378489739279559090e-01 5.804398263080867704e-01
5.625903809613219675e-01 3.377339075197206553e-01 5.117223605491333371e-01 4.521877140221018387e-01 6.121984266631609328e-01
5.790776666867405442e-01 3.203951317368334828e-01 5.286775677806268003e-01 4.700487957404883010e-01 6.374774479100592250e-01
5.983146107306845929e-01 2.980892814585825445e-01 5.396268391019412025e-01 4.763690639178719821e-01 6.662430331238569092e-01
6.171853946634443533e-01 2.764189010809802172e-01 5.401237295051032339e-01 4.719744537294568443e-01 6.896628020676234261e-01
6.365728109938526558e-01 2.538223823866288531e-01 5.348882528877192399e-01 4.612845580471321427e-01 7.069321839016922127e-01
6.404590425791990560e-01 2.311936972936353141e-01 5.117200662966333580e-01 4.430666493974564912e-01 7.153888540358915860e-01
6.590924067325983904e-01 2.183913427023845277e-01 5.009920303204893344e-01 4.083344841709989348e-01 7.092470847815934842e-01
6.945472170611732832e-01 2.103052125893223601e-01 5.134632651397408321e-01 3.850344940505064928e-01 6.954601566626287257e-01
7.217023646185685148e-01 1.990804059152520289e-01 5.168293467137977659e-01 3.517239348318371706e-01 6.810095506219119299e-01
7.474750889979104862e-01 1.885510429883599515e-01 5.159242554025265104e-01 3.173321946505305302e-01 6.688659708223855249e-01
7.770393450336937624e-01 1.787932327219927675e-01 5.157974546765375923e-01 2.846649873911289985e-01 6.590223095742016035e-01
8.006687760353088379e-01 1.709942370653152466e-01 5.156961083412170410e-01 2.585555016994476318e-01 6.511546969413757324e-01
