2.099598497152328491e-01 7.175976037979125977e-01 1.506956070661544800e-01 7.852171063423156738e-01 4.764776825904846191e-01
2.462042249325117338e-01 7.322782982259655737e-01 1.655673931453500725e-01 8.406134256240159752e-01 4.641491005198157271e-01
2.794608247206158969e-01 6.903844969353428729e-01 1.722175146811258106e-01 8.450523695479550401e-01 4.228323442562339496e-01
3.049165248373438275e-01 6.438318145478465482e-01 1.650045990079063440e-01 7.963272141625907796e-01 3.738236737291398271e-01
3.547197300337712189e-01 6.603143098258891230e-01 2.007608445718611911e-01 7.502803318512331066e-01 3.768526583944780683e-01
3.899560290999944390e-01 6.555954728864197278e-01 2.431027879196690500e-01 6.991810125305206736e-01 3.710564128517287452e-01
4.320798320075324717e-01 6.469859601101534130e-01 3.015481213188495602e-01 6.281987020590004134e-01 3.626355581189812938e-01
3.957280470250462701e-01 6.352501857113641570e-01 3.676539432094180770e-01 5.905374502617742882e-01 3.537351107012344786e-01
4.333142575515146477e-01 6.179606883125641215e-01 4.212653339555402776e-01 5.944414348804000214e-01 3.404857167475330293e-01
4.868215761432507782e-01 5.912214528708209516e-01 4.692499186864778626e-01 5.656008013808044854e-01 3.390358950224894863e-01
5.554032535038435636e-01 5.776648371536995397e-01 5.322104170139883017e-01 5.088423556628698385e-01 3.459018872220677721e-01
6.261198432312178319e-01 5.823330955436409884e-01 5.585998544209989092e-01 4.975754301472574137e-01 3.431180070985873631e-01
7.008541484638610708e-01 5.652261322172988933e-01 5.857680570638422735e-01 4.657731369249631381e-01 3.453643832110970258e-01
7.150841267498098119e-01 5.237541324596576287e-01 5.923604702514100318e-01 4.408475746545356677e-01 3.816986698419486679e-01
7.191925356943299485e-01 4.666547103311188827e-01 5.984567587884436213e-01 4.269141684311859586e-01 4.337662051813412356e-01
7.054099963755687819e-01 3.966867535313725046e-01 6.011051484401214173e-01 4.389839952720762106e-01 5.057631317420606676e-01
6.657286907733269699e-01 3.589479430451861242e-01 5.771766079319061715e-01 4.400066995346733623e-01 5.564882469171625878e-01
5.820295126941118502e-01 3.214475276796979197e-01 5.311826476635186367e-01 4.304167373607589164e-01 6.042441912356003586e-01
5.517646443814596680e-01 2.832252154827644142e-01 5.013043275678986666e-01 4.359876302524781644e-01 6.561037112014844741e-01
5.785673308657901526e-01 2.451380782662018198e-01 4.902247167556804119e-01 4.409048501866928982e-01 7.195256189890486542e-01
6.594489840772631561e-01 2.180951786139392057e-01 5.048173738721900561e-01 4.316527230061526499e-01 7.583367065316299893e-01
7.211320479163462194e-01 1.953425654743574935e-01 5.196513423189871306e-01 3.818134181983502962e-01 7.283943412158960795e-01
7.698662904441443411e-01 1.804956074697421642e-01 5.174742167962804729e-01 3.059061056915957089e-01 6.810564980962336978e-01
8.006687760353088379e-01 1.709942370653152466e-01 5.156961083412170410e-01 2.585555016994476318e-01 6.511546969413757324e-01
