2.099598497152328491e-01 7.175976037979125977e-01 1.506956070661544800e-01 7.852171063423156738e-01 4.764776825904846191e-01
1.993017395172652084e-01 6.859820504544642539e-01 1.407876779036220938e-01 7.808272722580279490e-01 4.696357806175674443e-01
2.136655694565989250e-01 6.711875748324958035e-01 1.589543618207896747e-01 7.685004228161224082e-01 4.474087617740665213e-01
2.027139538979320643e-01 6.705059289260780764e-01 1.578980370257594135e-01 7.708561637631280439e-01 4.110789620784214837e-01
2.180129055013149963e-01 6.688966450060418456e-01 1.664385436854431966e-01 7.663848740140923876e-01 3.798388858675988966e-01
2.446582281078205912e-01 6.672038358174691153e-01 1.814802517347994804e-01 7.586281750738372853e-01 3.632536538682638039e-01
2.800952585410030338e-01 6.652351782363590260e-01 2.041921652010315058e-01 7.493670485044502394e-01 3.535909424069493268e-01
3.063995089855053866e-01 6.631191830510847485e-01 2.216576793396660972e-01 7.429681309119802179e-01 3.485612157842666314e-01
3.363859503413010321e-01 6.575618552592172872e-01 2.409135569684144607e-01 7.342201235951569815e-01 3.423016740325819374e-01
3.670302499219300629e-01 6.465602229259916900e-01 2.611024273695288223e-01 7.185932470184629439e-01 3.317687191104474742e-01
3.882120138510549157e-01 6.365437489383080072e-01 2.780355825477353604e-01 7.017087085905536759e-01 3.209421199254020030e-01
4.037683252854390448e-01 6.285860114233714491e-01 2.957382385236910771e-01 6.834643494939823816e-01 3.095217348368602961e-01
4.153121126992618262e-01 6.229093724739838134e-01 3.198811159755990396e-01 6.601711132760205158e-01 2.944650577014152337e-01
4.207220798148640362e-01 6.180840645497930330e-01 3.433307425646884847e-01 6.354919287384768189e-01 2.805709661401734056e-01
4.258111359502733118e-01 6.065405393702690828e-01 3.636478752051062746e-01 6.071705368402500191e-01 2.735236095925706601e-01
4.348266929885307719e-01 5.916144382661470136e-01 3.798075289777268493e-01 5.832918255910907179e-01 2.769249384590431462e-01
4.490610906044876227e-01 5.778515438426331530e-01 3.978452968266829037e-01 5.585622034459879481e-01 2.901915204394542869e-01
4.594737801561830093e-01 5.699042314732001291e-01 4.136009534697986378e-01 5.332695511943991162e-01 3.061528935562063403e-01
4.629981192557985903e-01 5.618913387692305861e-01 4.285886510540219962e-01 5.065678196724355820e-01 3.278459358828119674e-01
4.627743083589012096e-01 5.496283955775604912e-01 4.401826869835427924e-01 4.895708200554654832e-01 3.563315579741717642e-01
4.665805838795761828e-01 5.348941053215853225e-01 4.486273561709710478e-01 4.837260674008234673e-01 3.875598120909233835e-01
4.783661834494333798e-01 5.215684522924698419e-01 4.580541519602548406e-01 4.829282867143122049e-01 4.167683243924727998e-01
4.971317649964716034e-01 5.108906663256116421e-01 4.717991643545219604e-01 4.827385834212410409e-01 4.400832036826079485e-01
5.145621791588524951e-01 4.845732543574345352e-01 4.856473445261882960e-01 4.734461595172299586e-01 4.456543150408519005e-01
5.065591032142628958e-01 4.550793408880442481e-01 4.791191812035425213e-01 4.645705479763931334e-01 4.679209335294218230e-01
5.138621231098153830e-01 4.439989712911107667e-01 4.908876521989751773e-01 4.707903540728098357e-01 4.984010495163628263e-01
5.227778867070592694e-01 4.374912163186991387e-01 5.083925312197876689e-01 4.813932564624261445e-01 5.233433439241742535e-01
5.343274412071767898e-01 4.285161816562780279e-01 5.327072931975856962e-01 4.911695597905181288e-01 5.482870123636225390e-01
5.451165227787839740e-01 4.165219633875369976e-01 5.526719182949109133e-01 4.949670850747753814e-01 5.725243459623448050e-01
5.533860265286414393e-01 4.005311805561041494e-01 5.607929161205484903e-01 4.968123582307560904e-01 6.059808540527763521e-01
5.577175802008588201e-01 3.832852551978508937e-01 5.547038512307705949e-01 4.943245820983351302e-01 6.373153894224171667e-01
5.618207026809103333e-01 3.655524642336020480e-01 5.420858141839821620e-01 4.840625007754811304e-01 6.608916225743949324e-01
5.695319286351571142e-01 3.407490346431249484e-01 5.270873481544646744e-01 4.642723264251039095e-01 6.778984474843864350e-01
5.721197661350568842e-01 3.135859303122492947e-01 5.124877542098091876e-01 4.472594145361805107e-01 6.810929861367719385e-01
5.671611264944989017e-01 2.861644696324119885e-01 5.010614959365659038e-01 4.403298931746002509e-01 6.893917686389258170e-01
5.831432823728626147e-01 2.646164626257658248e-01 5.148401824508376246e-01 4.402100287006624479e-01 7.159427385965914103e-01
6.155853709938280405e-01 2.549240027325753721e-01 5.361683711134394015e-01 4.324022480742614749e-01 7.136160011163922290e-01
6.339775163924887824e-01 2.557030528905778755e-01 5.526026292612744584e-01 4.221753707479279361e-01 6.915086757585784394e-01
6.484699429276890026e-01 2.402135881837845488e-01 5.519332987442400196e-01 4.005803866031321658e-01 6.769738830035212374e-01
6.732240085318962342e-01 2.237237720514999306e-01 5.406833250845114458e-01 3.841668472136118284e-01 6.796036382960749522e-01
7.063026032697908851e-01 2.134251529416701654e-01 5.396717023679367120e-01 3.682304314901843068e-01 6.765004538928994782e-01
7.373471834678907433e-01 2.025819029420608541e-01 5.367184936315593236e-01 3.424306492264267976e-01 6.693796591042773247e-01
7.617770253416681348e-01 1.913301232223453552e-01 5.300867165913262236e-01 3.131203726178676261e-01 6.626883106827242687e-01
7.843270189859364860e-01 1.795390853952264776e-01 5.217428359793850889e-01 2.814828795643113946e-01 6.560009563743109950e-01
8.006687760353088379e-01 1.709942370653152466e-01 5.156961083412170410e-01 2.585555016994476318e-01 6.511546969413757324e-01
