2.099598497152328491e-01 7.175976037979125977e-01 1.506956070661544800e-01 7.852171063423156738e-01 4.764776825904846191e-01
1.869482886177634695e-01 7.057234438881141436e-01 1.423051301387337209e-01 7.801379845531439816e-01 4.572326598040082901e-01
1.687059509885482922e-01 6.775875844518555180e-01 1.303883225937974566e-01 7.727657163575514243e-01 4.417517873591643718e-01
1.829504125471436426e-01 6.670140060487116385e-01 1.420499456104316049e-01 7.769376262553736590e-01 4.068383328636469010e-01
2.175727906666095890e-01 6.675250637060016201e-01 1.614217689724785909e-01 7.775932529820571704e-01 4.166976446533142142e-01
2.500442319293995630e-01 6.601250548430329657e-01 1.806288077747085774e-01 7.646045340158634795e-01 4.012107860975493434e-01
2.688982751732479914e-01 6.551411916067879648e-01 1.924484630318968881e-01 7.553949123709973179e-01 3.850198488662096019e-01
2.936292108174533011e-01 6.499659268520014965e-01 2.087607020149272463e-01 7.453178518977158218e-01 3.593693680846107297e-01
3.240212313324424831e-01 6.427068448733753714e-01 2.281353137826368505e-01 7.366247841302716592e-01 3.322306363196936840e-01
3.523757790521646061e-01 6.345815728267348854e-01 2.453402335873528239e-01 7.311796125036955640e-01 3.147410835189040079e-01
3.841489268111724087e-01 6.280985435754088408e-01 2.653780075566177232e-01 7.310531256244703346e-01 3.066086643949149093e-01
4.107087111827671944e-01 6.303457350619035005e-01 2.928753353055284503e-01 7.352090372852381206e-01 3.263474585834894581e-01
4.304451723119076534e-01 6.267732866872839370e-01 3.109955527993933933e-01 7.273170616616587703e-01 3.517661000338243027e-01
4.414555358345713110e-01 6.188272485362906750e-01 3.243449427008464059e-01 6.952975110868337971e-01 3.381476444768585221e-01
4.284949981005124475e-01 6.188451865346893399e-01 3.291773649677663949e-01 6.689085328190766955e-01 3.161561361372496326e-01
4.168898123412610457e-01 6.195226954274380970e-01 3.411866403877379939e-01 6.361372211770472962e-01 2.952173682842393343e-01
4.089405660245338803e-01 6.229558637163957746e-01 3.608385272871529881e-01 6.039218979226407269e-01 2.805409850239318215e-01
4.050565999225215208e-01 6.277554937249182343e-01 3.860156386479237645e-01 5.779076489098332603e-01 2.746989853228307688e-01
4.145504959832659875e-01 6.211430206882704308e-01 4.067316690192093187e-01 5.464245336315065593e-01 2.816465278176509823e-01
4.331501750302237386e-01 6.104571769358342337e-01 4.161670726852040869e-01 5.236890725483644982e-01 2.963945621317019552e-01
4.560427559633065120e-01 5.995066213920198228e-01 4.295591363786662731e-01 5.018104533366213316e-01 3.144296701323883170e-01
4.791469696933799427e-01 5.866502915329977474e-01 4.492781877548030489e-01 4.866359185762045847e-01 3.320123188009885817e-01
4.965190981390311120e-01 5.620024478897813758e-01 4.452183439412907839e-01 4.831811302477174719e-01 3.588809766369026044e-01
5.145835245152841075e-01 5.426280656590939389e-01 4.492495142928532026e-01 4.702460359959202418e-01 3.812312281686910387e-01
5.241800717151055000e-01 5.188894769283846076e-01 4.629473702093164778e-01 4.511022506121000752e-01 3.973035369104664372e-01
5.148825178082441223e-01 5.008229632474442417e-01 4.827686789702286818e-01 4.419396356429022843e-01 4.174940828107380764e-01
5.034767979538666838e-01 4.929891577191441998e-01 5.028868458698942945e-01 4.565266284905922234e-01 4.453945335757186208e-01
5.011786217606548632e-01 4.879528128234530415e-01 5.171965234278426138e-01 4.824683210776034570e-01 4.745748493944629831e-01
5.101563488653838574e-01 4.740111419604572940e-01 5.273443783574047750e-01 4.988681924205196627e-01 5.041703390545094754e-01
5.262423622556350322e-01 4.510383767481100370e-01 5.328065637571745006e-01 4.983843897961983127e-01 5.280173009605914070e-01
5.428213532352503812e-01 4.205366118838707590e-01 5.349575622373801131e-01 4.838232749542223377e-01 5.430458681027050538e-01
5.559542575501450479e-01 3.931226338276211929e-01 5.314733316775244187e-01 4.626197486213691201e-01 5.456734924354466054e-01
5.642897738017266240e-01 3.693892808374768522e-01 5.149994560563651014e-01 4.426894280836692896e-01 5.451602466791898305e-01
5.631268728577721872e-01 3.461058536566178900e-01 4.852594296725750156e-01 4.276573880212751755e-01 5.566032427922595893e-01
5.547858718781079057e-01 3.284789368234536377e-01 4.674456131337528797e-01 4.217398759549811915e-01 5.820374826974239468e-01
5.491390355947280977e-01 3.096165634028169023e-01 4.647549574263885042e-01 4.189831041257308097e-01 6.112481166552647949e-01
5.525658839331994976e-01 2.846386231803931244e-01 4.705865239686569668e-01 4.147480113378487765e-01 6.407300014512807840e-01
5.710602296420445034e-01 2.554714699439715742e-01 4.762322125529385719e-01 4.023379397621347220e-01 6.652727135822099624e-01
5.975694056878262383e-01 2.358710256871336119e-01 4.760559057019799756e-01 3.835451167038058662e-01 6.759849838304893277e-01
6.324355084820542094e-01 2.206651011049752253e-01 4.768583181255230952e-01 3.599415288093792964e-01 6.786271239868487681e-01
6.671965721396068139e-01 2.100735389397850594e-01 4.825313015139700568e-01 3.387632950256670439e-01 6.743671228430404563e-01
7.015539556633553220e-01 2.000550793251124615e-01 4.907185484927493735e-01 3.182235278225755137e-01 6.683719315461313926e-01
7.362601954161290818e-01 1.898941592580223603e-01 4.993672067665476111e-01 2.973704429945259742e-01 6.623407146279964852e-01
7.715553112816034842e-01 1.795372326307430044e-01 5.083152454827161160e-01 2.761003290259932408e-01 6.562109134970434132e-01
8.006687760353088379e-01 1.709942370653152466e-01 5.156961083412170410e-01 2.585555016994476318e-01 6.511546969413757324e-01
