2.099598497152328491e-01 7.175976037979125977e-01 1.506956070661544800e-01 7.852171063423156738e-01 4.764776825904846191e-01
2.265621122572443191e-01 7.285824175371828915e-01 1.409316676979451566e-01 8.259379425896153926e-01 4.729480749036722997e-01
2.506700050793069234e-01 7.442243963868439005e-01 1.272302585583840739e-01 8.844148236351685455e-01 4.700919150199269758e-01
2.702869348082790890e-01 7.108657005779602800e-01 1.411356374304743033e-01 8.470559310063192626e-01 4.427390613923612439e-01
2.928148385540196852e-01 6.768112146220748304e-01 1.467731513919005581e-01 8.124432758319832804e-01 4.136930375364671342e-01
3.222250443538596243e-01 6.439602797479984098e-01 1.596315489986155356e-01 7.892824101165124562e-01 3.859261823738514563e-01
3.589118488091866399e-01 6.467505216827503789e-01 1.875198710345133690e-01 7.692969344002542620e-01 3.680751970114712335e-01
3.916863114881111718e-01 6.616494546741099603e-01 2.227384344482646605e-01 7.436523242054385863e-01 3.314310537984934135e-01
3.969501234629636555e-01 6.643039622694838497e-01 2.424049426829896214e-01 7.160199028993019521e-01 2.930292322147219908e-01
3.746058693263091821e-01 6.602602802405913573e-01 2.792036411576813704e-01 6.785668358173941872e-01 2.679922929363777184e-01
3.498760508465855734e-01 6.423929999375647126e-01 3.278377845353747655e-01 6.386628261596479783e-01 2.733628265776882893e-01
3.894425258906991649e-01 6.313472027380592211e-01 3.628726296534617313e-01 6.153830134180251488e-01 2.508598045792717057e-01
4.335786079611023136e-01 6.270893578748083508e-01 4.047811216846927684e-01 6.339296261884413974e-01 2.278553738074352575e-01
4.628569333858084667e-01 6.150268461791342789e-01 4.478961693375327346e-01 6.185417472851358900e-01 2.199947910345222968e-01
4.689854255260134663e-01 5.909980629959988851e-01 4.658503960415940615e-01 5.666416123285169526e-01 2.470216568701224247e-01
4.667005565771397690e-01 5.767701044871116345e-01 4.682286698945919978e-01 5.351434028320872782e-01 2.700844824603437777e-01
4.627360950964445330e-01 5.516516084438786161e-01 4.661542488557683384e-01 4.927097039187842697e-01 3.201846518119134677e-01
5.040241622647525510e-01 5.520449524563468824e-01 4.891854057872837003e-01 4.687908271020025386e-01 3.664805911094023427e-01
5.527239893221294054e-01 5.626978584174302522e-01 4.975476291690162922e-01 4.678046309140270198e-01 3.620249154072398556e-01
6.126907594233268473e-01 5.719594800620358965e-01 5.036887693830975898e-01 4.730370428975057551e-01 3.505471485393585884e-01
6.422573384488463599e-01 5.452831469687091648e-01 5.364455501403233573e-01 4.826652215669229307e-01 3.847060740545139579e-01
6.486065395836493330e-01 5.221410652164627519e-01 5.822156802848762469e-01 4.832113710384092764e-01 4.158426380817670243e-01
6.514662709384450023e-01 5.062965572827937688e-01 5.945840866770792932e-01 4.870100356219284055e-01 4.657652988267100280e-01
6.537266860582535699e-01 4.728501636796890173e-01 6.001598778633745468e-01 4.758329017550503859e-01 5.111706100392424679e-01
6.661454745215766859e-01 4.240215444667350120e-01 6.011588567749298617e-01 4.598780708778231752e-01 5.410208448264314240e-01
6.953221941505158821e-01 3.911687406562242564e-01 5.978364381731168242e-01 4.675375509083669612e-01 5.709736652835276649e-01
7.272574576755107545e-01 3.631314256216491843e-01 5.860675037749575322e-01 4.764620022359917773e-01 6.090375693007545888e-01
7.450164110928775285e-01 3.193938205970716093e-01 5.909889079010909319e-01 4.729031257337360517e-01 6.642706171609997767e-01
7.427485649265492818e-01 2.684692126701803683e-01 5.766166851904350743e-01 4.582384382544824608e-01 6.905956689210386301e-01
7.425799428073226460e-01 2.189329689441895654e-01 5.539852475574924551e-01 4.345595408787421565e-01 6.921901524109660420e-01
7.434935034971383860e-01 1.943135275767643444e-01 5.378801794147437532e-01 3.766509417680479754e-01 6.816773401034735835e-01
7.791020819882092940e-01 1.804648455725412215e-01 5.258040800757922684e-01 3.080750391018761136e-01 6.642124138174945180e-01
8.006687760353088379e-01 1.709942370653152466e-01 5.156961083412170410e-01 2.585555016994476318e-01 6.511546969413757324e-01
