2.099598497152328491e-01 7.175976037979125977e-01 1.506956070661544800e-01 7.852171063423156738e-01 4.764776825904846191e-01
2.212128858670935894e-01 6.880903803023100673e-01 1.399336086036282456e-01 7.813678629582417878e-01 4.622322066944840602e-01
2.496739648118223021e-01 6.742168648416947407e-01 1.204938826252076739e-01 7.914518271601393984e-01 4.554700007439347331e-01
2.852032508136987943e-01 6.639678223708840310e-01 1.160430976782431678e-01 8.004251980164911462e-01 4.554124586208704306e-01
3.166491326351116298e-01 6.523439533896063791e-01 1.279161328237754525e-01 8.017478750182751579e-01 4.486847581970934695e-01
3.370481273656810717e-01 6.447551284657163650e-01 1.500435622954812698e-01 7.950568744012876943e-01 4.322533835221923360e-01
3.469286096476476566e-01 6.486332932667967510e-01 1.741372325449479508e-01 7.822783772053646389e-01 4.056190493107389994e-01
3.512765958866553850e-01 6.690902082674213824e-01 1.822792818704425943e-01 7.723696698912536629e-01 3.709574367428802866e-01
3.639058072878562089e-01 6.818240675941201756e-01 2.006624430306844509e-01 7.574115287588798484e-01 3.432550455859827432e-01
3.790874256403076736e-01 6.829405938182141478e-01 2.336960817016576208e-01 7.418194363296494176e-01 3.307045807472240861e-01
3.936425037993671605e-01 6.865514292154132336e-01 2.667470933649271347e-01 7.290270548442752130e-01 3.197570087296083829e-01
4.038485893508185209e-01 6.913416075299443353e-01 2.886709114676754284e-01 7.209568287190005753e-01 3.107803089993719792e-01
4.191732377360790629e-01 6.995523133465368915e-01 3.182511840032176131e-01 7.099976876880211840e-01 2.965687505531359180e-01
4.354059892049818581e-01 7.035979811344504897e-01 3.528996327955660761e-01 6.959575873785955880e-01 2.842865800938763066e-01
4.458861395261531912e-01 6.918478278616329025e-01 3.879645106414170708e-01 6.788793125125984762e-01 2.804475675771085363e-01
4.534722414308063887e-01 6.747333812242066742e-01 4.084633555357424783e-01 6.641137498984673870e-01 2.806422191828820134e-01
4.621965398290506788e-01 6.586233887460054559e-01 4.292282386401906624e-01 6.368216143300854393e-01 2.940447192782283947e-01
4.725229546481471976e-01 6.539844082830391647e-01 4.474492385182450849e-01 6.096790508752009119e-01 3.143418054685094276e-01
4.878602100088613724e-01 6.514104237592016622e-01 4.655935876550901242e-01 5.851442338399450716e-01 3.334418041488279028e-01
5.053212586329562939e-01 6.455186051985271067e-01 4.804210380525871238e-01 5.647754793303364496e-01 3.488060073233082425e-01
5.218685948227737015e-01 6.249896727390036322e-01 4.940215993728154231e-01 5.425780849116915716e-01 3.659461829483368067e-01
5.226553395250194134e-01 5.984466313939513782e-01 5.062158960207373548e-01 5.260977536103609298e-01 3.799634177956236480e-01
5.270866715327671148e-01 5.704137268230200508e-01 5.207243074769210001e-01 5.214022524399880565e-01 3.971669808804831336e-01
5.327318583576755584e-01 5.532397950313171497e-01 5.197897726898210724e-01 5.092715287527570522e-01 4.229786419383472773e-01
5.215835506205257488e-01 5.290649836639298442e-01 5.188777453984518839e-01 4.892430216151292810e-01 4.384724044648828367e-01
5.154255995413032920e-01 4.921432293946587100e-01 5.136164478879728934e-01 4.698118308725360848e-01 4.534990982275195481e-01
5.231682946197007134e-01 4.602819859450462681e-01 5.106691749717496842e-01 4.583955083584038692e-01 4.665964075176022297e-01
5.441618127955998307e-01 4.306425189146979582e-01 5.160342515700423460e-01 4.505322852641091558e-01 4.824862433941464190e-01
5.688310334182317130e-01 4.049514728806322683e-01 5.259715871529767606e-01 4.479578404329232488e-01 5.011861357253193372e-01
5.883517302013204775e-01 3.795022781165261483e-01 5.311399385219381930e-01 4.465946678172179607e-01 5.245179676461623197e-01
6.062318660848748930e-01 3.575736660334782324e-01 5.334852498691315947e-01 4.429743949741902220e-01 5.493315502665907513e-01
6.213449498684930905e-01 3.414164935737749040e-01 5.352181983458671466e-01 4.393177044958014865e-01 5.775622337487147373e-01
6.284335148827222550e-01 3.296214063615936496e-01 5.358596168730401788e-01 4.370526187143005115e-01 6.090263006623717335e-01
6.275546309257500344e-01 3.129562533127929203e-01 5.351940708645146483e-01 4.331352887802045193e-01 6.478938446757008807e-01
6.279897821960227500e-01 2.878715802962004688e-01 5.356139676107566361e-01 4.249352536557458593e-01 6.794823491544992322e-01
6.421574101293098247e-01 2.661859737027971740e-01 5.404052307111902875e-01 4.149968712849458896e-01 6.958325310556942034e-01
6.729765632040394241e-01 2.524471484755811956e-01 5.519476122972584164e-01 4.029824554674957815e-01 7.010561440648708231e-01
7.023617713966540110e-01 2.413255272475974822e-01 5.605683353754449261e-01 3.887810736604864759e-01 7.057341923385744842e-01
7.224787604706478517e-01 2.168768735508266876e-01 5.516045293523256232e-01 3.615252360169612933e-01 7.010875657912333248e-01
7.434484555801916805e-01 2.052877144175604129e-01 5.444188616271929959e-01 3.361911139689393035e-01 6.807173594415190099e-01
7.649670989354915296e-01 1.936364776022417855e-01 5.350224860804431160e-01 3.096178199641339002e-01 6.692268126554701269e-01
7.852858401510175446e-01 1.807501970859727858e-01 5.240233482298897183e-01 2.805569434180766875e-01 6.589415075314257741e-01
8.006687760353088379e-01 1.709942370653152466e-01 5.156961083412170410e-01 2.585555016994476318e-01 6.511546969413757324e-01
