2.099598497152328491e-01 7.175976037979125977e-01 1.506956070661544800e-01 7.852171063423156738e-01 4.764776825904846191e-01
2.452641726064922756e-01 7.228035996537420793e-01 1.393163339896318909e-01 8.237039770243396175e-01 4.764663742695983695e-01
2.923355935629887159e-01 7.118647222453073908e-01 1.319239599519521633e-01 8.601789288389171118e-01 4.406591249471520921e-01
3.094992052079037492e-01 6.906028123819458742e-01 1.410456867787048818e-01 8.235793415006643636e-01 4.013550619067459690e-01
3.186943201233042866e-01 6.828283703320717768e-01 1.705849462537983308e-01 7.705915157633353996e-01 3.837769540767360099e-01
3.133517363605419215e-01 6.875510420053553284e-01 1.937546304783235585e-01 7.322233058952035689e-01 3.574331440761443490e-01
2.940949548767608501e-01 6.873053632181834738e-01 1.992968122272893161e-01 7.053183623535670410e-01 3.118124443610252872e-01
3.163661401180504207e-01 6.680897145780897439e-01 2.325096901110131342e-01 6.869060328616295452e-01 2.712735072204325859e-01
3.577844515524646329e-01 6.681562176772896100e-01 2.914414240100258735e-01 6.768435839303982293e-01 2.615412924399073691e-01
3.956589573061541354e-01 6.602019508565146744e-01 3.308243189970569986e-01 6.667889597887519670e-01 2.567017913039993382e-01
4.362223246092561402e-01 6.296177248960082018e-01 3.751539969129739638e-01 6.538541331129119616e-01 2.737365356807723860e-01
4.603795101087822528e-01 6.137582857397185787e-01 4.195400013073326551e-01 6.597388945009666772e-01 3.042614876657759315e-01
4.913749589151939490e-01 6.134322385185990711e-01 4.479851739405916744e-01 6.218140426539385812e-01 3.297111196562939606e-01
5.114796239537491296e-01 6.146029813653839380e-01 4.577104146186011802e-01 5.799017914913028315e-01 3.423022870040371424e-01
5.350552193107585008e-01 6.034047103081826569e-01 4.814605153612153687e-01 5.264031474055033133e-01 3.654929599551758335e-01
5.648459496718941653e-01 5.858968328768687783e-01 5.146119053676819766e-01 4.969210061018893287e-01 3.785408623087567204e-01
6.101520224586169938e-01 5.766418303652368627e-01 5.505797128060636592e-01 4.959976648814121702e-01 3.719159602228962469e-01
6.519561367473547531e-01 5.520590956843958175e-01 5.762137344237062697e-01 4.902466297539944673e-01 3.726716291389722824e-01
6.504901112348911996e-01 5.035827854171543994e-01 5.802976678401119415e-01 4.571972034676738961e-01 3.998141378619128883e-01
6.576372242350256858e-01 4.632064958171339675e-01 5.846942851222746151e-01 4.368642097253764289e-01 4.239934539232806388e-01
6.872348757861079793e-01 4.184967525536257837e-01 5.936009010094109861e-01 4.216554243175412720e-01 4.546309297254009230e-01
7.194112471264292319e-01 3.819630067245891047e-01 5.934053865160158203e-01 4.134485249752488656e-01 4.885364688189421933e-01
7.301662408615555711e-01 3.581869815971964743e-01 5.834085767782776211e-01 4.326509018491231373e-01 5.274639107217917733e-01
7.194154832473067529e-01 3.475390316639934141e-01 5.867525167409423092e-01 4.717514656446581411e-01 5.698098136937124192e-01
7.105139831331204192e-01 3.269800754786200137e-01 5.872830991202863116e-01 4.840068705490498946e-01 6.265833902450457238e-01
7.049540507504062914e-01 2.943470090250611682e-01 5.894227236263598346e-01 4.689375627974735061e-01 6.800996751961571052e-01
7.125955171514761766e-01 2.567424425644808106e-01 5.762385762239508047e-01 4.607779434750588488e-01 7.195193440274394447e-01
7.059191474540286171e-01 2.158515774470480819e-01 5.468061903342160690e-01 4.583460486785455590e-01 7.513243660330769513e-01
6.950823673172794592e-01 1.981487648168264448e-01 5.285461521349028580e-01 4.138386213794812418e-01 7.239182759275123447e-01
7.320740066608721897e-01 1.924914175933942762e-01 5.206178781153002477e-01 3.705156006304904936e-01 6.949205378984765202e-01
7.736000682534674988e-01 1.785340924232240167e-01 5.162048710105998639e-01 3.022784804499673572e-01 6.687889732631802087e-01
8.006687760353088379e-01 1.709942370653152466e-01 5.156961083412170410e-01 2.585555016994476318e-01 6.511546969413757324e-01
