2.099598497152328491e-01 7.175976037979125977e-01 1.506956070661544800e-01 7.852171063423156738e-01 4.764776825904846191e-01
2.558758574359025761e-01 7.146136903923606676e-01 1.710887158004240349e-01 8.013132929431104889e-01 5.021765013081783691e-01
3.175032313908533466e-01 6.984014104022667757e-01 1.615385328729734282e-01 7.834591392398227994e-01 5.227259696398792732e-01
3.286511224454342628e-01 6.707475244160442385e-01 1.568283143035071325e-01 7.925127627741037628e-01 4.726633760924347505e-01
3.357744299399205157e-01 6.642065939185851642e-01 1.805260445523033108e-01 8.009052884397510619e-01 4.321835657411420284e-01
3.611310003105808741e-01 6.778484968448247328e-01 2.180850250812005897e-01 7.582639612372521487e-01 3.979434904866308575e-01
3.858635046728646212e-01 6.915619330607770676e-01 2.541659537984389816e-01 7.158448116724958066e-01 3.657912041338526876e-01
4.253839262165559632e-01 6.939274196831457520e-01 2.910025791301535936e-01 6.925776247679227282e-01 3.509939475905129447e-01
4.300344882133721458e-01 6.609654080001509113e-01 3.497565319051659793e-01 6.712177464354672773e-01 3.481283327340086720e-01
4.570621406974227918e-01 6.536424346252961426e-01 4.011272260941354806e-01 6.640699397211767829e-01 3.592850454782829384e-01
4.780796216338476512e-01 6.302114484739821387e-01 4.440241648233850813e-01 6.242558588032031119e-01 3.600806978237559575e-01
4.877389039484766320e-01 6.083579455059915375e-01 4.687973946821577531e-01 5.841331945701081496e-01 3.566015455652821742e-01
5.290496485654693215e-01 6.030802947581515028e-01 5.048456500703628613e-01 5.313490526671389436e-01 3.632473244798752887e-01
5.661159360029667242e-01 6.022496773191235997e-01 5.307758054211666465e-01 4.758523014694321929e-01 3.746080452932749605e-01
5.675941512286868385e-01 5.646138869836193619e-01 5.532513304744811622e-01 4.346926465432104925e-01 3.958753635159478756e-01
5.820996422750367438e-01 5.175950803838799130e-01 5.677371929801797723e-01 4.130234773617451061e-01 4.176060060984478350e-01
6.119770233792199976e-01 4.616699971326013729e-01 5.641376156890502980e-01 4.064041756377028691e-01 4.405826881593408184e-01
6.774437422634357331e-01 4.287544674818371537e-01 5.565854716877454145e-01 4.277333730304872517e-01 4.631187948842344082e-01
6.968426010200313714e-01 3.846859961740265454e-01 5.557027631444089177e-01 4.228456885021308342e-01 5.039290685077016940e-01
6.988235532507997005e-01 3.552707778646729264e-01 5.529019168724418343e-01 4.412479118464633920e-01 5.693451655339836215e-01
7.055925690936404315e-01 3.305017113358053038e-01 5.572799062080765475e-01 4.519708398193598708e-01 6.357235711958960644e-01
7.022958644207514256e-01 3.023409507337459501e-01 5.417190450426949688e-01 4.791811359530449010e-01 7.001220465441431173e-01
6.634602957605560958e-01 2.680170610816102750e-01 5.282100880474731586e-01 4.907016217509102551e-01 7.358833183801896105e-01
6.215575626503330176e-01 2.230458438710411218e-01 5.205447705709910222e-01 4.628855847177256733e-01 7.407613863165308787e-01
6.766914565434655193e-01 2.072310652954011401e-01 5.331766321393650587e-01 4.115723320576595845e-01 7.312911453622500391e-01
7.313338837337617360e-01 1.986561517802688803e-01 5.367964859456885174e-01 3.656680960677589631e-01 7.090080105882086148e-01
7.737211404741064502e-01 1.822689512511823928e-01 5.246946866033025403e-01 3.017097815891639501e-01 6.745520472729138461e-01
8.006687760353088379e-01 1.709942370653152466e-01 5.156961083412170410e-01 2.585555016994476318e-01 6.511546969413757324e-01
