2.099598497152328491e-01 7.175976037979125977e-01 1.506956070661544800e-01 7.852171063423156738e-01 4.764776825904846191e-01
2.244970052232709845e-01 6.882687569288407081e-01 1.389387497402804761e-01 7.751265616523305146e-01 4.677443744207923637e-01
2.467083771144886750e-01 6.691994810323493859e-01 1.239321448221074040e-01 7.737217230115089883e-01 4.507947597226401593e-01
2.726637657829808492e-01 6.518716392573202789e-01 1.155959904844376662e-01 7.766006578722282061e-01 4.288980091572520137e-01
3.053296251339474021e-01 6.395483273357144283e-01 1.271046187228097590e-01 7.727067019348358157e-01 4.165035119392799245e-01
3.288635366428939166e-01 6.376898003627595735e-01 1.571955607678899858e-01 7.726609292564539100e-01 4.049169558031036620e-01
3.432011248388179281e-01 6.453470203961367835e-01 1.834527466990094335e-01 7.781516396816852144e-01 3.883559530286712080e-01
3.635592592642929444e-01 6.648323247165157657e-01 2.016054727536550351e-01 7.771706173326310418e-01 3.776204160445530977e-01
3.823500427808251834e-01 6.896500301274585132e-01 2.163356059509350671e-01 7.716390945594671091e-01 3.609545502443871068e-01
4.008507071274641231e-01 6.980490917787882665e-01 2.468277788795889827e-01 7.641456010637449614e-01 3.433130705043838660e-01
4.162066809031947923e-01 6.995748584821291916e-01 2.766454144506175772e-01 7.530374769318100014e-01 3.331254420503458324e-01
4.341711688731002550e-01 7.025510073585173876e-01 3.105673863401653967e-01 7.359827383282161462e-01 3.242894209278000539e-01
4.461842091992776482e-01 7.047076623650323501e-01 3.342732972297793870e-01 7.226522039186468183e-01 3.176741488504299382e-01
4.498807770313156262e-01 6.972141969547998031e-01 3.642212975842421541e-01 6.998216697278842879e-01 3.051813698254231544e-01
4.452511917637475003e-01 6.817203192709938575e-01 3.866270345294495758e-01 6.780219240166427408e-01 2.954369784878506100e-01
4.486885227799217168e-01 6.684622140968885518e-01 4.118348168952644661e-01 6.555832689167326865e-01 2.927092259734790924e-01
4.616873500264359054e-01 6.592050529041305618e-01 4.369660307837783253e-01 6.320624936321430631e-01 3.035577990583547825e-01
4.747177485688445775e-01 6.511657473205764157e-01 4.545500346436269212e-01 6.101802034654155715e-01 3.188626663630949043e-01
4.923930798942953158e-01 6.392686638493293438e-01 4.731477217753352615e-01 5.829581691905809659e-01 3.369497952662345863e-01
5.096439553529141797e-01 6.289946358283559080e-01 4.870097635372120926e-01 5.642852546519075974e-01 3.492740690857902286e-01
5.307638926707499705e-01 6.128136736764664416e-01 5.049638587991902572e-01 5.462813463876268205e-01 3.616908265851534465e-01
5.383541524714482440e-01 5.915030104292473556e-01 5.207114589302023200e-01 5.287744461141431485e-01 3.789260548910288739e-01
5.362410099705781086e-01 5.659547580075346973e-01 5.262350914323155049e-01 5.121614082393004530e-01 4.021283324036682427e-01
5.316831133469200887e-01 5.339801731476661040e-01 5.216746500100359896e-01 4.971909866934092204e-01 4.277009844616477263e-01
5.260300396192264527e-01 5.015913234966865586e-01 5.155312948334845879e-01 4.864482646296797719e-01 4.490324243039359176e-01
5.276617420564988503e-01 4.677444516512250239e-01 5.174970996498717835e-01 4.783601752871413648e-01 4.666772192197882752e-01
5.467472137227225026e-01 4.418514905835359552e-01 5.314016132343764021e-01 4.717662245068198756e-01 4.758756093938221188e-01
5.772540959147618445e-01 4.235661685838438828e-01 5.460010474428561578e-01 4.610978799774200221e-01 4.801505251078559411e-01
6.034262450466778560e-01 4.010442792094660036e-01 5.468932243984342412e-01 4.433997799117133654e-01 4.934022876375553368e-01
6.059490204830794147e-01 3.870688039001740632e-01 5.284129372496405574e-01 4.351994414266853739e-01 5.164607265708609507e-01
6.240383471189053788e-01 3.740903372704260654e-01 5.278103991140467022e-01 4.392683426803547508e-01 5.487122671083636272e-01
6.472342140847514580e-01 3.593794933627784682e-01 5.394537554558146430e-01 4.345595375792017379e-01 5.703084894827313844e-01
6.638444141744027638e-01 3.406833231568574538e-01 5.441259032999207212e-01 4.324769131067567329e-01 5.999481784751519164e-01
6.581811475022543156e-01 3.170009705822310342e-01 5.453810945966548474e-01 4.324841388283229837e-01 6.297513116047368520e-01
6.367552758586362271e-01 2.955337558813526666e-01 5.477605781696044396e-01 4.288221508694307071e-01 6.482521110166021838e-01
6.469262089764264978e-01 2.753140022200393777e-01 5.529905199257774129e-01 4.155546113915021267e-01 6.667169550880119866e-01
6.727705518154659670e-01 2.641243015287610407e-01 5.552336137296760565e-01 4.056335658405958444e-01 6.777448988151513198e-01
7.026828342223113699e-01 2.450198649660015882e-01 5.531945243969370596e-01 3.923961858453287044e-01 6.919636774462598616e-01
7.260157232358510626e-01 2.223023136860877991e-01 5.414216066741840416e-01 3.728329259419678743e-01 6.967518534556152998e-01
7.460177029044720021e-01 2.055698160093915872e-01 5.310808348823501390e-01 3.466874860957939175e-01 6.861494357907528263e-01
7.664079111077479745e-01 1.918979572631101527e-01 5.253506926350638429e-01 3.173754065028323024e-01 6.753550788227898893e-01
7.854508983486248042e-01 1.802791823765121926e-01 5.199844496662299198e-01 2.846819325041829440e-01 6.619039425375118357e-01
8.006687760353088379e-01 1.709942370653152466e-01 5.156961083412170410e-01 2.585555016994476318e-01 6.511546969413757324e-01
