2.099598497152328491e-01 7.175976037979125977e-01 1.506956070661544800e-01 7.852171063423156738e-01 4.764776825904846191e-01
2.281566675330354288e-01 6.943252432736608526e-01 1.463931010970345448e-01 7.935400124192988347e-01 4.631081008600966276e-01
2.470560263805262891e-01 6.713917479285054224e-01 1.310090538422109263e-01 8.106229510718767628e-01 4.484266795605186817e-01
2.744917662020893157e-01 6.577759631514359384e-01 1.198480529612636486e-01 8.327436194776295375e-01 4.405313559640581800e-01
3.095429709947716268e-01 6.577610639737163645e-01 1.324037701948482526e-01 8.387509208004632066e-01 4.337471269280522845e-01
3.301062763577882198e-01 6.645039693692027516e-01 1.558211455206132967e-01 8.131889095720433724e-01 4.332670231378079051e-01
3.262968754798180604e-01 6.668565692468915174e-01 1.650955222297967873e-01 7.732728611284396258e-01 4.363947056820632331e-01
3.198016582486207238e-01 6.643803367621211597e-01 1.630050792224305711e-01 7.489471582845318443e-01 4.141918990183955374e-01
3.296059367723086497e-01 6.628406930591156376e-01 1.642256321813179987e-01 7.554592727937042840e-01 3.750696857708731291e-01
3.472901677666863085e-01 6.621891562214321514e-01 1.742010578492939055e-01 7.710199090272498168e-01 3.452095235446632771e-01
3.665115130502458185e-01 6.542434987702792082e-01 1.995457277388990591e-01 7.789256527481666081e-01 3.265004056674913335e-01
3.776364446031026390e-01 6.390554333609749227e-01 2.316834812379137964e-01 7.668155449230491527e-01 3.162271673604335476e-01
3.929302518946818923e-01 6.295159623661475967e-01 2.676743929122897825e-01 7.527492472208455743e-01 3.117909323679360356e-01
3.946570314390897560e-01 6.320499847857670161e-01 2.951320436498862110e-01 7.304229200147434042e-01 3.077013799579464970e-01
3.955076583794538414e-01 6.414927200765091486e-01 3.257614208036350711e-01 7.015946252165049524e-01 3.017248474718500217e-01
4.039656793162815229e-01 6.522563377052841282e-01 3.579497701845181235e-01 6.776292795722528295e-01 2.943072783458160480e-01
4.228700009049906616e-01 6.608609621590122440e-01 3.929047067915399372e-01 6.626141786243562315e-01 2.889921204143841571e-01
4.464321259965785549e-01 6.631044278360125332e-01 4.233649422974682941e-01 6.502525929350009282e-01 2.946395477495732940e-01
4.734638808129690846e-01 6.575399156679894164e-01 4.478620114916162520e-01 6.240627987882858552e-01 3.109341338041324843e-01
4.934360900207831468e-01 6.493569920628349257e-01 4.628582520457685257e-01 5.951113319938408086e-01 3.255156113955551822e-01
5.090815927033564003e-01 6.347384353278301417e-01 4.819964086078218357e-01 5.603444166666844417e-01 3.411286547297376903e-01
5.186860756796169980e-01 6.180553432650685020e-01 5.006298145978947955e-01 5.346268020544032717e-01 3.565767817146702212e-01
5.275896210955876020e-01 5.906234666980993975e-01 5.144515496942800858e-01 5.145431116479680655e-01 3.802246212637988010e-01
5.345783949580440453e-01 5.618151851923280926e-01 5.175867987675412119e-01 5.041909319889511520e-01 4.033341518141900783e-01
5.406383780134503825e-01 5.276593485117067051e-01 5.134378029701078816e-01 4.934758403432884522e-01 4.272279438245493166e-01
5.390890613210900240e-01 4.933633479188619941e-01 5.022696319448440860e-01 4.774177437885206987e-01 4.455840901227589579e-01
5.315400068150269997e-01 4.632210574128645675e-01 4.927037323924793322e-01 4.571586503826039483e-01 4.572566044689682085e-01
5.315073853485859923e-01 4.340177155390521624e-01 4.991773577140466434e-01 4.316251656784256263e-01 4.698870081063703519e-01
5.452892616108573343e-01 4.130601303424084603e-01 5.125686174156101060e-01 4.147865883703069079e-01 4.919720711550361059e-01
5.547920853425087895e-01 3.919882717658385585e-01 5.103765006022263906e-01 4.087417166526796097e-01 5.231197396383143738e-01
5.589202237401114104e-01 3.713829808834668844e-01 5.022338171713910393e-01 4.089583682903458750e-01 5.548281067005474965e-01
5.713061818650322365e-01 3.545042217536510387e-01 5.015403005035365958e-01 4.134695686987762131e-01 5.856329917915127359e-01
5.989989869892227148e-01 3.435807741843850405e-01 5.120806278205947137e-01 4.245789202206650681e-01 6.115109112855201534e-01
6.302437752242079361e-01 3.367937221696311600e-01 5.265157531582230765e-01 4.386814699777888960e-01 6.255162792475922329e-01
6.557531661752175056e-01 3.269600545266680425e-01 5.371710729654782801e-01 4.491776736523578895e-01 6.341381162760277856e-01
6.809927098587266192e-01 3.036939356225342168e-01 5.435440734928735917e-01 4.531771889454273561e-01 6.534576335328718955e-01
6.833085707359518590e-01 2.764222835692168867e-01 5.380335068782001740e-01 4.484783580917400814e-01 6.802696144609212681e-01
6.657228041855924872e-01 2.524693133318253180e-01 5.245800296876654834e-01 4.328021401146683322e-01 6.904970182903442666e-01
6.824838411427076590e-01 2.264528418750241245e-01 5.337860010146701084e-01 4.071748677367700298e-01 6.954135642441052756e-01
7.198114278360826512e-01 2.158517531006758361e-01 5.330430364918460340e-01 4.032140895044754036e-01 6.952864553508263379e-01
7.244785772286315151e-01 2.041239185854573923e-01 5.099603635700820092e-01 3.795257972917600586e-01 6.816322852498203355e-01
7.349860740718245911e-01 1.965220113521145284e-01 5.109853296325351790e-01 3.481790459036874230e-01 6.732356233719413163e-01
7.577324794879813918e-01 1.877156774987363552e-01 5.143329369004627782e-01 3.143847715540325494e-01 6.649084347485004765e-01
7.820182038971924543e-01 1.782576715264406197e-01 5.151046237687859630e-01 2.828054548614092334e-01 6.571287580611969714e-01
8.006687760353088379e-01 1.709942370653152466e-01 5.156961083412170410e-01 2.585555016994476318e-01 6.511546969413757324e-01
