2.099598497152328491e-01 7.175976037979125977e-01 1.506956070661544800e-01 7.852171063423156738e-01 4.764776825904846191e-01
2.205453539488357040e-01 6.935760020593113584e-01 1.480352569590139278e-01 7.685323582668347475e-01 4.462225063731305452e-01
1.980036829833378420e-01 6.578686779041610366e-01 1.306403307399599256e-01 7.777085409693014206e-01 4.405660410270439975e-01
1.616377313638076574e-01 6.498229393850918356e-01 1.403205582456095168e-01 7.634792610430987114e-01 4.302659632922161137e-01
1.800271992525163400e-01 6.478115683869185570e-01 1.673016672331608945e-01 7.541173807325652900e-01 4.085782693431650459e-01
2.187915699287403815e-01 6.426486922794274470e-01 1.848755904692334362e-01 7.532502781886692977e-01 3.895145418930111014e-01
2.497434221900877438e-01 6.379858585720753483e-01 1.957755634051526472e-01 7.537711328693452728e-01 3.759075185858177792e-01
2.858567032190119095e-01 6.322256988590005955e-01 2.074904640528239530e-01 7.546707984881497744e-01 3.603221340556747032e-01
3.181126921785817907e-01 6.179731811554595167e-01 2.230726711910762938e-01 7.437825329874762081e-01 3.462551486744094298e-01
3.450895457771849806e-01 6.163478585768809026e-01 2.557048287980221435e-01 7.321288565996695308e-01 3.365521370911955246e-01
3.670462354047925313e-01 6.200961509368452251e-01 2.851931939226945434e-01 7.260084690850986400e-01 3.248319796971535500e-01
3.865693710364582203e-01 6.231717307786224236e-01 3.132685814343983965e-01 7.169054009990479814e-01 3.142187876341447361e-01
4.028044063744908310e-01 6.231196378542459557e-01 3.445975697973181484e-01 6.958170721629086675e-01 3.000135987501622026e-01
4.084856963192335377e-01 6.214375097211948251e-01 3.644505221827711305e-01 6.668173702328052954e-01 2.825253136635487161e-01
4.074064183418901197e-01 6.203033853462199820e-01 3.678116042325210167e-01 6.338969082898249230e-01 2.662984449389403929e-01
4.062898431167870639e-01 6.182878287121347238e-01 3.655282716107177143e-01 5.956205893623898184e-01 2.620242209262886868e-01
4.086753923828494450e-01 6.124968889533235483e-01 3.737509864245478486e-01 5.560254591043004568e-01 2.730530368067449198e-01
4.142837132778198206e-01 6.049431878919990790e-01 3.881488011931337745e-01 5.268352732172543185e-01 2.880147608646781987e-01
4.286338153959639574e-01 5.957576507744187788e-01 4.031388220130419087e-01 5.030556075599614818e-01 3.091957851144509495e-01
4.487743684184216097e-01 5.868079285138215750e-01 4.126291025390090295e-01 4.926951263839748907e-01 3.357885896770367862e-01
4.665104573013166833e-01 5.762020004233383563e-01 4.196797648904297406e-01 4.966087515061522462e-01 3.669089671462153479e-01
4.754791739492498781e-01 5.625330156770065315e-01 4.288046932988600624e-01 5.060044255516735756e-01 3.973145656745288301e-01
4.752211482894572181e-01 5.452242853443562964e-01 4.424178805393207403e-01 5.123762376846254796e-01 4.251291022002801068e-01
4.708876145282562820e-01 5.225395219634189070e-01 4.623602635727974142e-01 5.104860056793858458e-01 4.502400553359176549e-01
4.774109670556914153e-01 4.987511648377112583e-01 4.838769529620280396e-01 5.006343127427964612e-01 4.690733032448920481e-01
5.034121615590894105e-01 4.788058263225217770e-01 5.046663104011704926e-01 4.852697521570289441e-01 4.804677583185968937e-01
5.331609524678205814e-01 4.627781821867511525e-01 5.170741821214817069e-01 4.686059570243313321e-01 4.857591731307496774e-01
5.542072019746527856e-01 4.376146322180123893e-01 5.118930449953382755e-01 4.530083679414780296e-01 4.950917750034602993e-01
5.596921106933615553e-01 4.087883718180960746e-01 4.948295806987356160e-01 4.454410514078543937e-01 5.102441590168058649e-01
5.644398539844965867e-01 3.747318046649960599e-01 4.804022794409790742e-01 4.414121351578711439e-01 5.320709207283890185e-01
5.725244433102202324e-01 3.434726207831832467e-01 4.757396962995850687e-01 4.407451256372449944e-01 5.549058797955246369e-01
5.844240241491331922e-01 3.170184484663149949e-01 4.788467438307855706e-01 4.417464201930653145e-01 5.774500178250289162e-01
5.953861217459840427e-01 2.935185757115894023e-01 4.826168382691708447e-01 4.411160613596419311e-01 6.031945280032331436e-01
5.936362893120906703e-01 2.707736272007447154e-01 4.773397739002246953e-01 4.401406289902810021e-01 6.362282330746286130e-01
5.853211339833557236e-01 2.544209440735666350e-01 4.750876204961693716e-01 4.438635425655509947e-01 6.657677221624576092e-01
5.930449265334317710e-01 2.387521949527569576e-01 5.032793857476193233e-01 4.501828129107112164e-01 6.942559841189172021e-01
6.179382589856722285e-01 2.302930517290059376e-01 5.326564655257421954e-01 4.505208349031586956e-01 7.029219082624648118e-01
6.536041584040848118e-01 2.211058269850239844e-01 5.425357417535267013e-01 4.494996695601625736e-01 7.028610774492138891e-01
6.400210809577127069e-01 2.194941008247523750e-01 5.217031140050741866e-01 4.260419074401688988e-01 6.895127911759812989e-01
6.517041630147319964e-01 2.166450241526884091e-01 5.120054453461539978e-01 3.875902153623873025e-01 6.787187319080958403e-01
6.827130586203177254e-01 2.088709259954287245e-01 5.094437474307943470e-01 3.649653074241501205e-01 6.679555545363092817e-01
7.132444378811152452e-01 2.000655754082651672e-01 5.079588121635553177e-01 3.406481261378911940e-01 6.585845912324443940e-01
7.473933055981278883e-01 1.896775842254848909e-01 5.104675245792265059e-01 3.112105533078892150e-01 6.535298520809097456e-01
7.778828702130684558e-01 1.789851001274785358e-01 5.134598443306556126e-01 2.810760545386735143e-01 6.521705502201644578e-01
8.006687760353088379e-01 1.709942370653152466e-01 5.156961083412170410e-01 2.585555016994476318e-01 6.511546969413757324e-01
