2.099598497152328491e-01 7.175976037979125977e-01 1.506956070661544800e-01 7.852171063423156738e-01 4.764776825904846191e-01
2.324668747147259351e-01 7.262932834842746876e-01 1.384725229181906769e-01 8.283506283246728774e-01 4.742042356818828575e-01
2.640342181576351699e-01 7.252079938911827339e-01 1.168819419134970866e-01 8.825764144721908178e-01 4.608015238257525681e-01
2.699942610840902479e-01 7.019872370064146327e-01 1.148400370887529692e-01 8.566921662482673838e-01 4.281168630532113384e-01
2.810680690502468382e-01 6.760834315472123990e-01 1.295883767454673874e-01 8.101385592544146919e-01 4.032755763068410770e-01
3.153492304064992036e-01 6.603726509364025166e-01 1.625857131841128289e-01 7.801222404658197940e-01 3.778938641771208418e-01
3.581644357189853189e-01 6.640000043679374908e-01 1.870284527315624612e-01 7.519858795135525575e-01 3.580888528496410372e-01
3.785232913909046815e-01 6.646540031336056753e-01 2.041276495844560057e-01 7.073198380310062872e-01 3.128624731226886668e-01
3.744558107898346977e-01 6.618054166948037498e-01 2.263153388273922706e-01 6.778245880699502735e-01 2.775899528600418997e-01
3.536414771194385520e-01 6.576316667118391468e-01 2.738906872172333085e-01 6.657305752679680833e-01 2.598428251217955176e-01
3.538315244318729347e-01 6.508302998728564548e-01 3.269459017810086299e-01 6.642388352782061522e-01 2.532818142781914639e-01
3.919730862100867519e-01 6.359447878657723541e-01 3.803828392107194700e-01 6.537935046488663193e-01 2.439002561142693815e-01
4.404933869847283412e-01 6.153440318462726211e-01 4.248964625760821567e-01 6.352314658056092966e-01 2.438082852872767159e-01
4.783720903221657661e-01 5.900741874916286545e-01 4.517762881638168193e-01 6.051857637395009482e-01 2.337661740777862984e-01
4.780702582179336968e-01 5.605296456046520159e-01 4.742649082543834993e-01 5.609120685319781696e-01 2.467803859830202395e-01
4.653891503769719828e-01 5.508669726934281030e-01 4.627356641876489984e-01 5.056149988888538616e-01 3.000012367579461547e-01
4.612384238779903556e-01 5.458977978395338493e-01 4.571038266241760351e-01 4.671901206398476614e-01 3.388061747441657445e-01
5.001270098661434460e-01 5.528945014330753915e-01 4.749667775398831449e-01 4.436425260044430385e-01 3.777846695270144495e-01
5.531307870844739405e-01 5.610519827701114792e-01 4.912586887711641315e-01 4.623357912801559499e-01 3.885591538935521672e-01
6.199988100295097393e-01 5.612825814006056069e-01 5.076721557011170116e-01 4.879836467452997040e-01 3.998742288421612834e-01
6.604121017459582133e-01 5.421086377496104891e-01 5.465810068177709979e-01 4.912841161693435876e-01 4.258950668700582920e-01
6.646576630344107617e-01 5.230044459275489110e-01 5.762711463906386999e-01 4.802355896163482685e-01 4.527871774186869036e-01
6.522222695118327085e-01 4.909487864530161505e-01 6.034369940926963549e-01 4.614373611475304782e-01 4.995292418590026595e-01
6.190176186073206299e-01 4.508210099085141476e-01 5.944853386177620935e-01 4.523715981636172723e-01 5.181687016200223761e-01
6.274060195471393708e-01 4.100704918136124921e-01 5.786051601783549492e-01 4.634659890305881103e-01 5.479597838285663602e-01
6.636556963952251476e-01 3.833790485212213994e-01 5.758630849625793191e-01 4.850799563266920966e-01 5.915785706403499100e-01
7.038730967176928255e-01 3.493200877867017051e-01 5.812109130741439644e-01 4.903913608144127023e-01 6.411886809730239500e-01
7.271037896488850016e-01 3.125316779337104500e-01 5.859990842860878235e-01 4.709070079506775253e-01 6.754024989625103670e-01
7.422567671840152315e-01 2.732514344992012512e-01 5.764454398582231631e-01 4.518540560356515412e-01 6.996852402137269111e-01
7.562735576158793327e-01 2.215096248333491835e-01 5.539636868501205402e-01 4.346449784258308302e-01 7.006822266135046551e-01
7.765980561074038446e-01 1.894062311847289626e-01 5.384655473797510528e-01 3.776194858518243103e-01 6.850677679620318372e-01
7.937091369599492685e-01 1.791385323593641388e-01 5.249630063261714330e-01 3.049381312251595588e-01 6.628599735317315389e-01
8.006687760353088379e-01 1.709942370653152466e-01 5.156961083412170410e-01 2.585555016994476318e-01 6.511546969413757324e-01
