2.099598497152328491e-01 7.175976037979125977e-01 1.506956070661544800e-01 7.852171063423156738e-01 4.764776825904846191e-01
2.264620330664004477e-01 7.105872354790889744e-01 1.212146307583435029e-01 8.162719215842885179e-01 4.803014730357492712e-01
2.559422694819165622e-01 6.999227638270261176e-01 1.235431086080251289e-01 8.452481692525994905e-01 4.588219475173498929e-01
2.746836226382360358e-01 6.663574873007047650e-01 1.156337337914644797e-01 8.306499534728134515e-01 4.410711222868939352e-01
2.981877282713490951e-01 6.591292215029544987e-01 1.290054560359473745e-01 8.004503796551892814e-01 4.343033392316783536e-01
3.205994595887357024e-01 6.705566348958577061e-01 1.597077970705720606e-01 7.703316147547670800e-01 4.172947946878270975e-01
3.202907799559999713e-01 6.936580308219031377e-01 1.877379906479179905e-01 7.578717096593547975e-01 3.847438153005696693e-01
3.356599687260869991e-01 7.006259835047612405e-01 2.126758671625754160e-01 7.483782349120461364e-01 3.591527327705802963e-01
3.594193465598479187e-01 7.036554494619499112e-01 2.414164547093531898e-01 7.373151109921537438e-01 3.315511150447174038e-01
3.396470935094406118e-01 7.109758979010966096e-01 2.564040107816070724e-01 7.121652821191226668e-01 3.130532461791527554e-01
3.428093409512187328e-01 7.111290102123519752e-01 2.912134273214767588e-01 6.822499058236938252e-01 3.244073757141033854e-01
3.593578824485288425e-01 7.079608925615937798e-01 3.242926847544463920e-01 6.685675491402213177e-01 3.324692425935341644e-01
3.828437743885261813e-01 7.007968089813302326e-01 3.630542535587092390e-01 6.603687945037034490e-01 3.275750049107060136e-01
4.096950844744410847e-01 6.919440955558153750e-01 3.955717999990129297e-01 6.582427731432224371e-01 3.158327493618263704e-01
4.453447275129827077e-01 6.765665692831943634e-01 4.243718319351127422e-01 6.533772424704329396e-01 3.008745768005760546e-01
4.770697832175434527e-01 6.552181522605812214e-01 4.435646619318624473e-01 6.401381282047688970e-01 2.870779961860455143e-01
5.009188371154910113e-01 6.272733987381494680e-01 4.646619546327029893e-01 6.157010179333866073e-01 2.735173440969359548e-01
5.138214330231554161e-01 6.101604634222492773e-01 4.975080454514578254e-01 5.891408877292287904e-01 2.672130433088135693e-01
5.300857750821177383e-01 6.086372964597193125e-01 5.346541503077558710e-01 5.741813575035072947e-01 2.840261971124174445e-01
5.355301428817550446e-01 5.980452232633232112e-01 5.529186813572561920e-01 5.580647417567611290e-01 3.211628870851249151e-01
5.405897265910013516e-01 5.742397815984424669e-01 5.527427695351183612e-01 5.375215080169033488e-01 3.620338206599328368e-01
5.539448122364050153e-01 5.458414748280006057e-01 5.490859101414929944e-01 5.143943308042159268e-01 3.865511418348829831e-01
5.765064419533123541e-01 5.089373819905020913e-01 5.476083846143401379e-01 4.806594368578365195e-01 4.055125762548769663e-01
5.847397239236286071e-01 4.779871868565740978e-01 5.447955366658003840e-01 4.491659562021591001e-01 4.182251978621020494e-01
5.728534597275825035e-01 4.450644649747465542e-01 5.383040846423052805e-01 4.225569673848751373e-01 4.360886352098156671e-01
5.938724061895146455e-01 4.089501043279977210e-01 5.360063218394968132e-01 4.029478622573045010e-01 4.730583575961344600e-01
6.135140324570438342e-01 3.950522504193361151e-01 5.251455141452766595e-01 4.056629515742222192e-01 5.079176516197567715e-01
6.316226459271804261e-01 3.801315845378188119e-01 5.155094562443038875e-01 4.095066914491294341e-01 5.455512570884774037e-01
6.495595096629752652e-01 3.606938911853334040e-01 5.153796256588040192e-01 4.108451890988580324e-01 5.857740939571598471e-01
6.560235147757417229e-01 3.397466207835849183e-01 5.205611025928214008e-01 4.163132250146435176e-01 6.300434005140529425e-01
6.494256520470540472e-01 3.199180453398949298e-01 5.235843679464966538e-01 4.320562778507011092e-01 6.672821010687036702e-01
6.491005497760657938e-01 2.947261411004767351e-01 5.270315778543295249e-01 4.420233663806480418e-01 6.998259987777194491e-01
6.645787086992976933e-01 2.636462063822551660e-01 5.351467321335040550e-01 4.378064041047126653e-01 7.313255903941409120e-01
6.972907992517964892e-01 2.436550005021861642e-01 5.497165997836980234e-01 4.240179709057686486e-01 7.449045782801989590e-01
7.309831416292188466e-01 2.511563208825394744e-01 5.616419085189813254e-01 4.152632345158528415e-01 7.222321394705687458e-01
7.421739215191514027e-01 2.589099313136387637e-01 5.585203732512377117e-01 4.031587369514014196e-01 6.822390550749507510e-01
7.558558761350068211e-01 2.468392622610346698e-01 5.490702995674787701e-01 3.683632984333284344e-01 6.520640795279916135e-01
7.743494351926792918e-01 2.276867380872571178e-01 5.332287881994338674e-01 3.256334864507448579e-01 6.425398727695152967e-01
7.890410871691396766e-01 1.960405620044416986e-01 5.234419157913526854e-01 2.881900560418732549e-01 6.473487317499944105e-01
8.006687760353088379e-01 1.709942370653152466e-01 5.156961083412170410e-01 2.585555016994476318e-01 6.511546969413757324e-01
