2.099598497152328491e-01 7.175976037979125977e-01 1.506956070661544800e-01 7.852171063423156738e-01 4.764776825904846191e-01
2.350558463077890292e-01 7.087364259913703224e-01 1.361844641447477744e-01 8.023493577162066348e-01 4.538497392677878772e-01
2.761418516564272951e-01 7.001589864381410067e-01 1.338625797846260956e-01 8.215289371823767395e-01 4.471568328449432306e-01
3.060100551401218061e-01 6.999391142311647274e-01 1.316584902393827805e-01 7.945079477199352702e-01 4.295421070473982583e-01
3.176910513129444502e-01 6.889475859094932320e-01 1.460254967780954261e-01 7.695598502040077449e-01 4.117997152921281656e-01
3.428317677393327156e-01 6.674721589630774332e-01 1.688265188998946120e-01 7.448404388494463957e-01 3.917904414862805607e-01
3.535452752818940003e-01 6.590320877040992675e-01 1.960043418811722171e-01 7.244208182404345830e-01 3.678640320655718332e-01
3.572484817078625530e-01 6.641705451774294611e-01 2.272336028766949456e-01 7.103552332649600842e-01 3.451017667116472731e-01
3.705475519706711296e-01 6.739567382287003916e-01 2.648620648263150246e-01 7.011477301007329466e-01 3.237776817575788169e-01
3.864022790903517413e-01 6.805304484045237023e-01 3.050244659503982825e-01 6.985941434998415023e-01 3.036565931062931156e-01
3.953395903923318522e-01 6.817199468428671860e-01 3.459899605423548130e-01 6.970961757926562585e-01 2.824765402338864639e-01
4.069073283726677981e-01 6.768784980397019035e-01 3.791866207037051795e-01 6.889803339479571020e-01 2.668386188547094418e-01
4.109966431710829760e-01 6.531948191756932198e-01 4.119961299455073833e-01 6.613232346692674568e-01 2.481115551685348641e-01
4.199657385425940026e-01 6.153293606021927875e-01 4.300213248972826752e-01 6.355753397328122167e-01 2.534537670056754011e-01
4.519387090983015276e-01 6.018318274056798645e-01 4.517279784525015662e-01 6.258013093310328401e-01 2.654272099626378556e-01
4.783707965613924196e-01 5.974019819041304080e-01 4.754974054804165240e-01 6.023351327640275032e-01 2.702187576290427384e-01
4.972919632840516746e-01 5.890681644147949259e-01 4.923293875037524359e-01 5.669377498301383378e-01 2.747976312375594588e-01
5.174729424611547168e-01 5.784358625449927960e-01 5.083897391184406533e-01 5.313004521420798820e-01 2.869724695040492546e-01
5.413664642030109331e-01 5.697866880685621416e-01 5.290083008567528777e-01 5.016563271647301869e-01 3.064486267438976119e-01
5.599175577192087028e-01 5.617515322034356551e-01 5.437824184282276097e-01 4.839626061496715148e-01 3.233868057921894246e-01
5.793781886220595867e-01 5.355934572138935090e-01 5.535837121537072747e-01 4.619163609280410032e-01 3.545238396734401443e-01
5.739736834014297351e-01 4.975661976812806864e-01 5.397565167681634968e-01 4.479774812288029318e-01 3.839803034487643263e-01
5.689913127863369668e-01 4.648998338526562080e-01 5.244547331484341601e-01 4.356125760359724763e-01 4.119336760825806909e-01
5.909128848147552349e-01 4.445235426270184864e-01 5.237553371528625989e-01 4.285944297246501167e-01 4.354951841828555437e-01
6.307009834717178798e-01 4.348616644108185825e-01 5.351088084433630598e-01 4.258254318232796987e-01 4.552836804428011530e-01
6.462207294549939807e-01 4.164365359727087990e-01 5.380446378861539758e-01 4.158455493268566894e-01 4.968328368809201701e-01
6.221642889589663605e-01 3.988009103335092287e-01 5.278089113881916372e-01 4.078848356890837912e-01 5.296321385291115069e-01
5.963652520669906476e-01 3.807703295781963426e-01 5.172325062416758268e-01 4.083908834336354432e-01 5.683240789979491225e-01
5.859180022221357476e-01 3.655261269269370894e-01 5.134198820237002581e-01 4.103477460703909840e-01 6.031016235486718058e-01
5.930421719624338062e-01 3.457586694105174718e-01 5.165450128457589329e-01 4.111342315890291754e-01 6.462291680496017321e-01
6.211767166886423830e-01 3.249415696651760666e-01 5.284125558811146872e-01 4.139959177971796467e-01 6.822654184694328938e-01
6.466631442286046028e-01 3.040530101562045062e-01 5.428245686183293950e-01 4.233838973053589139e-01 7.039168660118328980e-01
6.687868722993457471e-01 2.752198273145164409e-01 5.525878229126461871e-01 4.304273526945464612e-01 7.252311713925059244e-01
6.964567573360145314e-01 2.504743159154683707e-01 5.534053020212180707e-01 4.235781390447835304e-01 7.313836001336063708e-01
7.281936932155518294e-01 2.345009495727751470e-01 5.548754422284882803e-01 4.037464683076323890e-01 7.236872276700456741e-01
7.554006618812716400e-01 2.185351940085419609e-01 5.535421291999057525e-01 3.700482356714907550e-01 7.084230413229738454e-01
7.739849318630660502e-01 1.987648219372308012e-01 5.412247787679060895e-01 3.348993239716065995e-01 6.872362358648268499e-01
7.906493699021180932e-01 1.819469720229353049e-01 5.272909267208526485e-01 2.912774917050921508e-01 6.683931873463599960e-01
8.006687760353088379e-01 1.709942370653152466e-01 5.156961083412170410e-01 2.585555016994476318e-01 6.511546969413757324e-01
