2.099598497152328491e-01 7.175976037979125977e-01 1.506956070661544800e-01 7.852171063423156738e-01 4.764776825904846191e-01
1.927151638889315621e-01 6.870938450554373578e-01 1.457274010022460708e-01 7.769934997668712651e-01 4.732316676515720966e-01
1.602272552598114352e-01 6.688834665273406532e-01 1.480999621953342782e-01 7.701633756336853098e-01 4.573738177683409067e-01
1.429898847010941665e-01 6.385069026189330588e-01 1.291932740972319138e-01 7.568030299771083547e-01 4.430074413996983873e-01
1.835331471212779952e-01 6.355848212848475010e-01 1.384579052632648744e-01 7.601648077949841875e-01 4.319251482392370556e-01
2.233865540183145315e-01 6.345504235046871555e-01 1.490307131767731053e-01 7.556871669328922847e-01 4.223872691034204485e-01
2.526180708770062178e-01 6.309679131610437253e-01 1.604352292211675690e-01 7.440091788854021893e-01 4.044327983164193174e-01
2.769156621997314049e-01 6.294079519476668549e-01 1.819220036086856007e-01 7.363416890010535676e-01 3.748262262683216828e-01
2.938772679451457370e-01 6.296159819635163135e-01 2.024795853770791354e-01 7.374485128153708269e-01 3.522250062622355182e-01
3.158587963987276037e-01 6.284426705399311919e-01 2.264078548736297714e-01 7.361229772044419750e-01 3.302625600628051328e-01
3.481384510610479599e-01 6.306579454493526082e-01 2.477075098483640103e-01 7.278162614198923075e-01 3.171959254401823802e-01
3.782240326870907055e-01 6.383443057335990156e-01 2.627747880871200148e-01 7.305886281926297077e-01 3.199004492216544482e-01
4.123892960788751449e-01 6.396764684796817368e-01 2.905601080622103871e-01 7.308670843674595075e-01 3.236109657111259641e-01
4.371496788980844816e-01 6.326002225848454952e-01 3.196600165857286235e-01 7.137028129932748710e-01 3.219134932281505490e-01
4.490389968387046848e-01 6.230192878186110450e-01 3.403630272871147056e-01 6.859576244283629443e-01 3.177959080934344427e-01
4.487516655963516565e-01 6.107094866667556188e-01 3.553551618315804461e-01 6.471562233469633219e-01 3.121035454120849040e-01
4.379652041390401651e-01 6.004558690373859031e-01 3.654466875129857018e-01 6.106464219668722437e-01 3.054185947215677932e-01
4.191167086508585937e-01 5.943499977037728366e-01 3.816736997606026693e-01 5.812299408193284389e-01 2.939068466392129042e-01
4.220653049106460886e-01 5.890505098648745053e-01 4.233751961588351764e-01 5.639487743963378374e-01 2.992251634821008199e-01
4.364124688462799329e-01 5.789142693495493708e-01 4.397669226613564186e-01 5.457806283021232607e-01 3.284731225996387338e-01
4.367423496594053933e-01 5.681744993776414177e-01 4.371883529199524498e-01 5.227731294997361999e-01 3.516115947152214649e-01
4.357058192346937586e-01 5.536255565315765237e-01 4.346027925255099289e-01 4.987142453820480603e-01 3.762249082595332528e-01
4.458579058583075905e-01 5.307504940837186602e-01 4.423412626949073667e-01 4.803808447076943211e-01 4.045312196205629873e-01
4.645612831557425770e-01 5.006122654793618842e-01 4.565008355635541970e-01 4.697752045662507703e-01 4.226947847611512432e-01
4.810780266180527120e-01 4.714033275387892186e-01 4.691526361771217180e-01 4.682376274745025935e-01 4.386246941397851096e-01
4.977586641949052204e-01 4.516785441503746723e-01 4.824143534623123175e-01 4.732462719303520138e-01 4.649434536572513155e-01
5.145691235113533102e-01 4.380376410943644938e-01 4.964246607531273003e-01 4.765688275193790679e-01 4.985853535943335357e-01
5.246076955386869134e-01 4.243620394236111704e-01 5.070148474839796249e-01 4.771642244405983058e-01 5.309362260183541071e-01
5.307310108876780452e-01 4.041061378966352424e-01 5.208643943133676180e-01 4.746147952587337349e-01 5.692433679306885264e-01
5.388908883457860233e-01 3.784719125776893067e-01 5.332322497036378062e-01 4.673330608059725888e-01 5.994706776863829578e-01
5.451630490285113151e-01 3.539542867420438221e-01 5.326613157611900240e-01 4.659409843146034014e-01 6.256932089156514998e-01
5.558124661535501776e-01 3.329124643706101172e-01 5.012442876648623979e-01 4.663488828817429765e-01 6.415074098226638544e-01
5.672115788622225097e-01 3.192740067947197335e-01 4.794759741902306360e-01 4.438035002904305304e-01 6.238118073194686142e-01
5.642873803579715464e-01 2.874996573430672608e-01 4.904433917156348910e-01 4.187638329724677755e-01 6.379948992745715364e-01
5.524608069681509193e-01 2.756045511047542917e-01 5.083840807528423600e-01 4.143799899928795050e-01 6.662762705119271711e-01
5.427401958875133214e-01 2.674774950286551989e-01 5.253342887362519864e-01 4.094609816026914539e-01 6.976920790781109272e-01
5.700810209917097637e-01 2.477286968726904182e-01 5.341663938371321585e-01 4.019778274099441440e-01 7.193664787389458803e-01
6.059967829185778365e-01 2.311795907417612539e-01 5.401782986603459458e-01 4.036921677995284341e-01 7.144468461913690005e-01
6.439266487418572327e-01 2.185768109478433974e-01 5.504220032051928557e-01 4.035028276885875287e-01 7.088455068864416564e-01
6.824285826302012303e-01 2.112625507168016670e-01 5.579851388781642552e-01 3.968726034206627729e-01 6.994528453554994529e-01
7.204298755893544515e-01 2.030933351266940856e-01 5.604862587823609132e-01 3.814847907034690233e-01 6.884203082982199851e-01
7.544069387679612770e-01 1.934991779765355968e-01 5.549925147276532078e-01 3.537519718791245493e-01 6.763592587174485082e-01
7.757186963237546751e-01 1.847674665422726625e-01 5.424016919580584295e-01 3.198479379248774790e-01 6.662696887134993418e-01
7.890085101160791980e-01 1.774310709401794861e-01 5.281767981867243611e-01 2.872001438604490087e-01 6.582185951520219680e-01
8.006687760353088379e-01 1.709942370653152466e-01 5.156961083412170410e-01 2.585555016994476318e-01 6.511546969413757324e-01
