2.099598497152328491e-01 7.175976037979125977e-01 1.506956070661544800e-01 7.852171063423156738e-01 4.764776825904846191e-01
2.420832594365152635e-01 6.934420259434352918e-01 1.569165906225252205e-01 7.838101688110507004e-01 4.422071841534351844e-01
2.939686296146111211e-01 6.653813916203472623e-01 1.517809501001874117e-01 7.858642950370813285e-01 4.274328855379354586e-01
3.431935199595535502e-01 6.670176265811108562e-01 1.736669090760225576e-01 7.831733459387535401e-01 4.125615290002621616e-01
3.624125289421142870e-01 6.734050164146985207e-01 2.086293761350342946e-01 7.628615860662174564e-01 3.779432250069466592e-01
3.621776030625224463e-01 6.816403939555232272e-01 2.292222511521549155e-01 7.353807379152720314e-01 3.435963161629315143e-01
3.630979465822962715e-01 6.787257027144376620e-01 2.464263878360122284e-01 7.153486035651469566e-01 3.089438375998160846e-01
3.798220346772575584e-01 6.655118437495014527e-01 2.726120863919119230e-01 6.980053203409882778e-01 2.675537326926811232e-01
4.173561168327101778e-01 6.577026399392447154e-01 3.007163546365790308e-01 6.882814241896049179e-01 2.538773297603627577e-01
4.563574932397604922e-01 6.557187341890325927e-01 3.293096990131415547e-01 6.788980076583310819e-01 2.574261548676305966e-01
4.670676080227937899e-01 6.514019313977621461e-01 3.632489385767578294e-01 6.707767305817315950e-01 2.646600021784162871e-01
4.531112182727899396e-01 6.420127164737783332e-01 4.142699936811209405e-01 6.603753638795964997e-01 2.717130773095379204e-01
4.450769592709162281e-01 6.289471196795285435e-01 4.490327940869335843e-01 6.390973820781512549e-01 2.646718127625892203e-01
4.541602187968903359e-01 6.075295034999116384e-01 4.699654323604293138e-01 6.036524923081912908e-01 2.541385742434391082e-01
4.660013090539135150e-01 5.785000467649179523e-01 4.842019652055811751e-01 5.692516026375475935e-01 2.570076486850425002e-01
4.746512435141420627e-01 5.491573675923107078e-01 4.977001135421396105e-01 5.368337881359434016e-01 2.803076409329363639e-01
4.803151498749704262e-01 5.300081018102866803e-01 5.039999294433004096e-01 5.018930388705732382e-01 3.107669122411427787e-01
4.854500677314314006e-01 5.196574043739718984e-01 5.028931321860689030e-01 4.754437271086644490e-01 3.301085351320922068e-01
5.025379369507289029e-01 4.986578404716872082e-01 4.980362299054418851e-01 4.366667085977049001e-01 3.612188093901852470e-01
5.336273288710162710e-01 4.745959288502394346e-01 4.964867184859221294e-01 4.180381840364771895e-01 3.884547549436169755e-01
5.628176661987513985e-01 4.569356962152964496e-01 5.046037776834564337e-01 4.164658485395187348e-01 4.113288524067839069e-01
5.955597820617631877e-01 4.359071341679839895e-01 5.178128075578426470e-01 4.267949412155514488e-01 4.437979881953699746e-01
6.063276676997331194e-01 4.191868666509958041e-01 5.311346303646249378e-01 4.512802769438713502e-01 4.795574742492355602e-01
6.070566233563166048e-01 3.955235992270288992e-01 5.439056001998828771e-01 4.565167684854212204e-01 5.263529076522537320e-01
6.127588723145710459e-01 3.792809429608530181e-01 5.510703762020381369e-01 4.590130573773513745e-01 5.649447977686756772e-01
6.238503789148784895e-01 3.605999757655348747e-01 5.569934769861565327e-01 4.606886619929266291e-01 6.044188211403088706e-01
6.386328081428188641e-01 3.352423737296862383e-01 5.640240753630050285e-01 4.562397788918211572e-01 6.405188261007415118e-01
6.535794432667911824e-01 3.084987899864102268e-01 5.805821159157708022e-01 4.447271925938806048e-01 6.772846928672598965e-01
6.673171797819569262e-01 2.875112445418664398e-01 5.963486289430464105e-01 4.355175332487740136e-01 7.125034590718195560e-01
6.863504473218173807e-01 2.602349685899657539e-01 5.604073275312152491e-01 4.182525357599427007e-01 7.155451813797507610e-01
7.216912723084133452e-01 2.390168095201860299e-01 5.424801538897588982e-01 4.137303004771258896e-01 7.267192139365465930e-01
7.582637070797280110e-01 2.171290983942890107e-01 5.290318374557357872e-01 3.824396836496122276e-01 7.102430788940231610e-01
7.663740415711579601e-01 2.031259885946150867e-01 5.196715413376822301e-01 3.343082470085135816e-01 6.810438439953903078e-01
7.858576469544001908e-01 1.848712221748986251e-01 5.174130089728489201e-01 2.912714187793304377e-01 6.640631513164351185e-01
8.006687760353088379e-01 1.709942370653152466e-01 5.156961083412170410e-01 2.585555016994476318e-01 6.511546969413757324e-01
