2.099598497152328491e-01 7.175976037979125977e-01 1.506956070661544800e-01 7.852171063423156738e-01 4.764776825904846191e-01
1.736943602563641165e-01 7.147380805065935983e-01 1.697853139261002731e-01 7.832717890364535585e-01 4.790458375633186994e-01
1.612444865357356427e-01 6.876000870736633797e-01 1.649987625664444124e-01 7.725848034714375423e-01 4.480134432509356723e-01
1.783065826810560917e-01 6.716979230126723932e-01 1.608687706729618749e-01 7.611708165265852477e-01 4.195453684500906610e-01
2.101210714952167213e-01 6.627879588698938340e-01 1.743019790820688197e-01 7.477848011396895922e-01 4.027119559001093307e-01
2.399029657261167736e-01 6.546002518379363533e-01 1.909309622264113993e-01 7.413012831798905244e-01 3.787518028349217136e-01
2.710815433477504199e-01 6.447238216193021954e-01 2.018389874054994926e-01 7.384125685308773335e-01 3.583417601676270881e-01
2.993261102626142978e-01 6.353552405983027285e-01 2.083682973798402505e-01 7.369000175459923252e-01 3.435322230897303597e-01
3.340920514569432065e-01 6.310093440657635888e-01 2.258028104478875808e-01 7.370739574634268543e-01 3.305961416167035871e-01
3.658813910513537548e-01 6.286219151079038836e-01 2.534357944690093234e-01 7.454796765647204726e-01 3.291152946557299175e-01
3.906092005170156423e-01 6.300941909757380444e-01 2.815715552719152970e-01 7.261193506245264828e-01 3.232244680620841581e-01
4.052937757514462058e-01 6.401947761758898237e-01 3.044291017920592868e-01 7.098028287783944013e-01 3.077787218018312454e-01
4.199212852256958284e-01 6.492155649156761132e-01 3.227635860035441007e-01 7.056427058358658577e-01 2.884990817924193429e-01
4.294022273140528645e-01 6.683310970311865384e-01 3.356978337784930488e-01 7.067239240785289089e-01 2.544044117550181561e-01
4.310119345243871858e-01 6.687544643614294904e-01 3.622782247633195007e-01 6.802051559260262614e-01 2.502272820221960181e-01
4.233274919413723136e-01 6.527242268953514781e-01 3.817337196078691708e-01 6.547977240856264203e-01 2.616135849091323351e-01
4.024226957677107808e-01 6.333767961661415091e-01 3.963422214433053870e-01 6.296334610842747592e-01 2.664489785770279284e-01
3.944591169284390464e-01 6.189916380711354416e-01 4.035896629771126287e-01 5.939603058713124328e-01 2.705728340162062429e-01
4.081764329978485595e-01 6.136735890856810371e-01 4.045701050605217675e-01 5.661387364361101238e-01 2.796668961925050101e-01
4.324597810255572106e-01 6.089930465398208925e-01 4.069799824445908820e-01 5.365216594296323693e-01 2.938694141704189522e-01
4.583009013601195281e-01 6.027932716599593288e-01 4.140143758955653341e-01 5.150261297611399280e-01 3.109334213613863529e-01
4.613232996458089263e-01 5.820418582917467054e-01 4.094152820538042858e-01 5.112298362233381743e-01 3.477883918488826054e-01
4.571035872300510672e-01 5.701208560724795316e-01 4.093738260711808907e-01 5.205671469597009660e-01 3.810977071695829110e-01
4.611712104492146080e-01 5.599261815140873511e-01 4.201085517466139896e-01 5.290370117217074730e-01 4.157975653764130475e-01
4.726613863395276449e-01 5.470459288032822887e-01 4.406941834681217252e-01 5.253633899803816787e-01 4.444591573859565936e-01
4.854298717206535496e-01 5.290134254796642344e-01 4.653812980329510851e-01 5.061017369160172308e-01 4.610819843553902730e-01
4.916018176002120432e-01 5.064413950331134728e-01 4.870587527841511721e-01 4.835662208080197533e-01 4.698865048687104196e-01
4.948805872795070115e-01 4.779038335248577685e-01 5.075631222392639197e-01 4.662037345889522566e-01 4.799302746704473543e-01
5.059817316713391966e-01 4.465522871915075243e-01 5.174243046626327835e-01 4.606676802170514007e-01 4.967608487083766122e-01
5.276507294763910227e-01 4.189553383057386116e-01 5.149502100094403012e-01 4.588262676867598810e-01 5.185814177206100606e-01
5.540522062750359300e-01 3.963767633627163223e-01 5.048302662090827786e-01 4.541217790995651926e-01 5.301877615896392060e-01
5.805937715026799895e-01 3.702313355424634023e-01 4.894099186601967855e-01 4.458895055958234654e-01 5.298226617137121730e-01
5.760201649956334657e-01 3.373898471005564170e-01 4.834532807218885342e-01 4.420479279287551910e-01 5.426848732488226412e-01
5.725171220624620805e-01 3.145587253135128658e-01 4.891732605305714188e-01 4.468970852227787671e-01 5.734326977132765402e-01
5.784151906580098368e-01 3.002852926930137389e-01 4.957048955800932855e-01 4.424442274623240912e-01 6.060036340358259110e-01
5.803435242611139078e-01 2.810809563272352873e-01 4.999816605986258100e-01 4.312769409664627962e-01 6.392322048708132254e-01
5.836879084304812393e-01 2.506524275948004976e-01 4.974421273090535722e-01 4.208682515706874683e-01 6.683576865525537869e-01
6.039360931767928653e-01 2.244387936863315725e-01 5.099643995461833335e-01 4.161432541460156620e-01 6.784774655365800600e-01
6.409393618671974657e-01 2.060669625939720584e-01 5.140614198711731531e-01 4.111512217938996794e-01 6.888854046984907997e-01
6.759283867420868841e-01 1.946378017815031947e-01 5.254442258993359260e-01 4.001844756974062278e-01 6.973468710218325706e-01
7.098614997757037859e-01 1.846841291666305729e-01 5.310991030187430795e-01 3.822943740825056058e-01 6.963558833304119844e-01
7.431765870937870888e-01 1.774559260102097635e-01 5.306503766055585825e-01 3.498220768433786265e-01 6.870215712883597226e-01
7.651518570985140766e-01 1.746258986937984370e-01 5.257838876482486823e-01 3.170476913499324367e-01 6.744958519976250733e-01
7.853554455358440212e-01 1.725600495412835389e-01 5.200455142907911554e-01 2.837747565945369366e-01 6.612183745439199622e-01
8.006687760353088379e-01 1.709942370653152466e-01 5.156961083412170410e-01 2.585555016994476318e-01 6.511546969413757324e-01
