2.099598497152328491e-01 7.175976037979125977e-01 1.506956070661544800e-01 7.852171063423156738e-01 4.764776825904846191e-01
2.419145580871260581e-01 7.095603242908059549e-01 1.627851230815368089e-01 7.879850308972464745e-01 4.641043534642053658e-01
2.727848896674527901e-01 6.939007934461748350e-01 1.718916629728083623e-01 7.879815214674932289e-01 4.535492247216542094e-01
3.099645415528095027e-01 6.780029510352418853e-01 1.659942210405789265e-01 8.012275270853628228e-01 4.335542365611232962e-01
3.263859345173625859e-01 6.737675215170447762e-01 1.501428839806972504e-01 7.828406015372030291e-01 4.002747096104447566e-01
3.443298403262766150e-01 6.744192091244958220e-01 1.671899038622875477e-01 7.585633312450714705e-01 3.759094420958156713e-01
3.600881333767050885e-01 6.777274672641904196e-01 1.979786943465361437e-01 7.370871758132955254e-01 3.548942221547615183e-01
3.748025376382686513e-01 6.832238190573997061e-01 2.335201473255297255e-01 7.174560731377345180e-01 3.371795382541288855e-01
3.849853366281187350e-01 6.889605655646175997e-01 2.637992087866050661e-01 7.066251839118621314e-01 3.251606972948201113e-01
3.910320520823956647e-01 6.958584794065710843e-01 3.010276756826522626e-01 7.048220220273938574e-01 3.094099302338950142e-01
3.999552451780428730e-01 7.008725216341668007e-01 3.418504325242953668e-01 7.083086113801045913e-01 2.899066083124389737e-01
4.190050488806926210e-01 6.999576823399821235e-01 3.724785315050185286e-01 6.996080054395731329e-01 2.736821913829126651e-01
4.402786218065202206e-01 6.910142196487726318e-01 3.943956396705842748e-01 6.795975311532249652e-01 2.608723964153594199e-01
4.598467458905224903e-01 6.670215731926409930e-01 4.180538699013913173e-01 6.515294165067335719e-01 2.496926406911303131e-01
4.692867387749997676e-01 6.388113055658916073e-01 4.397325162044059543e-01 6.274889124675143703e-01 2.511744679628595267e-01
4.804764208429340711e-01 6.184606374024953501e-01 4.586831436747160762e-01 6.071010099030295093e-01 2.638939596345853400e-01
4.962691168668959540e-01 5.992203379854564860e-01 4.788869494172635632e-01 5.815774825878924359e-01 2.831150409758856346e-01
5.122122557382891017e-01 5.785830408679775161e-01 4.926033428078168686e-01 5.531430001127736196e-01 3.035776297699190884e-01
5.291192833495119707e-01 5.564624942539121433e-01 4.971603431227489267e-01 5.285747737085838560e-01 3.223487734511501501e-01
5.490409831608032976e-01 5.362087788310049286e-01 5.015740577011392753e-01 5.084168022990599445e-01 3.385041506243114395e-01
5.626355504445257338e-01 5.142323749122723608e-01 5.130218543287475841e-01 4.823542207641468571e-01 3.605549327966040551e-01
5.577507905475921346e-01 4.969344470193358676e-01 5.220381751700875483e-01 4.482627224661112630e-01 3.920505312579040114e-01
5.682657853749187860e-01 4.838734281359051703e-01 5.241497886181393229e-01 4.230864266251286310e-01 4.244495869954882927e-01
5.962131939704962136e-01 4.669377463487321411e-01 5.351676018690015857e-01 4.177188211687939412e-01 4.499263686604490498e-01
6.263519234841653516e-01 4.480379613533106986e-01 5.471743275578663246e-01 4.226304338240129410e-01 4.751574307705109246e-01
6.512706604634000973e-01 4.307082013718922520e-01 5.569590978228674549e-01 4.296256937537532017e-01 4.921269231103141406e-01
6.828065979161160870e-01 4.082526599242035092e-01 5.691447894116216100e-01 4.370527288970603719e-01 5.081418663663962443e-01
7.125685868182071170e-01 3.907415241962453600e-01 5.809490064927805841e-01 4.398401469389754959e-01 5.184109193400441296e-01
7.468515778052033927e-01 3.732737880260157404e-01 5.955259643152973625e-01 4.379082654928642127e-01 5.371209602914818193e-01
7.604526712790187215e-01 3.557171260061185447e-01 6.016184845005033699e-01 4.345292086324015202e-01 5.757494014848899555e-01
7.508697220593268939e-01 3.360659714551610944e-01 5.958255099071703142e-01 4.366908341391761428e-01 6.128070128195416411e-01
7.390490816159982490e-01 3.105503173906480341e-01 5.858327890314328767e-01 4.399425964990926752e-01 6.425100250765142240e-01
7.285190063790283332e-01 2.836540748210300000e-01 5.715096941415340748e-01 4.396794772409545193e-01 6.642325909476581858e-01
7.210667760259487080e-01 2.544537055388149671e-01 5.516009502351948424e-01 4.294066585057074725e-01 6.839508589465407296e-01
7.239008860156795899e-01 2.280730062470451847e-01 5.322999627084175067e-01 4.016004199541002295e-01 6.978921804273267027e-01
7.356731380264739384e-01 2.086877907320345560e-01 5.207887726135871365e-01 3.620213585943143908e-01 6.962757452827508242e-01
7.493688972758730804e-01 1.913431018103299575e-01 5.125206884697823817e-01 3.198659592092780724e-01 6.770298397415727143e-01
7.798291609065355345e-01 1.792605823247681307e-01 5.144061534798560764e-01 2.834617269922093397e-01 6.616659891782793457e-01
8.006687760353088379e-01 1.709942370653152466e-01 5.156961083412170410e-01 2.585555016994476318e-01 6.511546969413757324e-01
