2.099598497152328491e-01 7.175976037979125977e-01 1.506956070661544800e-01 7.852171063423156738e-01 4.764776825904846191e-01
2.299653972480949771e-01 7.215086129532465309e-01 1.507237174043760120e-01 8.385715321086140150e-01 4.624064327762806847e-01
2.384225632511857429e-01 7.435148900014310058e-01 1.290485775589710615e-01 9.031120966095330660e-01 4.781434945692782379e-01
2.458615325008549901e-01 7.028559868228196894e-01 1.321204980455444600e-01 8.737162596944436643e-01 4.526392871911176785e-01
2.555594577486556829e-01 6.752861941093780684e-01 1.250004317356931405e-01 8.309436721264900072e-01 4.159712094408575811e-01
3.028445855517559182e-01 6.496845729690671201e-01 1.360448471102309875e-01 8.091135220868286293e-01 3.917017776116425432e-01
3.438301902092574802e-01 6.458025952987048734e-01 1.612735902462018867e-01 7.744566140354405270e-01 3.497568002269750287e-01
3.455215714972282859e-01 6.562691317335680452e-01 1.840165196340621256e-01 7.230271764384497146e-01 3.032849005247911234e-01
3.471734587948732687e-01 6.578278109603749035e-01 2.249565211500219875e-01 6.838109272252198556e-01 2.711557893023056054e-01
3.553830303078563402e-01 6.615505924682597572e-01 2.852514831428955011e-01 6.816421432402614000e-01 2.471186093523291827e-01
3.838066110126534536e-01 6.530162177007483582e-01 3.439294693501184219e-01 6.803921189214655607e-01 2.321455517442659877e-01
4.072320697688125435e-01 6.288816001678165790e-01 3.847124013729990022e-01 6.649030364150289030e-01 2.436362453106018788e-01
4.336013548738434920e-01 6.058678314578109791e-01 4.183916315032711886e-01 6.311818670688003063e-01 2.483995219716674530e-01
4.638963133687816764e-01 5.894936255154433757e-01 4.544545251103394023e-01 5.827185254745514964e-01 2.416712923392556611e-01
4.610475032361558423e-01 5.735403821072101449e-01 4.618011911289839344e-01 5.329345706480673739e-01 2.811118873639935067e-01
4.468484951005168848e-01 5.635170758496728105e-01 4.528422630087373668e-01 5.012077751988849306e-01 3.262982286880535820e-01
4.542929028306230133e-01 5.503098949391719286e-01 4.545155424004898581e-01 4.604773072021661195e-01 3.690696339453757302e-01
5.052420766241016992e-01 5.402534019072432470e-01 4.867870129923750344e-01 4.564008645786886698e-01 3.740425195548188197e-01
5.516711381187484609e-01 5.378804696754893033e-01 5.103084821458779841e-01 4.914523474566866446e-01 3.906875569455634523e-01
6.180615734412935325e-01 5.415052284752963629e-01 5.248093055723089817e-01 4.891023458736381002e-01 4.137866952804226117e-01
6.609385949975526975e-01 5.294413561637030252e-01 5.649174410443380534e-01 4.809692302091939098e-01 4.484511232840723838e-01
6.568774527441310074e-01 4.919720546230788583e-01 6.012574129271937018e-01 4.702905045069414869e-01 4.819087540546417303e-01
6.405571046446892902e-01 4.465712359031463463e-01 5.995240227454935455e-01 4.634380500352335841e-01 5.068589098252799241e-01
6.577533068321221865e-01 4.008685358219737371e-01 5.885683974390972795e-01 4.716013453225980645e-01 5.460843274939198855e-01
6.907889936591639080e-01 3.715195289612324148e-01 5.973341654200806650e-01 4.735543669464485905e-01 5.886446529910901448e-01
7.176998913545536984e-01 3.394253579914872088e-01 6.077466742230989150e-01 4.737285487041961174e-01 6.399222107822222227e-01
7.317953122376246178e-01 3.049195630144985181e-01 6.085542000122856621e-01 4.733604520333652421e-01 6.855080261283627019e-01
7.489285553545056429e-01 2.561844676469799964e-01 5.940926115157827425e-01 4.605287806534523187e-01 7.156329732007898903e-01
7.746827856064403273e-01 2.090215116930010386e-01 5.488899905555371106e-01 4.443924200516704004e-01 7.107271306772130481e-01
7.693146991188614114e-01 1.887519177344008647e-01 5.296381328763969387e-01 3.891792298773856240e-01 6.806064428531622967e-01
7.897156275837546868e-01 1.763063887869237845e-01 5.240109617433813538e-01 3.122264043255251753e-01 6.632667619168148843e-01
8.006687760353088379e-01 1.709942370653152466e-01 5.156961083412170410e-01 2.585555016994476318e-01 6.511546969413757324e-01
