2.099598497152328491e-01 7.175976037979125977e-01 1.506956070661544800e-01 7.852171063423156738e-01 4.764776825904846191e-01
2.290825651015737097e-01 7.062500151073042298e-01 1.546815304142125647e-01 7.986122067585454953e-01 4.478966119495668141e-01
2.529885386229798749e-01 7.038715790917599024e-01 1.634954158223337339e-01 8.238424027212669642e-01 4.298581558546247794e-01
2.675517907066414236e-01 6.765250392340198538e-01 1.609842157923833672e-01 8.050404013458384300e-01 4.093003532684395540e-01
2.915715144255876523e-01 6.672273999623135055e-01 1.683622605446392639e-01 8.010281873513755979e-01 3.922987379275911790e-01
3.229541875472782264e-01 6.617014170194086553e-01 1.804027765857431909e-01 7.993564566314852460e-01 3.717546729287642404e-01
3.543466232049494180e-01 6.572534994312058121e-01 1.945209696295686630e-01 7.917197126700383780e-01 3.492958191344352481e-01
3.826258932590335671e-01 6.489717109855426269e-01 2.143164806446429538e-01 7.906104445681190196e-01 3.355013375617351135e-01
4.103171646408022566e-01 6.364577863847710182e-01 2.521475474728046562e-01 7.945141462386900999e-01 3.338074614663285589e-01
4.272773719865755049e-01 6.315552564172903782e-01 2.835107088118148377e-01 7.797676726080334797e-01 3.302676153607784215e-01
4.373215119691470920e-01 6.319094417460303648e-01 3.056239725498079984e-01 7.558988801134126634e-01 3.263899884241059923e-01
4.433837144184725187e-01 6.378044855784900102e-01 3.280074121741210491e-01 7.207205664550733193e-01 3.197481483055776841e-01
4.447376083908555211e-01 6.447902624031343066e-01 3.445321049758622856e-01 6.894197879460247647e-01 3.136279527177414650e-01
4.447246143999492585e-01 6.487350580320434545e-01 3.608412063599442665e-01 6.502426150305119501e-01 3.090275645159559215e-01
4.451316769438639631e-01 6.426433492390382085e-01 3.704380031233971415e-01 6.119950446324269322e-01 3.101862414936831791e-01
4.520585877693987231e-01 6.302570952097574786e-01 3.799886229124187498e-01 5.785816780208562493e-01 3.158898637731635817e-01
4.672513304168127712e-01 6.193895109721737624e-01 3.962713915221729999e-01 5.536892181430097537e-01 3.236404857693025439e-01
4.921769208203510826e-01 6.131584085155115105e-01 4.242688967271349698e-01 5.356586268905110249e-01 3.338122603241579500e-01
5.254069396912722789e-01 6.104151523559088188e-01 4.531620019032328583e-01 5.305452013129811073e-01 3.418745587927237151e-01
5.484896729374889590e-01 6.243872341455543040e-01 4.703100028465452831e-01 5.361006931357268357e-01 3.684306716622079980e-01
5.563070416766036086e-01 6.224031739581848965e-01 4.889607317843063239e-01 5.244501992633365806e-01 4.031037920471197689e-01
5.434358440429239989e-01 6.105039057169725503e-01 5.121310202678504009e-01 5.034013191468329484e-01 4.136104902569616715e-01
5.257307149548142711e-01 5.900832752450244634e-01 5.221751229232622915e-01 4.861335005285979394e-01 4.289918548588055325e-01
5.104516520054048767e-01 5.650585876964691057e-01 5.156961660549745918e-01 4.755539269645705502e-01 4.531553019111128622e-01
5.101705232210889118e-01 5.344430408314649883e-01 5.090003082696888947e-01 4.713713152791725314e-01 4.747340733986764594e-01
5.235380210284547031e-01 5.010331009710159433e-01 5.024891795493801050e-01 4.681859960958164035e-01 4.906785491719230508e-01
5.382202569205714049e-01 4.752355847967410507e-01 4.948847804169420606e-01 4.644311455381434639e-01 5.003266351240209797e-01
5.608834511491318509e-01 4.434778419387027659e-01 4.839702081504483888e-01 4.566992113834361100e-01 5.088470967129765654e-01
5.824812948913111743e-01 4.155027042609599208e-01 4.806265123822532903e-01 4.465673923688176505e-01 5.148578720916829887e-01
5.980283141955025084e-01 3.831967901467264181e-01 4.857027972942041805e-01 4.356743443215155276e-01 5.306730488361085518e-01
5.951892655816523048e-01 3.559747999630493709e-01 5.066962201242897201e-01 4.462247261202728077e-01 5.505757430489147675e-01
5.696978390340361464e-01 3.466024911184648616e-01 4.897922937704278223e-01 4.523175206659298953e-01 5.596127786740729970e-01
5.455848174926588579e-01 3.396237436048746283e-01 4.708944000404084451e-01 4.550635170789712469e-01 5.805768763127681087e-01
5.311934919186170889e-01 3.238061920815276107e-01 4.610469125722609363e-01 4.526594290467040871e-01 6.166910331307250415e-01
5.394423664371646998e-01 2.949264897757484238e-01 4.563493819696216036e-01 4.356738400744089579e-01 6.413846118288621945e-01
5.616365957301389100e-01 2.734486265999713783e-01 4.577977101806625093e-01 4.497132846272254292e-01 6.580129993983327985e-01
5.742946048517276747e-01 2.514761406365573770e-01 4.732446808562138507e-01 4.382776238128329727e-01 6.873641570960922209e-01
5.878622768711896374e-01 2.240654585253870068e-01 4.748569498881246020e-01 4.251876404268356002e-01 7.094589658740467764e-01
6.204205253668415576e-01 2.137493977273014489e-01 4.778888742162792358e-01 4.083455678572377456e-01 6.954195930344717613e-01
6.534590072009345274e-01 2.016743381341354890e-01 4.804236331036819685e-01 3.880839331487841437e-01 6.851249415088327410e-01
6.810253037181674962e-01 1.935712908749348815e-01 4.927422131516153159e-01 3.641991482762713117e-01 6.802907474916454200e-01
7.157098741205141224e-01 1.861945627893639155e-01 5.007170598454668831e-01 3.339424595900589710e-01 6.722283572023328713e-01
7.464027333634516426e-01 1.806744448600010045e-01 5.062043001608242943e-01 3.066936443968767967e-01 6.646329223700384592e-01
7.767473470228222210e-01 1.752614434467893445e-01 5.115119518336125326e-01 2.797756442901416785e-01 6.570961365034179158e-01
8.006687760353088379e-01 1.709942370653152466e-01 5.156961083412170410e-01 2.585555016994476318e-01 6.511546969413757324e-01
