2.099598497152328491e-01 7.175976037979125977e-01 1.506956070661544800e-01 7.852171063423156738e-01 4.764776825904846191e-01
1.791760862880088789e-01 7.061310515008292210e-01 1.352840559819432908e-01 7.901386347751643280e-01 4.686189816069581959e-01
1.774597479756832297e-01 6.853154005745871746e-01 1.476585188410318716e-01 7.661348811495946043e-01 4.524731373325364681e-01
2.071611482474457200e-01 6.635449517064643254e-01 1.570514557153986357e-01 7.679081739248424521e-01 4.454188416086443669e-01
2.226465648584295687e-01 6.452925091830675752e-01 1.565224019745428408e-01 7.764825541227113881e-01 4.162408435433713194e-01
2.489951879042877902e-01 6.324711952451602670e-01 1.633373961495426241e-01 7.829054826704597847e-01 3.858652480583677491e-01
2.796231042964498759e-01 6.242465157820014099e-01 1.742123048923023831e-01 7.828314985716404717e-01 3.619693307750501687e-01
3.019992409596113370e-01 6.204868282953190928e-01 1.836308058652960373e-01 7.775873028370648976e-01 3.485143214424742397e-01
3.227442425640201784e-01 6.197992784890199447e-01 2.080971869444614986e-01 7.634254852406839875e-01 3.406828982098193959e-01
3.437638425751823323e-01 6.146288334029108569e-01 2.446433960799362095e-01 7.565804379951840408e-01 3.373851647799878672e-01
3.686845931346635075e-01 6.085600163531688089e-01 2.734155195987830189e-01 7.541934317423480971e-01 3.327304648119598363e-01
3.962579774014288181e-01 6.089773071447637243e-01 2.983559201772723601e-01 7.408226418169990835e-01 3.292000400495348478e-01
4.136210983462793589e-01 6.151186837549421638e-01 3.178539805316349387e-01 7.131834408664410319e-01 3.253146285556020589e-01
4.180662695785238303e-01 6.196224600866541143e-01 3.351229072401291642e-01 6.789441859193536821e-01 3.148372042019342287e-01
4.170363371123180229e-01 6.204540418710221550e-01 3.498910400657727071e-01 6.521508985397295177e-01 3.037176625703209010e-01
4.181717063613987762e-01 6.193940503504252737e-01 3.713286500154818204e-01 6.159157652820487217e-01 2.968673283974382349e-01
4.242773534385417267e-01 6.175611058161705191e-01 3.878252889885168697e-01 5.802935257180674711e-01 3.013519252132526582e-01
4.344485045381465405e-01 6.132641498365506427e-01 3.991837004174639825e-01 5.468685833464945745e-01 3.136071367700682400e-01
4.480687088360591486e-01 6.013098370141843896e-01 4.093073125306778137e-01 5.194149390059733529e-01 3.364753397038198202e-01
4.601707687914151079e-01 5.843988753643682976e-01 4.179871451332646259e-01 5.032241577195705196e-01 3.659040356236966107e-01
4.675545578965075721e-01 5.682834210786221751e-01 4.266429281312640320e-01 4.944747919712424999e-01 3.933530000521144321e-01
4.715761652912578428e-01 5.489232973413649130e-01 4.431159456345203917e-01 4.898818181066342259e-01 4.227636203485339306e-01
4.750873262159809873e-01 5.304663952335370025e-01 4.664106389801805364e-01 4.901321587820801629e-01 4.458110768547207670e-01
4.832485016517374943e-01 5.150638381640429975e-01 4.916977090947796114e-01 4.919149377331476503e-01 4.612667724816540971e-01
5.021986515645512350e-01 5.017781662355852434e-01 5.180260152076513469e-01 4.910893176846220509e-01 4.713114937974994256e-01
5.301358999052648846e-01 4.918558986765653174e-01 5.390960442237932027e-01 4.839656490971594449e-01 4.756692768408038452e-01
5.592202080532591157e-01 4.833143467111730152e-01 5.544723991923240503e-01 4.699657143994458441e-01 4.766600087163601618e-01
5.805781632998444630e-01 4.678020484738072415e-01 5.676280592527169766e-01 4.465357927107726499e-01 4.808708810915791609e-01
5.703997554666089265e-01 4.453389572678528863e-01 5.635410253433396077e-01 4.314985917803832449e-01 4.955123367743152762e-01
5.543344520541250153e-01 4.236647713524828163e-01 5.390954283528264224e-01 4.349223473675359330e-01 5.110047141550563277e-01
5.577075155000037476e-01 3.970611869704636643e-01 5.164885218610930639e-01 4.339996478436167204e-01 5.234183267648230276e-01
5.753853766647745172e-01 3.661298216334733513e-01 5.021639478536885637e-01 4.299529735223182048e-01 5.407109165577994592e-01
5.955964411100980183e-01 3.421840478650158834e-01 5.101343214477747079e-01 4.258124570825503330e-01 5.641010428384947151e-01
6.011442475052658496e-01 3.199152667477915268e-01 5.189295752814384599e-01 4.233795917456874003e-01 5.898048316565875915e-01
5.988613139081851999e-01 2.943885065852944738e-01 5.140910711396841082e-01 4.260490580960417106e-01 6.243160546444790349e-01
5.950340386206858234e-01 2.716541648318040458e-01 5.010549302561533302e-01 4.294919975619079788e-01 6.552711754517912546e-01
5.810881150616594715e-01 2.510368944154627302e-01 4.887714758797214731e-01 4.312736295436581102e-01 6.806873025254430720e-01
5.973193023429802517e-01 2.216769781943300488e-01 4.862866419624328196e-01 4.123681723028393975e-01 6.786915634548975618e-01
6.228650644687160343e-01 2.191917179157934770e-01 5.005147130113987153e-01 3.927548716724449385e-01 6.665556902252017801e-01
6.506134922259944053e-01 2.131420733924100086e-01 5.117408509527325844e-01 3.694360088533735209e-01 6.606388398710035803e-01
6.801904107785124998e-01 2.049891376170012158e-01 5.167654340714932237e-01 3.459593080688918021e-01 6.591401400980253511e-01
7.113988187834008325e-01 1.965978276822674953e-01 5.168187074695732575e-01 3.224090520357301703e-01 6.578656106578032459e-01
7.443396296103870213e-01 1.871500463573067541e-01 5.164044659188872233e-01 2.988469513356767915e-01 6.553892687168603182e-01
7.764443314242776006e-01 1.779420701531442273e-01 5.160007387145523206e-01 2.758829077042928013e-01 6.529757816894535827e-01
8.006687760353088379e-01 1.709942370653152466e-01 5.156961083412170410e-01 2.585555016994476318e-01 6.511546969413757324e-01
