2.099598497152328491e-01 7.175976037979125977e-01 1.506956070661544800e-01 7.852171063423156738e-01 4.764776825904846191e-01
2.410456718321544178e-01 7.001882054881696238e-01 1.457078597581207557e-01 7.829048514381595769e-01 4.633696946938886119e-01
2.719711900408117167e-01 6.821055652268943614e-01 1.383936926788328636e-01 7.837414727006569715e-01 4.336103840512921526e-01
3.128816496988066076e-01 6.736901441339812058e-01 1.502257038068947337e-01 7.728414542053104741e-01 4.258698109424263745e-01
3.409492908518924059e-01 6.694396858300087905e-01 1.664519674562573992e-01 7.540585679786122597e-01 4.244443071038502269e-01
3.671518414428475707e-01 6.632229404265456152e-01 1.837750873400405272e-01 7.283325065526021769e-01 4.224303762634529225e-01
3.815301294493781969e-01 6.506589054745154366e-01 2.119692821043389352e-01 6.995493231135099244e-01 4.043527842788613991e-01
3.762957956158252126e-01 6.568218330878494715e-01 2.485917192614121585e-01 6.986649871909006437e-01 3.744443772367022083e-01
3.830880770225698617e-01 6.619343223403081344e-01 2.779072390472503984e-01 6.856815249648721133e-01 3.524561652500745601e-01
3.984075319607035537e-01 6.636816380362610124e-01 3.075490202400134598e-01 6.667396184818003002e-01 3.310320907985663252e-01
4.156599340367889139e-01 6.648825343163755619e-01 3.371001370939029629e-01 6.503783188440174223e-01 3.081794398073797181e-01
4.398486183390321047e-01 6.679941897266000739e-01 3.720724661496852548e-01 6.432568891348333651e-01 2.827221874605750362e-01
4.544474447355458246e-01 6.637440330753450191e-01 4.022743044796632805e-01 6.417433831487384666e-01 2.698984985055194463e-01
4.715583724605205140e-01 6.445494489432804786e-01 4.361679945719577622e-01 6.355883319634607620e-01 2.629748454161247029e-01
4.964195923928509946e-01 6.228742037956207511e-01 4.587558950230158361e-01 6.193066141646442757e-01 2.645377636984435621e-01
5.210094113404809546e-01 6.064054463035828402e-01 4.723510597007851697e-01 5.973829158967530750e-01 2.741088353622699314e-01
5.430639839530798652e-01 5.910120797966799122e-01 4.859582098316417298e-01 5.717265954292582997e-01 2.906967477876895578e-01
5.565533092831633777e-01 5.775197622734344893e-01 5.002000903795544851e-01 5.478274813147848699e-01 3.179707254737977329e-01
5.503101567278266826e-01 5.732242819421374813e-01 5.076915318068430105e-01 5.366916532659947725e-01 3.556803280261409683e-01
5.283553506400610056e-01 5.766528130607411207e-01 5.060534173162749561e-01 5.404323705213094353e-01 3.871312667279872555e-01
5.052419419543917600e-01 5.721633567549637700e-01 5.032012801387693024e-01 5.423641407807272552e-01 4.179327668097903570e-01
4.940203973813683258e-01 5.487277652322278820e-01 5.029603266827833430e-01 5.331465808448799804e-01 4.499111945791897660e-01
4.928739898091440419e-01 5.147388300537369954e-01 5.065115810822868880e-01 5.187251341908228897e-01 4.747825613981356274e-01
4.946362573306945509e-01 4.823609799152654420e-01 5.105927603020459227e-01 5.028652323965386861e-01 4.894774324274735466e-01
5.081619504793400965e-01 4.494092761248668078e-01 5.147085982574393093e-01 4.804774846418342626e-01 4.945509924420850023e-01
5.301683144738489339e-01 4.251090024465450368e-01 5.190380502097756699e-01 4.600565591585962233e-01 4.980241365192163427e-01
5.545318647471269013e-01 4.019218477465580364e-01 5.255763820536748510e-01 4.399782824608717835e-01 5.141634229605247519e-01
5.781171767586091859e-01 3.853343090458941078e-01 5.321721444619337271e-01 4.250220983026145039e-01 5.338737833145078548e-01
6.125739713456699320e-01 3.745098507494301621e-01 5.330250162102604383e-01 4.153648515321894941e-01 5.468810388630365171e-01
6.321865627053747660e-01 3.511941951627829406e-01 5.156081562145695685e-01 4.182237355416454916e-01 5.753783049597529509e-01
6.183926794197037724e-01 3.309596356349808199e-01 5.078285639893233006e-01 4.285444685222121741e-01 6.094594256915314423e-01
6.219964156507655773e-01 3.165414858787570784e-01 5.207999037297184053e-01 4.385477429884230838e-01 6.404444788457683835e-01
6.495310060823930032e-01 3.129521881406081008e-01 5.434637665362367365e-01 4.409810144759251926e-01 6.493540985714806313e-01
6.860741602385942439e-01 3.042070199418229759e-01 5.628745345937111733e-01 4.383417825122966072e-01 6.536278809237012766e-01
7.123804431979039453e-01 2.785631637821562312e-01 5.694957207653886799e-01 4.269737268953142095e-01 6.697740078601600588e-01
7.199652710988999615e-01 2.523431470425077094e-01 5.692462506595250549e-01 4.070024546801244147e-01 6.983591715249611864e-01
7.343449976830884740e-01 2.295250262066774460e-01 5.671840879735152718e-01 3.934858155380647760e-01 7.320995777694909723e-01
7.307653222452294983e-01 2.134326787104330880e-01 5.561449392353221555e-01 3.819451469349831596e-01 6.941180729980211961e-01
7.592042721326885957e-01 1.978474689299438427e-01 5.584643588872839626e-01 3.558379796714556953e-01 6.752658203124028979e-01
7.759443831728251029e-01 1.878526064007483010e-01 5.459398602646530207e-01 3.227073109094625858e-01 6.663318572411783824e-01
7.899735502744877902e-01 1.782867949454866596e-01 5.287788868132511366e-01 2.863061561354290352e-01 6.577200009598564989e-01
8.006687760353088379e-01 1.709942370653152466e-01 5.156961083412170410e-01 2.585555016994476318e-01 6.511546969413757324e-01
