2.099598497152328491e-01 7.175976037979125977e-01 1.506956070661544800e-01 7.852171063423156738e-01 4.764776825904846191e-01
1.862699677808936360e-01 7.057772323783872981e-01 1.227432136613052643e-01 8.027850253788010315e-01 4.804585795281134941e-01
2.076085938089155813e-01 6.820360875171476156e-01 1.073617999108956306e-01 8.022748791491478570e-01 4.572554657326434735e-01
2.461082270861206511e-01 6.822092525910173899e-01 1.258683605864905075e-01 7.923399998420624923e-01 4.423791532047323116e-01
2.823708718074506852e-01 6.777023520400705658e-01 1.562626136817044931e-01 7.766049774265462169e-01 4.270628168252869061e-01
3.074949473130341726e-01 6.762214144916833813e-01 1.893937844866035169e-01 7.596472641611839993e-01 4.062415301161372283e-01
3.291390522301648747e-01 6.739753162105839301e-01 2.159554690048173797e-01 7.407852174540013879e-01 3.859212423195249042e-01
3.604886706776094796e-01 6.735679990893410629e-01 2.467106065163482131e-01 7.215996133133588675e-01 3.573951439261158214e-01
3.887625561575889788e-01 6.705870092307056884e-01 2.541118996279190800e-01 7.070848892358824189e-01 3.318985721072862938e-01
4.060599151110121929e-01 6.695631301445308381e-01 2.694158480204495998e-01 6.736510217851950921e-01 2.984837099946382466e-01
4.144039071739219482e-01 6.717306906710794889e-01 3.071482180904999137e-01 6.504380121135613368e-01 2.868666719186219738e-01
4.284465887002122386e-01 6.706960963679023946e-01 3.478199882717077362e-01 6.415934237272593599e-01 2.856681374265287454e-01
4.452702629412325641e-01 6.571249227815499916e-01 3.939435715731511856e-01 6.324473791772365905e-01 2.867196020817004976e-01
4.537165998094214725e-01 6.362813087644382248e-01 4.203184493363205654e-01 6.220143786715772727e-01 2.905409967012280159e-01
4.648711641069507294e-01 6.091584771182610991e-01 4.574681659805934220e-01 6.046211355340184168e-01 2.985030563494713851e-01
4.750481463992091147e-01 5.852385688290988597e-01 4.986152072650008593e-01 5.810738030631631412e-01 3.109963305846559223e-01
4.783080912483079206e-01 5.629981492580654612e-01 5.202999907202350283e-01 5.542414337524249612e-01 3.311438390319065284e-01
4.834616058851861076e-01 5.375974141179837851e-01 5.238463177228015466e-01 5.226294556073025621e-01 3.616151056900978045e-01
4.992021234796945039e-01 5.151530434013336102e-01 5.173400099489642301e-01 4.908324927727146791e-01 3.932699083996593625e-01
5.284155205431614322e-01 5.020044788036067684e-01 5.153050261439606761e-01 4.684395966625404251e-01 4.161410447994671746e-01
5.752582765222408190e-01 4.913481722961846043e-01 5.229269376089320520e-01 4.576335652866239112e-01 4.333457950704994177e-01
6.137368330847214892e-01 4.691193463737725611e-01 5.352424196786986776e-01 4.510057802936151550e-01 4.452520309900036000e-01
6.333816088804872235e-01 4.303656311572434112e-01 5.469797116460185515e-01 4.379208005801936698e-01 4.632248004197441760e-01
6.311911364083995224e-01 3.886360589937967180e-01 5.601927656468201899e-01 4.283316863467697133e-01 4.947762423894634942e-01
6.212753838634268444e-01 3.630931922513205845e-01 5.734752271221940090e-01 4.299629062588201656e-01 5.291957291285700471e-01
6.178510817589142334e-01 3.439934922601743383e-01 5.804932139660823331e-01 4.368823338636814713e-01 5.656402379833316285e-01
6.271671168930790241e-01 3.238228249317111063e-01 5.770740688221375203e-01 4.482981060599048329e-01 6.111138560082792770e-01
6.313776276201887860e-01 3.122035515040157971e-01 5.725835903374398850e-01 4.591974205587155966e-01 6.563002796028417629e-01
6.308844726785105550e-01 3.047655329303692318e-01 5.734788034035264159e-01 4.665979126764353557e-01 6.972153017017959087e-01
6.482368697876533803e-01 2.889028295930233803e-01 5.737919860498076341e-01 4.685450179358687239e-01 7.334305752966224778e-01
6.812227226749614228e-01 2.646183443427743143e-01 5.625463057260060573e-01 4.570281857199026132e-01 7.536063280512840246e-01
7.111106751841216322e-01 2.385143504664090086e-01 5.430679658944879140e-01 4.301951626950902274e-01 7.577046025815542540e-01
7.252490756319965870e-01 2.279725061533080799e-01 5.406905030947178892e-01 4.170114131959248294e-01 7.130390241276303165e-01
7.334138490864203774e-01 2.033717782172476118e-01 5.210643516569219980e-01 3.873797621450665862e-01 6.878740261991806992e-01
7.544701133924256453e-01 1.897914582311735765e-01 5.163092549914929386e-01 3.450340923206398625e-01 6.744578497601884104e-01
7.814909535749474667e-01 1.787972718209655532e-01 5.159506355705451019e-01 2.944541828014426987e-01 6.608282178175195476e-01
8.006687760353088379e-01 1.709942370653152466e-01 5.156961083412170410e-01 2.585555016994476318e-01 6.511546969413757324e-01
