2.099598497152328491e-01 7.175976037979125977e-01 1.506956070661544800e-01 7.852171063423156738e-01 4.764776825904846191e-01
1.753738391221321413e-01 7.028406919652337992e-01 1.492944480648155103e-01 7.995597918632507684e-01 4.741375401634058684e-01
1.993158131891639151e-01 6.926508937669866306e-01 1.345168582253672140e-01 8.200392549268511466e-01 4.760463060889453257e-01
2.337256164882933751e-01 6.907295669348745282e-01 1.229112504229113584e-01 8.302293197440874239e-01 4.782967801085012405e-01
2.491732090812365241e-01 6.785954444987170042e-01 1.059553772595195897e-01 8.398253448939777543e-01 4.528185170668279635e-01
2.800808359534172620e-01 6.635324450987322153e-01 1.143771392445886298e-01 8.378887177411280529e-01 4.353008523949168374e-01
3.027973764536276424e-01 6.510722803754258603e-01 1.384914668982012709e-01 8.265435528428659584e-01 4.177867509364135978e-01
3.208022216381340996e-01 6.444146927985530127e-01 1.657414918594416753e-01 8.169509011619960903e-01 3.999724949529182561e-01
3.376045457944195638e-01 6.415786658099407180e-01 1.915372085070977115e-01 8.102375835060513509e-01 3.844461358622342506e-01
3.596323099185660399e-01 6.399521646961636723e-01 2.227325093455966021e-01 8.002545519590252843e-01 3.669486439926946675e-01
3.798355283709891617e-01 6.391059644314769361e-01 2.494218553528067539e-01 7.861322876082068589e-01 3.531671383357798955e-01
4.021762171530025021e-01 6.386818199447472644e-01 2.829206179165901225e-01 7.649750619939996721e-01 3.412904027333346635e-01
4.152923544532435285e-01 6.395199951064513000e-01 3.199005984013588710e-01 7.518610412851309821e-01 3.356331021276824367e-01
4.253694890861720590e-01 6.386057258489107324e-01 3.538872441748134312e-01 7.403333764968150765e-01 3.325135819161759709e-01
4.403656498189237323e-01 6.329786099659339138e-01 3.817501619542076341e-01 7.206047879538324263e-01 3.285691259540191034e-01
4.560568216035242872e-01 6.258204310923335401e-01 3.968400211117800169e-01 6.987552720316581034e-01 3.241508469326925823e-01
4.762958765648999115e-01 6.189594057723240006e-01 4.093942299688780317e-01 6.670502121612427171e-01 3.174141227777804719e-01
4.914542744227314297e-01 6.193226740368357186e-01 4.235141131147200366e-01 6.326812354635193980e-01 3.127744854871027380e-01
5.007055892393300622e-01 6.256508018733032417e-01 4.408793582410696077e-01 6.007622328359085717e-01 3.147132017178463914e-01
5.102465794068875571e-01 6.325267981854734156e-01 4.601098255429255102e-01 5.735954123129638482e-01 3.249014519843142490e-01
5.291035033792412801e-01 6.345490470357915136e-01 4.828979013379447460e-01 5.477241739985750923e-01 3.474176426908191506e-01
5.515406769031778733e-01 6.286615497452597845e-01 5.023063818113013834e-01 5.294259234183812390e-01 3.710647913593972391e-01
5.734636165377806627e-01 6.168493695979798686e-01 5.192341689843436026e-01 5.149513033646644367e-01 3.905644996563697458e-01
5.950088269011546416e-01 5.941357623119818410e-01 5.371122506864628443e-01 4.963917260538702747e-01 4.088857571632240617e-01
6.045010697899796392e-01 5.655366652070015210e-01 5.486010531964028436e-01 4.767730523544416177e-01 4.248158865987715083e-01
6.009359365137115772e-01 5.309052071430752084e-01 5.509637774910909336e-01 4.599203701725775861e-01 4.426556040144478676e-01
5.927130725817990609e-01 4.972431257816300465e-01 5.459004423361967229e-01 4.523046457622545979e-01 4.598225520566396884e-01
5.851086055665229990e-01 4.623638697141873033e-01 5.364232149413576956e-01 4.528247410061220779e-01 4.775908170639250327e-01
5.787881786640475257e-01 4.269572442527841405e-01 5.250611541805669802e-01 4.598671017680578954e-01 4.979480557547009689e-01
5.736830630903126949e-01 3.989276613350880019e-01 5.162871824786264829e-01 4.686197309784825848e-01 5.182811589167358735e-01
5.673630154326257946e-01 3.709399328696886267e-01 5.082687718265416210e-01 4.776339282211649051e-01 5.474564571118812895e-01
5.614732893911392742e-01 3.488714806498159349e-01 5.008805270819980393e-01 4.808947049641000837e-01 5.780380345686082499e-01
5.559476512425465256e-01 3.272652481015171921e-01 4.914751417415866852e-01 4.768565340744007064e-01 6.129169200307058585e-01
5.534029216069189516e-01 3.051493910036878754e-01 4.836790644206084289e-01 4.676241144441352082e-01 6.481225069018587970e-01
5.561710050476255107e-01 2.861614028987670699e-01 4.812256599939597201e-01 4.585717094456666643e-01 6.756347479289636082e-01
5.750176577603812733e-01 2.625602158523952512e-01 4.873227249511952741e-01 4.466100188569698259e-01 7.019472456359883150e-01
6.055275162157709445e-01 2.456701835308233717e-01 5.006557740422815650e-01 4.367404843337859832e-01 7.115598389519759426e-01
6.370651428899765101e-01 2.357346895658072594e-01 5.184702467029673745e-01 4.272564558832919746e-01 7.051475302896251796e-01
6.513303679319389916e-01 2.204280185325553920e-01 5.185873828645802819e-01 4.089417362421169932e-01 6.769529718989629741e-01
6.535465427450936060e-01 2.069797879499657989e-01 4.877587517481951074e-01 3.848957945723014973e-01 6.664557031656510588e-01
6.806320324680451561e-01 1.975664595276555580e-01 4.884890027783302391e-01 3.562987110542670810e-01 6.594602821175279406e-01
7.148980943689791090e-01 1.896566493145547538e-01 4.957421666701374852e-01 3.277756018859034337e-01 6.566031780459641309e-01
7.481993002803707382e-01 1.824108070169159213e-01 5.034894563899225961e-01 3.009003017864612106e-01 6.544877583286058398e-01
7.766867913614170504e-01 1.762123567752674480e-01 5.101168694446303054e-01 2.779098469086276335e-01 6.526781241522561228e-01
8.006687760353088379e-01 1.709942370653152466e-01 5.156961083412170410e-01 2.585555016994476318e-01 6.511546969413757324e-01
