2.099598497152328491e-01 7.175976037979125977e-01 1.506956070661544800e-01 7.852171063423156738e-01 4.764776825904846191e-01
1.900163681371182522e-01 6.934633828752674312e-01 1.220717516994895557e-01 7.946065657009478977e-01 4.666304872078670951e-01
2.081722419388165324e-01 6.757146989456954689e-01 1.029057169842620412e-01 8.075270946381966075e-01 4.442226873277710375e-01
2.506589793299275337e-01 6.799489824198741150e-01 1.101660382251647141e-01 8.130249828661250122e-01 4.279356939477926836e-01
2.820300358706711030e-01 6.762952387704027624e-01 1.469788964574462731e-01 7.877902432764687379e-01 4.218935111027671825e-01
3.197847226052099034e-01 6.711174840094568106e-01 1.817551601595340793e-01 7.707039029532677388e-01 4.185093894160721306e-01
3.436507477591604354e-01 6.656340288717176312e-01 2.061691439910855461e-01 7.503237134295962507e-01 4.014233183391971438e-01
3.648116883773623864e-01 6.619342284563112244e-01 2.306696332235979030e-01 7.247803376243963092e-01 3.754845005776048517e-01
3.833993026985743624e-01 6.585779426359872346e-01 2.544788427061601133e-01 6.951644821807111407e-01 3.385401596816413616e-01
4.019723408720906610e-01 6.489495518235970373e-01 2.588542801241286995e-01 6.708712164688068746e-01 2.857036605352141212e-01
4.391788580334642922e-01 6.522254843128313384e-01 2.811646125195921275e-01 6.632874384873891360e-01 2.900524631293808220e-01
4.571348462298983062e-01 6.558683402655014483e-01 3.292784865840780451e-01 6.554496908115410303e-01 2.931703237312814347e-01
4.697660186759831102e-01 6.553744873038445107e-01 3.756803257616511127e-01 6.475380449105668790e-01 2.941315140033319842e-01
4.682089949435461196e-01 6.368310777775053610e-01 4.201888305046910244e-01 6.372235943167920968e-01 2.853770712643287633e-01
4.472558731013133726e-01 6.082832125531286716e-01 4.568657403236480175e-01 6.207234966693631062e-01 2.779363384255405522e-01
4.360818564805165054e-01 5.762877242007111711e-01 4.888631746336757899e-01 5.930344506670494065e-01 2.797085138065990018e-01
4.427274225873980007e-01 5.625938863858037653e-01 5.056563337721715623e-01 5.674024134157522603e-01 3.061934283578394700e-01
4.584348488164226576e-01 5.503292834661110966e-01 5.144295579643366478e-01 5.337358322588356963e-01 3.415502785274244224e-01
4.755243652134999444e-01 5.356070796917076215e-01 5.151946482600371358e-01 4.975795514623129745e-01 3.728036523398075008e-01
4.962841121088319984e-01 5.177872217112401421e-01 5.109326863580565536e-01 4.641449846773916810e-01 3.995706544704197838e-01
5.380113518730588185e-01 4.976134399444561707e-01 5.092608523214086080e-01 4.469709360711092705e-01 4.244900528007599649e-01
5.891347329975384906e-01 4.771387945089601290e-01 5.187740639309607049e-01 4.546595506897819217e-01 4.411540776971416555e-01
6.234412437652929739e-01 4.438663573813752539e-01 5.332404433939573751e-01 4.584402213848780550e-01 4.578801793946953302e-01
6.262256936040843103e-01 4.059270529669669614e-01 5.441042641629816323e-01 4.521479273283989242e-01 4.791401493794770206e-01
6.130602358524935847e-01 3.722858707451637272e-01 5.489303615435111583e-01 4.485815303669927756e-01 5.150927018195672336e-01
6.178151210398328264e-01 3.511926807142989326e-01 5.489143184842294465e-01 4.537293516551700323e-01 5.546769899348533706e-01
6.262634495386605327e-01 3.309397096398234983e-01 5.455980986579502812e-01 4.530870407458436611e-01 6.009147715924940680e-01
6.366275445413971390e-01 3.098073926062293038e-01 5.455415608850696652e-01 4.591979411556995072e-01 6.505766862271712414e-01
6.456536072734643250e-01 2.902048845967313828e-01 5.515868016021069353e-01 4.760912509229945355e-01 7.008680487281734317e-01
6.694190721052379889e-01 2.722383589756676714e-01 5.568669923394616861e-01 4.720166598989662399e-01 7.364191458246701627e-01
7.126297400006076366e-01 2.568064917935409808e-01 5.481875051439573099e-01 4.593799358240095443e-01 7.507797719846267537e-01
7.470937779727432337e-01 2.443016438608296703e-01 5.301628422392954398e-01 4.308820743107152351e-01 7.288540691274760785e-01
7.613885992146749437e-01 2.163568776679582195e-01 5.390712104044982356e-01 3.906274127733331269e-01 7.136310147941742343e-01
7.772059474651992206e-01 1.929575201800887430e-01 5.239551902734884692e-01 3.434772363849501464e-01 7.015180489682247833e-01
7.906721362755613214e-01 1.803519762050643793e-01 5.192149963805023916e-01 2.947374985497903666e-01 6.726126505636920161e-01
8.006687760353088379e-01 1.709942370653152466e-01 5.156961083412170410e-01 2.585555016994476318e-01 6.511546969413757324e-01
