2.099598497152328491e-01 7.175976037979125977e-01 1.506956070661544800e-01 7.852171063423156738e-01 4.764776825904846191e-01
1.869922622612628371e-01 6.897042935439722244e-01 1.401992868061826825e-01 7.836148540559462194e-01 4.631108126430592553e-01
1.997970350105750803e-01 6.541458490852838370e-01 1.258254232607391443e-01 7.872932359958402238e-01 4.638484386133859827e-01
2.313944427866559961e-01 6.322511349358100885e-01 1.137371748241047809e-01 7.995275230097450558e-01 4.604264781200371748e-01
2.645430701724296729e-01 6.338999152996014352e-01 1.126910079844719859e-01 8.184389932822720981e-01 4.585276846818456264e-01
2.919703881733812234e-01 6.616185551355383554e-01 1.269358304125850767e-01 8.273229495234029063e-01 4.398569708857038574e-01
3.111775046111521781e-01 6.756344725795369044e-01 1.462881663855222503e-01 8.219750423848756204e-01 4.134267535602633159e-01
3.310362213906426487e-01 6.763455031877715351e-01 1.675697617761387204e-01 8.134589930418297810e-01 3.870253331837819610e-01
3.546975830042899402e-01 6.684332394269373312e-01 1.855563517591007072e-01 8.089105945967761668e-01 3.600227568841298798e-01
3.780858186549366784e-01 6.602611768095002498e-01 2.083753621068429041e-01 8.064059572098268847e-01 3.388556628118774006e-01
4.007397031160357947e-01 6.558733650153732997e-01 2.449162500747805171e-01 7.987269755215919975e-01 3.287788664142189954e-01
4.165992727490450132e-01 6.528774809404293000e-01 2.777721902146650934e-01 7.872088816729606586e-01 3.281527908277543926e-01
4.282908966663234729e-01 6.480546911335666183e-01 3.098209932075812190e-01 7.703402169781168318e-01 3.303138175635493834e-01
4.378700813624421539e-01 6.428236535713863775e-01 3.419963912990131027e-01 7.452366566507372392e-01 3.293764961292949822e-01
4.503583432351787597e-01 6.397121302570646373e-01 3.692035932127925024e-01 7.133152460674015982e-01 3.231792679302377125e-01
4.661259196185196241e-01 6.375106387625374404e-01 3.898839699018543103e-01 6.774350257356865912e-01 3.172456240224585389e-01
4.784409278139049038e-01 6.348788149621009680e-01 4.036132956206682221e-01 6.460810500774403220e-01 3.163113890215744073e-01
4.863874357557623762e-01 6.280104162514806854e-01 4.177045884792742747e-01 6.072093413823481667e-01 3.249421012535571029e-01
4.902369200753317058e-01 6.156687961473471526e-01 4.323481337580422079e-01 5.711203116584834261e-01 3.439931099522009483e-01
4.994014331977745802e-01 6.024794790029994740e-01 4.472454823857863193e-01 5.463121293842230219e-01 3.645038650276286596e-01
5.258680974047157397e-01 5.906981463546424616e-01 4.677971480177049446e-01 5.304182113811678478e-01 3.829707691793511892e-01
5.569760513778607702e-01 5.859195668488114128e-01 4.868419226203100636e-01 5.253864899972667812e-01 3.909615942589602655e-01
5.941871965352100160e-01 5.836616408942052470e-01 5.098073652182976145e-01 5.227533053529362927e-01 3.953152147268541583e-01
6.244751202615328456e-01 5.796648557242889410e-01 5.331101382115622789e-01 5.163207616868290550e-01 4.005656830650261013e-01
6.361654929648792312e-01 5.658985283680278977e-01 5.587468540411392182e-01 4.959097794198875087e-01 4.102549119552052481e-01
6.169846660629512147e-01 5.467076648050478438e-01 5.646044324267104342e-01 4.745812178503263090e-01 4.186248282974801005e-01
5.853715833307204797e-01 5.227850803892425402e-01 5.520028738633725451e-01 4.590815151932252092e-01 4.272874290999015834e-01
5.560151350824054095e-01 4.952386060463449535e-01 5.344694411824455482e-01 4.490374208596475958e-01 4.415975821524858458e-01
5.391053163817360883e-01 4.681347213728688783e-01 5.233226974309930224e-01 4.441389409736174465e-01 4.635956039854548516e-01
5.537521892849881500e-01 4.409254679186966897e-01 5.307992027733580143e-01 4.381511881285739540e-01 4.925422991337018441e-01
5.821149732284934819e-01 4.128044349860570117e-01 5.361780018430978290e-01 4.193767602767312641e-01 5.042711254996050663e-01
5.539848353697334193e-01 3.868703584701145837e-01 5.193850333641817363e-01 4.285237673054478891e-01 5.320446158521886515e-01
5.581569453548176352e-01 3.635759823101268884e-01 5.202691925074477419e-01 4.426651525070987026e-01 5.651723325725431790e-01
5.690425403982795061e-01 3.393256379147750468e-01 5.224833495082622514e-01 4.526141405583557487e-01 6.019900240318256657e-01
5.815251362756734821e-01 3.130701965250548557e-01 5.226036624089964722e-01 4.531149092621390984e-01 6.391214179726234512e-01
5.974447803715929872e-01 2.900964376619977192e-01 5.227519061790490973e-01 4.489213835484666126e-01 6.672092155285650472e-01
6.190711055832777143e-01 2.708945837488495600e-01 5.246379016007075569e-01 4.453382598377518820e-01 6.866477371381884964e-01
6.526920555000749191e-01 2.461527599633873686e-01 5.240877522758475848e-01 4.385404389432012162e-01 7.022382642954422272e-01
6.748540294520457561e-01 2.234270554531532227e-01 5.081401846800606137e-01 4.217791287038907266e-01 7.025459228675883239e-01
6.588308156378797076e-01 2.122484631562920054e-01 4.944835717093823413e-01 3.903399433041367383e-01 6.876060512599273533e-01
6.802510653048964295e-01 2.022083054553580617e-01 5.004924871260534314e-01 3.559254639313183533e-01 6.751774818872823269e-01
7.108623843600443415e-01 1.938845532184140796e-01 5.049819299809537032e-01 3.295088474847044369e-01 6.682302602894684140e-01
7.443155976245764416e-01 1.853578257363533710e-01 5.089730010723761966e-01 3.030784635876520583e-01 6.618695497471572819e-01
7.765750491513310205e-01 1.771353704010682761e-01 5.128216527219348064e-01 2.775912351585536619e-01 6.557358180845863638e-01
8.006687760353088379e-01 1.709942370653152466e-01 5.156961083412170410e-01 2.585555016994476318e-01 6.511546969413757324e-01
