2.099598497152328491e-01 7.175976037979125977e-01 1.506956070661544800e-01 7.852171063423156738e-01 4.764776825904846191e-01
2.394911665649610000e-01 7.072821033979322936e-01 1.343501306128684625e-01 8.090634623928534275e-01 4.686415174795817706e-01
2.647942821238412070e-01 6.898278500616352726e-01 1.232854477843545321e-01 8.249823117824450769e-01 4.428012495641351354e-01
2.651328716003300556e-01 6.656483742581406071e-01 1.262360158157664336e-01 8.093561956625244802e-01 4.085656136477301414e-01
2.985520485466054974e-01 6.614190277445011201e-01 1.389345442238464068e-01 7.944467242601250812e-01 3.970902412542293702e-01
3.300590871851438179e-01 6.723926428542194023e-01 1.558630496856961145e-01 7.908616015964022861e-01 3.805052407586872465e-01
3.491158365215876191e-01 6.783492667357658990e-01 1.765768935240115689e-01 7.963039734931157687e-01 3.450119018798541437e-01
3.592068637778305651e-01 6.680670672026212120e-01 2.081693664368587382e-01 7.931129314115745732e-01 3.175820297999850106e-01
3.696707544671996026e-01 6.476630047204203766e-01 2.380409081786952208e-01 7.799310430663716209e-01 2.970737014155617750e-01
3.860182499149293345e-01 6.344548919783912222e-01 2.751353943410896341e-01 7.593660470332724843e-01 2.903426863248941281e-01
3.969381607857170313e-01 6.311896514375556766e-01 3.041679684419505980e-01 7.354833268907686739e-01 2.874097436210391598e-01
4.035618196932037605e-01 6.315533159190698242e-01 3.287001053393789896e-01 7.042642332703122898e-01 2.814693470026576883e-01
4.160006721370734240e-01 6.361185150790453768e-01 3.578405924798006565e-01 6.709935071318435806e-01 2.779864581502219933e-01
4.442081224578562360e-01 6.454481991005915908e-01 3.909632143112323210e-01 6.534764705059477041e-01 2.774682733145409919e-01
4.804415972833575021e-01 6.506972334558691617e-01 4.193034010220811902e-01 6.471296977827172281e-01 2.708823492793289156e-01
5.125897504877977573e-01 6.495464733984268602e-01 4.397919953788539948e-01 6.391145001035279938e-01 2.599070770872951575e-01
5.447145295826327782e-01 6.456336860533916644e-01 4.580718652776621935e-01 6.223303946262501718e-01 2.477810702179314983e-01
5.723171205718264876e-01 6.445536601100837482e-01 4.735370480474604404e-01 5.993972204416380123e-01 2.405102897854448085e-01
5.904288659766057101e-01 6.493813572369965259e-01 4.899878347422233493e-01 5.680011163148391828e-01 2.470069842761710710e-01
5.724615310177266769e-01 6.503547789659952505e-01 4.997253942224876289e-01 5.499687391704187744e-01 2.772109909675528616e-01
5.448311276584234530e-01 6.435067514879306838e-01 5.040429080091044511e-01 5.467740329377799302e-01 3.096184843999900682e-01
5.339954501281456434e-01 6.298944112435511666e-01 5.177220860606227548e-01 5.297513217362723736e-01 3.412254637030627813e-01
5.352697849416324649e-01 6.031546731768681058e-01 5.276016890876377152e-01 5.040328012731969398e-01 3.602420444909718023e-01
5.165156852383477881e-01 5.807267350299338826e-01 5.205413161039078584e-01 4.950611186106294581e-01 3.790211772410712610e-01
4.912243429105778714e-01 5.564764609616560387e-01 5.099657445959361324e-01 4.891840107461648546e-01 4.018083903524548028e-01
4.721650492671377042e-01 5.255421794127136392e-01 4.986064047935435117e-01 4.803442819619710979e-01 4.289692790022444080e-01
4.676174385893567820e-01 4.915018221085860617e-01 4.920397715757087176e-01 4.711899423330804249e-01 4.553454994730026240e-01
4.742224890770724288e-01 4.556845760436196158e-01 5.013170741423472743e-01 4.646846873165129677e-01 4.866740961190917369e-01
4.963662520231633124e-01 4.355716371899545636e-01 5.145249944398632147e-01 4.607438270725792151e-01 4.971356924652577947e-01
5.263587303340900858e-01 4.108380237857408579e-01 5.249274977502550454e-01 4.553746974468638742e-01 5.085390498335751186e-01
5.358397165672502682e-01 3.820024212702461952e-01 5.197513058781262352e-01 4.482173077313933440e-01 5.392010349783148415e-01
5.412994239933682783e-01 3.607346760773454952e-01 5.069480658644590632e-01 4.413626789717031151e-01 5.771228023917673866e-01
5.746287813832834379e-01 3.481775689022612585e-01 5.024025647920380422e-01 4.394877565809047759e-01 6.066223044870665548e-01
6.130529139889950851e-01 3.418257635679227691e-01 5.126188232876491835e-01 4.401780183808117197e-01 6.170792540552526573e-01
6.504707157595542855e-01 3.335640629964541914e-01 5.309435048090882514e-01 4.467164696915635891e-01 6.235350861771843389e-01
6.858669267569563743e-01 3.202249165804982867e-01 5.477085887500133810e-01 4.506470759968424500e-01 6.332862090958627510e-01
7.085272575397547623e-01 2.927027722035450696e-01 5.475697229257752152e-01 4.389204051000767937e-01 6.466680450459388885e-01
6.846041155142829071e-01 2.660035709122455239e-01 5.210905100266706169e-01 4.239437303155586534e-01 6.485385586159678750e-01
6.527427564866712384e-01 2.469852719783839912e-01 5.000079846669870376e-01 4.135991308127270338e-01 6.508716656568794834e-01
6.359981785756629868e-01 2.171017698201521962e-01 4.941400735916432474e-01 3.991985254753685486e-01 6.747319861690687093e-01
6.754898185593566362e-01 2.003039761920859529e-01 4.896413605417780923e-01 3.823238507213075899e-01 6.772747747396044016e-01
7.136142890548757833e-01 1.925329778214311949e-01 4.945587209714782939e-01 3.555139272032449838e-01 6.684267163424488789e-01
7.490425744328802482e-01 1.844353764645424443e-01 5.019100258907587264e-01 3.188229093653072721e-01 6.604183502608238499e-01
7.773662608835726351e-01 1.770611632536706059e-01 5.094734852309830142e-01 2.857583974519696257e-01 6.553360315183265339e-01
8.006687760353088379e-01 1.709942370653152466e-01 5.156961083412170410e-01 2.585555016994476318e-01 6.511546969413757324e-01
