2.099598497152328491e-01 7.175976037979125977e-01 1.506956070661544800e-01 7.852171063423156738e-01 4.764776825904846191e-01
2.495770144713154171e-01 7.212707059566046963e-01 1.656913729800920942e-01 8.477087095598319078e-01 4.560653719601533984e-01
2.795093165026346083e-01 6.917689721955549986e-01 1.405622967231150711e-01 8.422279400502036273e-01 3.918245602989650633e-01
2.973322872630773106e-01 6.814182127261887434e-01 1.519581709911893008e-01 8.027180205846941030e-01 3.031818913867204701e-01
2.953304536703370564e-01 6.873466388573702401e-01 1.645378854575404448e-01 7.677874933827092407e-01 2.290782920750249751e-01
3.387321000517288794e-01 7.053822865908612183e-01 2.312171705171464919e-01 7.091224338226536084e-01 2.228752124554291003e-01
3.978099033730487233e-01 6.984933372709776211e-01 3.135459529679887059e-01 6.571907017775621140e-01 2.675756233442171395e-01
4.440199469416432621e-01 6.773927069209620955e-01 3.477130699278604409e-01 6.318855522701541938e-01 3.132447970700455997e-01
4.744711142769243439e-01 6.467115017039237745e-01 4.086970035983872318e-01 5.875046301805487703e-01 3.362978584509289104e-01
5.379416200855026142e-01 6.119562872324602054e-01 4.673991737656395529e-01 5.426495715932112551e-01 3.152060369316466715e-01
5.916662935830506731e-01 6.024227490269002949e-01 5.104342866991468108e-01 5.126404236770321088e-01 3.005517665797705074e-01
6.500660136891621699e-01 5.799314520403846540e-01 5.625894597105938200e-01 4.859539285948536458e-01 3.063998595502824274e-01
6.808006741822361096e-01 5.074792722021997937e-01 5.911277237533199003e-01 4.447991487489088014e-01 3.592906128614552497e-01
6.866305760601280062e-01 4.534817352245504862e-01 6.030467254083987649e-01 4.171808041096307651e-01 4.067536553318989445e-01
6.540685497161820017e-01 3.947948971128359963e-01 5.899516684043705217e-01 4.101043999674598983e-01 4.758196061318866743e-01
5.824216361806304754e-01 3.471061932759945123e-01 5.583928648320937160e-01 4.314086942213612441e-01 5.541179007288522529e-01
5.617670921786721561e-01 3.142845603148719524e-01 5.495782481741061654e-01 4.411297823551146302e-01 6.145251574002585926e-01
5.994136964701066717e-01 2.816291407563044635e-01 5.487139750011444939e-01 4.417029863584406857e-01 6.732859972646693114e-01
6.301006818355746608e-01 2.401655291379724000e-01 5.017448644128136293e-01 4.385423343548007225e-01 7.370628345474269372e-01
6.893877168369190178e-01 1.921074937188929632e-01 4.963685316091019928e-01 3.926228071658414698e-01 7.056230535412286731e-01
7.584528463433967138e-01 1.783230538546179134e-01 5.111474472207832020e-01 3.138332902967564952e-01 6.695152675702553680e-01
8.006687760353088379e-01 1.709942370653152466e-01 5.156961083412170410e-01 2.585555016994476318e-01 6.511546969413757324e-01
