2.099598497152328491e-01 7.175976037979125977e-01 1.506956070661544800e-01 7.852171063423156738e-01 4.764776825904846191e-01
2.580984328425884877e-01 6.914313468795880713e-01 1.537047399382853452e-01 8.209207128518136720e-01 4.210553870921907027e-01
2.972247298674858818e-01 6.551269836354499665e-01 1.587855931649705399e-01 8.053736152679380478e-01 3.559426152524697851e-01
3.205548434195165108e-01 6.614977518295124259e-01 1.654051635722568192e-01 7.709720285347754221e-01 2.839873853844686047e-01
3.748021960278196119e-01 6.825732984462279385e-01 2.125625526309640467e-01 7.262306075427769070e-01 2.454404846103115378e-01
4.288294407820961718e-01 6.945659004462385600e-01 2.649730228139316468e-01 6.988011270755358773e-01 2.569337733545850044e-01
4.763238919473384847e-01 7.013932073882332974e-01 3.282450779357715676e-01 6.622545222677315158e-01 2.885100939277107646e-01
4.898345813598549703e-01 6.868739746822332126e-01 3.738741041752847161e-01 6.299348515691991501e-01 3.206966038253156182e-01
5.213453772950127352e-01 6.478869336526080769e-01 4.365124845528085551e-01 5.834769041282771296e-01 3.413655322437386674e-01
5.759605162773175913e-01 6.078538963315812671e-01 4.990414661440882860e-01 5.372956581729901870e-01 3.320614305707874081e-01
6.313236105318722480e-01 5.794866216324199293e-01 5.455915489252974870e-01 4.993111883448531074e-01 3.245812552569812270e-01
6.690270076561306567e-01 5.341537496444456190e-01 5.708477603676289647e-01 4.594583573396571752e-01 3.459067330255884420e-01
6.817209526760716898e-01 4.833343096384125070e-01 5.730919178210295284e-01 4.319026383620097609e-01 3.864857716063743176e-01
6.778089794785462363e-01 4.227007073364446588e-01 5.672603553055252101e-01 4.110322225217062919e-01 4.458459440954788966e-01
6.504248545979236518e-01 3.898787659515871584e-01 5.582906202176123323e-01 4.062106968431967724e-01 4.886081954861324350e-01
5.921555285714472650e-01 3.467900867142602594e-01 5.422957291071777153e-01 4.112837982519192415e-01 5.534361870101160985e-01
5.391707503359476350e-01 3.013691563694469999e-01 5.336945465921848486e-01 4.334545163331511297e-01 6.289469180388564951e-01
5.412374480985702174e-01 2.671171240119031287e-01 5.349735633074640395e-01 4.354581716930034929e-01 6.875173668727295739e-01
6.057862579537413028e-01 2.275367900594026105e-01 5.228637264412422381e-01 4.147518297235340268e-01 7.267819622851731109e-01
6.802795002651155221e-01 2.035560502467456123e-01 5.053464172020554201e-01 4.251961841796513264e-01 7.188248040166762554e-01
7.402560341220677520e-01 1.970860803206405665e-01 5.249057372746811501e-01 3.962777772368293316e-01 6.936582086615646903e-01
7.785108335120035639e-01 1.807620357277015533e-01 5.194063189259779945e-01 3.099074387067193848e-01 6.668511864138246814e-01
8.006687760353088379e-01 1.709942370653152466e-01 5.156961083412170410e-01 2.585555016994476318e-01 6.511546969413757324e-01
