2.099598497152328491e-01 7.175976037979125977e-01 1.506956070661544800e-01 7.852171063423156738e-01 4.764776825904846191e-01
2.640315624616619838e-01 7.053681641695972449e-01 1.369673786306458696e-01 8.095898899560229900e-01 4.513032146511063991e-01
3.080966419804034295e-01 6.604855786386167882e-01 1.525176252601217752e-01 8.020901233222021975e-01 4.108831152912362228e-01
3.272851999695680081e-01 6.672924507670947580e-01 1.898432000710801593e-01 7.331997988310862135e-01 3.879487882918624675e-01
3.533348103503947124e-01 6.714256357677476084e-01 2.151189320128098215e-01 6.830363977274235276e-01 3.732154020669511962e-01
4.088006953714406477e-01 6.677681991468198408e-01 2.329820553786545179e-01 6.694130657114343297e-01 3.746452348945057409e-01
4.418662167827983045e-01 6.493142056112998217e-01 2.979558758242075167e-01 6.602833641353469396e-01 3.550625664438281093e-01
4.455580903674152826e-01 6.315604639939145226e-01 3.581277430926333438e-01 6.320528215459746413e-01 3.506378826610207500e-01
4.708775124201499129e-01 6.155549830455074867e-01 4.207669407586427379e-01 5.921249786720115260e-01 3.537937370481338828e-01
5.262760962873390680e-01 6.045514465729165954e-01 4.748405377045381015e-01 5.887657028386170666e-01 3.620727419798670521e-01
5.922691044487760070e-01 5.997324743926979451e-01 5.180069122054360431e-01 5.819703397923049470e-01 3.571021741539352479e-01
6.401988059618640703e-01 5.941433095288378707e-01 5.418925088190932327e-01 5.479261667118160428e-01 3.458287965309345124e-01
6.579260992012494480e-01 5.625200065412973016e-01 5.539200457533203226e-01 4.975052632668950925e-01 3.528285305861035281e-01
6.523775732869044885e-01 4.990011374964479218e-01 5.560857752637070606e-01 4.485460991465163860e-01 3.905144328097665540e-01
6.604398510514168930e-01 4.354384629356806702e-01 5.608847604371565154e-01 4.383766655332665962e-01 4.377606313748620415e-01
6.498573434549340666e-01 3.809607965394815055e-01 5.720784944339845079e-01 4.244548303837545333e-01 4.799107177393772683e-01
6.410629329028145751e-01 3.536207806933831521e-01 5.778212723413861385e-01 4.085334011466082438e-01 5.392493680701727632e-01
6.349585264667386708e-01 3.420546914124254489e-01 5.797910748425724181e-01 4.169450817397243325e-01 6.083281892205634200e-01
6.258837249529765057e-01 3.284647897200880795e-01 5.779974715436120292e-01 4.312821790135556999e-01 6.861925903553525163e-01
5.844916254568734981e-01 3.072217558273481197e-01 5.613968349592225460e-01 4.398800392281407290e-01 7.142823141989362856e-01
5.713532407238495203e-01 2.599635321610987426e-01 5.349262714603321145e-01 4.419815357333378159e-01 7.224511483799795908e-01
6.600039240066293278e-01 2.284733157551571414e-01 5.340558355757192288e-01 4.267129617885296877e-01 7.384074692086105562e-01
7.052281684247567739e-01 2.001779282632692725e-01 5.140781587728956437e-01 3.738609367229536184e-01 7.181840457751119677e-01
7.660060278341770390e-01 1.804235297798624238e-01 5.134651383691561932e-01 3.044539800533161422e-01 6.789616957443180834e-01
8.006687760353088379e-01 1.709942370653152466e-01 5.156961083412170410e-01 2.585555016994476318e-01 6.511546969413757324e-01
