2.099598497152328491e-01 7.175976037979125977e-01 1.506956070661544800e-01 7.852171063423156738e-01 4.764776825904846191e-01
2.802627446508286768e-01 7.282872235131551131e-01 1.759272358419162463e-01 8.256538668801556291e-01 4.711024483568987953e-01
3.118042377886147132e-01 7.105566204782050033e-01 1.656315434916033891e-01 8.292534446462359599e-01 3.917860622475289323e-01
3.124596612652435490e-01 7.177495809848687403e-01 1.511052160268337718e-01 8.373620471006147925e-01 3.082029088866453659e-01
3.169388126149993989e-01 7.223848070181150272e-01 1.658214920793728009e-01 7.638563259244551817e-01 2.540416078057458615e-01
2.802270487587669168e-01 7.250325806230916159e-01 2.144044595001011466e-01 6.999204595117797245e-01 2.419071983754276511e-01
3.376095727235535193e-01 7.032430090116361665e-01 2.977143990253051098e-01 6.695198428415468639e-01 2.898133041122066822e-01
3.975150793507171154e-01 6.893903911279618546e-01 3.472339019630573120e-01 6.455510049384025617e-01 3.244385750261593593e-01
4.706736050247966041e-01 6.568142914827337364e-01 4.318500995322376856e-01 6.459834746471134759e-01 3.244808475026068617e-01
5.419541249733283994e-01 6.252841355730359707e-01 4.593494309527302311e-01 5.859196395957670944e-01 2.903036514766720866e-01
5.894044903611471709e-01 5.961344784133865149e-01 4.886737817078821156e-01 5.432610626932757869e-01 2.902989240229476575e-01
6.321552365685383368e-01 5.628749450758383510e-01 5.345421318686485179e-01 5.041306173786069822e-01 3.351078383475207256e-01
6.826766512568102074e-01 5.163916385510454177e-01 5.631107065927872801e-01 4.501403072081666679e-01 3.808663523666039330e-01
6.935508881562582051e-01 4.703346218492348019e-01 5.765440902242231491e-01 4.171296963425282778e-01 4.197257808489410769e-01
6.748702722945291166e-01 4.195457901935131240e-01 5.800593142644940858e-01 3.887255554721075201e-01 4.679376625213627072e-01
6.019040228100164258e-01 3.737639661611351638e-01 5.403553996316222685e-01 3.937507559904436238e-01 5.471161878094883413e-01
5.551019284094351747e-01 3.506542537590101594e-01 5.120262333622818129e-01 4.031082105812915373e-01 5.944241526664737485e-01
5.725607999268289561e-01 3.042198310746225820e-01 5.188974601370349715e-01 4.254824316726053546e-01 6.634417142766816378e-01
6.267415948362123901e-01 2.688359450505432013e-01 5.332189030775802419e-01 4.391455011605627790e-01 7.045307740341349989e-01
6.735620874105769929e-01 2.116221977438314805e-01 5.020044546631661220e-01 3.879358478533060928e-01 7.086541578570880739e-01
7.538988897157111735e-01 1.859436085176808529e-01 5.106581587810617995e-01 3.061619978412153942e-01 6.723120670181441660e-01
8.006687760353088379e-01 1.709942370653152466e-01 5.156961083412170410e-01 2.585555016994476318e-01 6.511546969413757324e-01
