2.099598497152328491e-01 7.175976037979125977e-01 1.506956070661544800e-01 7.852171063423156738e-01 4.764776825904846191e-01
2.413538750570492775e-01 7.042626456897543852e-01 1.381815415273869863e-01 8.087452854283710968e-01 4.685042003666323729e-01
2.602564976715048828e-01 6.755505537404141725e-01 1.255995996376712276e-01 8.128653952104480940e-01 4.166894228506937137e-01
2.664882719021017810e-01 6.583684346940559262e-01 1.374735051506519590e-01 7.931641652598608871e-01 3.725658202151724274e-01
2.744046954083922407e-01 6.587836075940289859e-01 1.616488766706852265e-01 7.649779771760348845e-01 3.346115777127234847e-01
2.935614659405269555e-01 6.591504881118522841e-01 2.041965816657977384e-01 7.448543834109363493e-01 3.170626599415569680e-01
3.191920336681786097e-01 6.524776158319374186e-01 2.485337711596229127e-01 7.214006271903748990e-01 3.136247352397543708e-01
3.439337443614444156e-01 6.485854608964816137e-01 2.844491894131102594e-01 6.912673296274643997e-01 3.044939742786691994e-01
3.647671671458199150e-01 6.512811332168274570e-01 3.125471813433297052e-01 6.661659615497718123e-01 2.898927649112765792e-01
3.981892754153065206e-01 6.568168969127567980e-01 3.531656172666400861e-01 6.419374229093443018e-01 2.651332817479538084e-01
4.304364331577516523e-01 6.485350411962661488e-01 3.879089979088515827e-01 6.309031360105117336e-01 2.462895421786232275e-01
4.606759920488762150e-01 6.179293416447291243e-01 4.175474818432106661e-01 6.135644249869356415e-01 2.353047361378352020e-01
4.768723711113815322e-01 5.775348880684689767e-01 4.398844217821065716e-01 5.743067233420688922e-01 2.444175647386358230e-01
4.800152543940492955e-01 5.531325820256537407e-01 4.569197014424264958e-01 5.360515036099426922e-01 2.722270517370243836e-01
4.831543913728604256e-01 5.429852937157142456e-01 4.710016443185724988e-01 5.117873303785216432e-01 3.164191349643700746e-01
5.294900594721116960e-01 5.491032805221448543e-01 4.876234913782435121e-01 5.195845003103602977e-01 3.487073398816163405e-01
5.733827262046875539e-01 5.559298966699884881e-01 4.996523438986354426e-01 5.332749813831790808e-01 3.414875384682273807e-01
6.275905674825466019e-01 5.600900076445252118e-01 5.200595744103948537e-01 5.404181390875361091e-01 3.279765200611705622e-01
6.522353805067150345e-01 5.428381619744292452e-01 5.463124186098131663e-01 5.238801160294038750e-01 3.680363174143283511e-01
6.529433944069494844e-01 5.287640132355333478e-01 5.637058376128459836e-01 5.051095400882226194e-01 4.133628022875069918e-01
6.434511989792597308e-01 5.236518120144675326e-01 5.809839874146943695e-01 4.830296346667500296e-01 4.483742555123834683e-01
6.077502939849195318e-01 5.123631111531130600e-01 5.735024549429051932e-01 4.888360967769064813e-01 4.933578351275645368e-01
6.176585027713680232e-01 4.663228657575028135e-01 5.569488632021852847e-01 4.930837485369942153e-01 5.304243952439311460e-01
6.325660022469100641e-01 4.239361365026860229e-01 5.480549241848124975e-01 4.934480552133216347e-01 5.578886961902089769e-01
6.347342141872019949e-01 3.849488563034475508e-01 5.505131612517959461e-01 4.947302405272339665e-01 5.974851817285494748e-01
6.313273962260892436e-01 3.438824248159690344e-01 5.734046182215007947e-01 4.881532930815791760e-01 6.453067270967151048e-01
6.764519596664526624e-01 3.210166376409550604e-01 5.880023316221314467e-01 4.666731143255198333e-01 6.554518064705728841e-01
7.115498942031287521e-01 3.063378944325061415e-01 5.937022483688888519e-01 4.553615501795807985e-01 6.660227350768318511e-01
7.204371170209405983e-01 2.681638704842770338e-01 5.940499156287942784e-01 4.447882956792237885e-01 7.043223482791827195e-01
7.141857464397212141e-01 2.269590035316385035e-01 5.659587066110988163e-01 4.395392453318414105e-01 7.141655352148832403e-01
7.436980090928542175e-01 2.115936566921070294e-01 5.383334490094655589e-01 4.116932811615447996e-01 6.891747977050548535e-01
7.524750136987716775e-01 2.030459349734731189e-01 5.283316135848666883e-01 3.565913671914036631e-01 6.685758549708110676e-01
7.805476704772379426e-01 1.843759604597661195e-01 5.209714867815155026e-01 2.994859022825331341e-01 6.584281062512016280e-01
8.006687760353088379e-01 1.709942370653152466e-01 5.156961083412170410e-01 2.585555016994476318e-01 6.511546969413757324e-01
