2.099598497152328491e-01 7.175976037979125977e-01 1.506956070661544800e-01 7.852171063423156738e-01 4.764776825904846191e-01
2.508059225093962064e-01 7.125994342194328368e-01 1.294114716978952417e-01 8.145387506685169976e-01 4.537476307268530906e-01
2.972953321879127087e-01 6.800680509465906187e-01 1.343734703211683923e-01 8.126872705341454672e-01 4.158548244649066250e-01
3.101062288497742347e-01 6.815835115824174784e-01 1.629997213134373457e-01 7.455851111306939227e-01 3.852589712121001764e-01
3.507968724966593621e-01 6.890426784579187780e-01 1.919644856700634672e-01 6.915308134282101005e-01 3.686074409112835570e-01
4.182265442084830420e-01 6.819049466991570219e-01 2.234582782271593571e-01 6.705578959335631861e-01 3.691054339554664110e-01
4.584300194943196627e-01 6.690286832936706007e-01 2.812596894419460147e-01 6.521090775787665716e-01 3.693226869830397718e-01
4.575104040254582283e-01 6.491691957656510192e-01 3.427979620743595857e-01 6.240808404888692484e-01 3.671453097852075964e-01
4.803614347147648900e-01 6.216997099224562673e-01 4.127295107814586417e-01 5.983800795593809951e-01 3.583657967996604632e-01
5.364191839465555223e-01 6.122754631538998016e-01 4.663816319829237056e-01 5.856450095217702323e-01 3.532945426249504695e-01
5.810949468984365485e-01 6.143802638268240912e-01 4.963073859240397234e-01 5.779529063755598495e-01 3.537100004774539341e-01
6.449117105468722411e-01 6.092363444527284511e-01 5.392889871949833047e-01 5.440729974525357893e-01 3.557840486909135680e-01
6.596409622723559130e-01 5.604318001022569051e-01 5.476329644811570585e-01 4.981402261819227739e-01 3.861591722610890898e-01
6.557938975174665286e-01 5.175999516197161698e-01 5.440611050889492262e-01 4.724134857318508240e-01 4.155211475133127053e-01
6.423663479025789602e-01 4.550152380939810337e-01 5.498244801854783592e-01 4.415236641635988946e-01 4.489477334293966448e-01
6.267026387163996404e-01 4.025147674936728204e-01 5.729271904859103426e-01 4.153260834421990677e-01 4.936024471580773287e-01
6.275101064438325382e-01 3.661486569563399684e-01 5.954429665740740285e-01 4.122586024499633184e-01 5.557563481627872948e-01
6.286640253209209162e-01 3.426872601815229014e-01 6.001884037642321035e-01 4.254129568789832838e-01 6.208802350492594879e-01
6.108454079436835826e-01 3.207802305581662905e-01 5.765551965694314385e-01 4.411307120169332685e-01 6.875515928023129275e-01
5.465242819970244081e-01 2.857553347832721968e-01 5.330938400604211536e-01 4.518580649221398682e-01 6.888360306176082304e-01
5.912069646093375264e-01 2.318391578737982739e-01 5.194931404439082634e-01 4.564592319061293590e-01 7.287866488990010216e-01
6.448239691510740945e-01 2.147345251342588635e-01 5.170736774216390108e-01 4.308913650543809704e-01 7.309660658531740296e-01
7.141398251636168482e-01 1.943214121194599964e-01 5.112031455772556576e-01 3.746846356639863540e-01 7.134436759176071563e-01
7.649403009941436737e-01 1.790221741732979099e-01 5.136912415334987658e-01 3.063776102890284347e-01 6.734461989639037860e-01
8.006687760353088379e-01 1.709942370653152466e-01 5.156961083412170410e-01 2.585555016994476318e-01 6.511546969413757324e-01
