2.099598497152328491e-01 7.175976037979125977e-01 1.506956070661544800e-01 7.852171063423156738e-01 4.764776825904846191e-01
2.230931722938931105e-01 7.236296389464279555e-01 1.412753185933464939e-01 8.310650432975221769e-01 4.640522237674615247e-01
2.565517826852319327e-01 6.961178818209888819e-01 1.376235471176428804e-01 8.368835074166830479e-01 4.301065800797906902e-01
2.811308504166426525e-01 6.559522216613313805e-01 1.324013730155318425e-01 8.345825845269571053e-01 3.991090117895784717e-01
3.190603702546050413e-01 6.472968760179396153e-01 1.498914904679065074e-01 7.918299069288293746e-01 3.790575416489344596e-01
3.392228683043358450e-01 6.431290792940973500e-01 1.603064747438366355e-01 7.525745691064968934e-01 3.552251925535013233e-01
3.422100161278143204e-01 6.415813105261105598e-01 1.744531248705203930e-01 7.136518022041019593e-01 3.225510776624266329e-01
3.511484470346692977e-01 6.495713595535850260e-01 2.044603892466873296e-01 6.750551159136366497e-01 2.868211938393498972e-01
3.172565321187755250e-01 6.567587217337866878e-01 2.403591715393568473e-01 6.484345554509584053e-01 2.590731216602917275e-01
3.424530230576538492e-01 6.489853637197438019e-01 2.806842747530799986e-01 6.477350418684486577e-01 2.411271681041497195e-01
3.926459328897596857e-01 6.416427971529534702e-01 3.225025410791132474e-01 6.541409890733016486e-01 2.358787313008567088e-01
4.231991176495263907e-01 6.281066831295623043e-01 3.670082059348426240e-01 6.462754469784107725e-01 2.513325234450192180e-01
4.356513720984970806e-01 6.096524137907927132e-01 4.023150519235053624e-01 6.098662866331739929e-01 2.747934285727494652e-01
4.444107827304462632e-01 6.041543371363750081e-01 4.182680189587211772e-01 5.696474371955807525e-01 2.925511108003387428e-01
4.628619491096104266e-01 6.026439298212925566e-01 4.354917521928481916e-01 5.246056153539068179e-01 3.156860661082353525e-01
4.946715168602167090e-01 5.964590182022795339e-01 4.551620174210287972e-01 4.933701405916040006e-01 3.391575677650048859e-01
5.358073260665849880e-01 5.695355286171838172e-01 4.824673755941350506e-01 4.873792834081666081e-01 3.676936923875275820e-01
5.657099418739242047e-01 5.385624005968789874e-01 5.084928930960950222e-01 4.923300305473056193e-01 4.018805905560666192e-01
6.112149944226044074e-01 5.284372415312229565e-01 5.375954761624837097e-01 4.799290902874973619e-01 4.266649534963470325e-01
6.431096522441859253e-01 5.059080419924339989e-01 5.670584203968970227e-01 4.708196717783529883e-01 4.402816370044032590e-01
6.664821815492379953e-01 4.709874830705571003e-01 5.889970262684308677e-01 4.552201773886132563e-01 4.661523486919144088e-01
6.894815346838556458e-01 4.167583313499022002e-01 5.956072509335894605e-01 4.356381866920188695e-01 4.839031600879948325e-01
6.986477057794147072e-01 3.804332934670179855e-01 6.077108728681988037e-01 4.511735814756655527e-01 5.246399699635492242e-01
6.969845907058804801e-01 3.554163037359593380e-01 6.024775594999491890e-01 4.670536507482207500e-01 5.688104071705220033e-01
7.029668691414564519e-01 3.298272662354468365e-01 5.914858853193647459e-01 4.732955502426926531e-01 6.192175478479777784e-01
7.234787083284949238e-01 3.071157409622186640e-01 5.944816649920500184e-01 4.729172603290012211e-01 6.778005429432574225e-01
7.358833547174005174e-01 2.713958383122064832e-01 6.001911506675154939e-01 4.760496913745572711e-01 7.252282472267158608e-01
7.379984909569093920e-01 2.257825787932515038e-01 5.743423095144768453e-01 4.632521972506709051e-01 7.263277662519517230e-01
7.480987940123640101e-01 2.017519828446860952e-01 5.483142397996704220e-01 4.240045948548384347e-01 7.053083972404661228e-01
7.677541354440042820e-01 1.903069120462066444e-01 5.338821115912039117e-01 3.592832834666764286e-01 6.805760561677902665e-01
7.870701418156931251e-01 1.789732396656609770e-01 5.232096282117225661e-01 3.001710331285734057e-01 6.633100872229156231e-01
8.006687760353088379e-01 1.709942370653152466e-01 5.156961083412170410e-01 2.585555016994476318e-01 6.511546969413757324e-01
