2.099598497152328491e-01 7.175976037979125977e-01 1.506956070661544800e-01 7.852171063423156738e-01 4.764776825904846191e-01
2.591952098407825922e-01 7.203685178023696567e-01 1.877352696980225111e-01 8.072082298143533619e-01 4.787539280834716138e-01
2.992506625280685340e-01 6.852771335980504253e-01 2.174492922929243677e-01 8.021396417936008660e-01 4.459106955718236676e-01
3.355114522684438660e-01 6.749268607909519879e-01 2.273499380631612554e-01 7.610719968602650543e-01 4.074911103191116157e-01
3.764761230270702308e-01 6.718449396358888714e-01 2.406599175913768374e-01 7.234691523161121962e-01 3.789630447838366334e-01
4.320847566022530950e-01 6.653695991793908693e-01 2.633863187170942255e-01 6.871031249120788109e-01 3.616930128094579255e-01
4.859632786461460796e-01 6.550347841237860180e-01 2.966991906939051571e-01 6.552707941526667579e-01 3.567571753296969739e-01
5.132701827227916791e-01 6.439226071849472044e-01 3.459664315230646658e-01 6.368680922479927897e-01 3.569487733932319440e-01
5.028283154656801868e-01 6.217118685417560853e-01 4.071578058151320567e-01 6.236144992171539503e-01 3.574577371982483598e-01
5.241239488366585819e-01 5.907487631635357506e-01 4.630763917561465104e-01 5.978667108253202800e-01 3.543012579677620177e-01
5.725272100400667918e-01 5.717950575313986983e-01 5.013827986991227226e-01 5.668270149048527662e-01 3.494617976513398339e-01
6.227294705605146419e-01 5.585840972386009184e-01 5.352710207678235133e-01 5.284962660494203490e-01 3.446890798682764046e-01
6.559026827140984617e-01 5.504990168971735098e-01 5.572083279469610684e-01 5.021205679424839419e-01 3.415599413932063344e-01
6.748431060549853200e-01 5.155328912105000549e-01 5.664946898503454564e-01 4.594179461391320607e-01 3.794426229732891787e-01
6.522375669342327376e-01 4.762214268012522900e-01 5.558204187715611866e-01 4.386833014182365820e-01 4.248477843056279735e-01
6.210441872972243260e-01 4.412288119059554203e-01 5.548031977382493762e-01 4.269899448046099999e-01 4.613072210308658549e-01
6.193555031129496236e-01 4.061243746697953405e-01 5.630416847636202649e-01 4.299906509231983254e-01 5.052778264109226702e-01
6.772283574728206190e-01 3.794282253422584517e-01 5.663014848454677175e-01 4.195624043182246687e-01 5.308948061794116491e-01
6.943832755542421742e-01 3.482779992676148795e-01 5.675099418094681214e-01 4.254036123009623527e-01 5.944636510620923131e-01
6.887498228550905655e-01 3.256432171600405767e-01 5.666415008127478892e-01 4.355369751384453036e-01 6.477585019535762045e-01
6.783025300946552427e-01 2.961979025114486741e-01 5.596851120609538377e-01 4.483339390119017720e-01 7.092176743822051765e-01
6.656557452321267832e-01 2.512332020029340862e-01 5.436320012196612650e-01 4.569978885560433413e-01 7.519493798935406037e-01
6.877622364282768297e-01 2.159190022895004779e-01 5.343751516679857705e-01 4.234267979270017190e-01 7.394904149824808037e-01
7.306431053775542805e-01 1.999742226972935355e-01 5.295493277617686623e-01 3.610268822089660601e-01 7.037161062034326120e-01
7.724555758452424925e-01 1.826702142956698194e-01 5.212775422513492574e-01 2.998410123544942851e-01 6.723315817588035870e-01
8.006687760353088379e-01 1.709942370653152466e-01 5.156961083412170410e-01 2.585555016994476318e-01 6.511546969413757324e-01
