2.099598497152328491e-01 7.175976037979125977e-01 1.506956070661544800e-01 7.852171063423156738e-01 4.764776825904846191e-01
2.342496344092024896e-01 7.219226825179019258e-01 1.268253330262065215e-01 8.328046936953167334e-01 4.807790809592474846e-01
2.883089665159937476e-01 6.971806040733627974e-01 1.205892812997589048e-01 8.278751931223720106e-01 4.652146299415305664e-01
3.300372497753306655e-01 6.641616870320915522e-01 1.301631160013060340e-01 7.862984541361754953e-01 4.429100683524057058e-01
2.882349369424516694e-01 6.255766278649577128e-01 1.092212562866038406e-01 7.662762363174741020e-01 4.105876692873445255e-01
2.499727067364897193e-01 6.001450980374469779e-01 9.700487392018962429e-02 7.603767373093508475e-01 3.935999307532530023e-01
2.916421076158816073e-01 6.144751534490074940e-01 1.273685465119300531e-01 7.424750257349189697e-01 3.522604489032512554e-01
3.398641821017074349e-01 6.389049784410856248e-01 1.590291692526054623e-01 7.312499563309179385e-01 3.224042877171872656e-01
3.808011372287956608e-01 6.555760681423516978e-01 1.982426357190001098e-01 7.196620849042663082e-01 2.856188116373831742e-01
4.237426960140860954e-01 6.622897352596724962e-01 2.403076272006284542e-01 7.054487804565663378e-01 2.766267140246734257e-01
4.350600716230065834e-01 6.708086905257589772e-01 3.037099413916252155e-01 6.954918333238824246e-01 2.765363699244987039e-01
4.194253718268227682e-01 6.736971495018314604e-01 3.688335851435775581e-01 6.856779168016081671e-01 2.638506334259596020e-01
4.289657920941126745e-01 6.609476989441441797e-01 4.259488217110000696e-01 6.628611537664140796e-01 2.454994033861790936e-01
4.498678553124738078e-01 6.368290255406265921e-01 4.657679995497562286e-01 6.393109566779013875e-01 2.310746914456449363e-01
4.590940936065643352e-01 5.986100976685672093e-01 4.898297141971640900e-01 6.095800219963857236e-01 2.314738611649418965e-01
4.574907796243807834e-01 5.557036763899112497e-01 4.912396122721436331e-01 5.591052266775730084e-01 2.641460240615727262e-01
4.631007399620604703e-01 5.374234173128289438e-01 4.865259395280317478e-01 5.243648884790149678e-01 2.953755191804914304e-01
5.045267149093477510e-01 5.254560206953744483e-01 4.933530915523741123e-01 4.892538704968205088e-01 3.382428372743092604e-01
5.651262652256865415e-01 5.187073028737465563e-01 5.116122808224785601e-01 4.741051376355275848e-01 3.514040053536901520e-01
6.394772946326895413e-01 5.252218208192810378e-01 5.246609663962052972e-01 4.745322265919497129e-01 3.464274750746062503e-01
6.721956934626067692e-01 5.114007668897002645e-01 5.474356688819785877e-01 4.623199692447215181e-01 3.895504831727192863e-01
6.793050965770582872e-01 4.942007567710655080e-01 5.682117278694697182e-01 4.532623918805955832e-01 4.501310350573026753e-01
6.532871649759220967e-01 4.743179641058389295e-01 5.657017983728641619e-01 4.674560420819701134e-01 4.947893923668965632e-01
6.129687915830674960e-01 4.204715536205778093e-01 5.500154997035485716e-01 4.833026966883652298e-01 5.252344868487162088e-01
6.003067024437481747e-01 3.846810799816896553e-01 5.562238492066383655e-01 4.932640439779135688e-01 5.663692042281250894e-01
5.972066053442047773e-01 3.348031478307835762e-01 5.571071068662883929e-01 4.766849313388107356e-01 6.209406545281684897e-01
6.295145434049272959e-01 3.053601765781910893e-01 5.645996877144523474e-01 4.487397116908361516e-01 6.432987581571295577e-01
6.331823605427939761e-01 2.977635945304805687e-01 5.919990991287215065e-01 4.637006390399044942e-01 7.010986121414805039e-01
6.933613205010003000e-01 2.957875380889586348e-01 6.129877551221561971e-01 4.603987300840681196e-01 7.182864631946126455e-01
7.397461334876117567e-01 2.572859205120789916e-01 5.887461358014379753e-01 4.456696549606822266e-01 7.227881421466726408e-01
7.299409317971422562e-01 2.313320878633639832e-01 5.486477609789758292e-01 4.107660314730131601e-01 7.035083093459313375e-01
7.487428620052651862e-01 2.060178757586668963e-01 5.304013063819299489e-01 3.577635785568317184e-01 6.638757262647725366e-01
7.789515667114776942e-01 1.856423315089811010e-01 5.218463296702779974e-01 3.000477433281644180e-01 6.564750704348679688e-01
8.006687760353088379e-01 1.709942370653152466e-01 5.156961083412170410e-01 2.585555016994476318e-01 6.511546969413757324e-01
