2.099598497152328491e-01 7.175976037979125977e-01 1.506956070661544800e-01 7.852171063423156738e-01 4.764776825904846191e-01
2.611227734053769844e-01 7.048041006959021582e-01 1.609602208381623600e-01 7.976704221409247619e-01 4.661993766135676398e-01
3.169713097695353032e-01 6.821007910223499948e-01 1.705535255478178303e-01 8.091493811328611674e-01 4.775104847378660033e-01
3.667134769587759857e-01 6.869128160701838404e-01 2.049890410220833181e-01 7.857175495670668530e-01 4.562191833333958946e-01
3.913104258029758142e-01 6.800320496062167708e-01 2.330372731830017696e-01 7.549549365329892847e-01 4.261790520955399675e-01
4.249509905444633917e-01 6.689699775566089190e-01 2.770829234359836191e-01 7.102155939873650015e-01 3.817950989478693935e-01
4.472322891278687207e-01 6.616249213255961381e-01 3.151233942583190339e-01 6.845171091381855311e-01 3.611486070035228035e-01
4.608070553954345949e-01 6.448591179648286431e-01 3.659360209936300401e-01 6.488898437291280574e-01 3.537874037939663929e-01
4.595665159477033690e-01 6.242941173741625160e-01 3.967107641326224066e-01 6.081419388625163291e-01 3.561769567036204842e-01
4.582601753636745268e-01 6.021556949967784567e-01 4.157405845362297514e-01 5.581910033104453550e-01 3.585612499924460961e-01
4.615844277193226763e-01 5.833462079125832922e-01 4.292481877073835439e-01 5.156783439136519709e-01 3.617365252891693306e-01
4.809411149205100044e-01 5.600738666523457088e-01 4.602335203211862513e-01 4.673573918104119707e-01 3.669053145914066283e-01
5.182417889204391503e-01 5.516908049313451468e-01 5.007857069400768468e-01 4.437547057114105686e-01 3.700522111785180535e-01
5.683753106602071892e-01 5.531424609907144019e-01 5.366534974739666231e-01 4.294477235973332419e-01 3.724220178764350853e-01
6.216465947023014360e-01 5.376513353847237608e-01 5.574376024046376887e-01 4.183581164133597929e-01 3.840622557543486582e-01
6.509948436149103346e-01 5.091217566910817283e-01 5.642290249106427513e-01 4.160575419598752656e-01 4.027258479222728393e-01
6.751031952372074096e-01 4.677207606117667060e-01 5.666961923684697977e-01 4.164851157855034569e-01 4.331824167810505721e-01
6.873384778909948922e-01 4.220673939382719730e-01 5.612506188169111843e-01 4.220450136829306254e-01 4.721492742211468863e-01
6.955248941858873657e-01 3.770300202841561088e-01 5.474308040249522556e-01 4.347303779226504572e-01 5.192929451133557750e-01
7.044453976216467073e-01 3.527461844806712432e-01 5.386208862520484031e-01 4.408673369114973761e-01 5.586412386181968115e-01
7.106185744427897522e-01 3.245906050001961529e-01 5.340746735367918330e-01 4.393627941488474908e-01 6.156656738875372348e-01
7.029196928498688823e-01 2.905152466768219366e-01 5.372759445757917529e-01 4.350331948918777503e-01 6.757874251303045421e-01
6.693727702370487753e-01 2.539567124660431219e-01 5.244579308938241979e-01 4.448558866449505156e-01 7.190899628994172899e-01
6.406942686855565672e-01 2.167538359313993801e-01 5.087084881870687081e-01 4.337555126769342961e-01 7.417696251742753599e-01
6.583880556336403345e-01 2.102117667803916623e-01 5.020360993704603425e-01 3.874595518327613175e-01 7.049554863000628835e-01
7.104033891479111240e-01 2.003217028862885329e-01 5.162623567834119243e-01 3.365075391512646896e-01 6.837443791575149588e-01
7.626477727814329199e-01 1.833473627966451247e-01 5.159346198527232641e-01 2.913899554341780052e-01 6.648819123925023833e-01
8.006687760353088379e-01 1.709942370653152466e-01 5.156961083412170410e-01 2.585555016994476318e-01 6.511546969413757324e-01
