2.099598497152328491e-01 7.175976037979125977e-01 1.506956070661544800e-01 7.852171063423156738e-01 4.764776825904846191e-01
2.199477106394880921e-01 7.004886864092537690e-01 1.333323018157520912e-01 8.087768092978810941e-01 4.600583522428960404e-01
2.361966493517147769e-01 6.646107163135437368e-01 1.376854665168974756e-01 8.197961444700543332e-01 4.603438332067216754e-01
2.382075666790222923e-01 6.496463421002767191e-01 1.335909006795445997e-01 8.069341031925086893e-01 4.205099467287969350e-01
2.295937385350600712e-01 6.531546911012020562e-01 1.348920830615086275e-01 7.794551814727107564e-01 3.904976690688318208e-01
2.065663333795613454e-01 6.535901421778060882e-01 1.346109388076843216e-01 7.537861422967070402e-01 3.711433375212084829e-01
2.354182430004468085e-01 6.395235224401187857e-01 1.625602405948124163e-01 7.416240444283138666e-01 3.630528715216489455e-01
2.749196960236668930e-01 6.308987966303974959e-01 1.865534122941645556e-01 7.345667504658301983e-01 3.546260553951506855e-01
3.098584235204308590e-01 6.247513719530092269e-01 2.015962918616687194e-01 7.291917825639880890e-01 3.490916707826101084e-01
3.481474412782157857e-01 6.211625638978710562e-01 2.159080684651666637e-01 7.243105020151932028e-01 3.450792811898793500e-01
3.774781479266896000e-01 6.209825431512284721e-01 2.361739527518486037e-01 7.190331932693178052e-01 3.422703411849076782e-01
3.932833982922750993e-01 6.134568246351226328e-01 2.681559108771844335e-01 6.985482555972142293e-01 3.360084715641927233e-01
3.962703460098653818e-01 6.034512978134125571e-01 2.912735209973743022e-01 6.678583630918039082e-01 3.248758011012355951e-01
4.049433504534162842e-01 5.993752457628060970e-01 3.133268037223896907e-01 6.323139053624968753e-01 3.070295468728098109e-01
4.136431383294071340e-01 6.020103907752052397e-01 3.324768012754641955e-01 6.071330509156226407e-01 2.911101852116546040e-01
4.218032596975056503e-01 6.088350455678631645e-01 3.598749393698984500e-01 5.797660573224859837e-01 2.788288164997629881e-01
4.235039716865906523e-01 6.102579607625623348e-01 3.921998307367587366e-01 5.509365746157283139e-01 2.862107676030171688e-01
4.220064698505069933e-01 5.965599642891135090e-01 4.101001742502486391e-01 5.299737451795999421e-01 3.089830826260299146e-01
4.252705595340021683e-01 5.707832773930561210e-01 4.152420049520337830e-01 5.114830316992574621e-01 3.362064522803312472e-01
4.299218382712501896e-01 5.459751077767075467e-01 4.128060457215002033e-01 4.965376210368254162e-01 3.598841245060065419e-01
4.304167709423677435e-01 5.157761872206932940e-01 4.082965708478455968e-01 4.790971025568259711e-01 3.900412452596058732e-01
4.237610550353445027e-01 4.874077302191335281e-01 4.177983817095075603e-01 4.723882643546910565e-01 4.197592217747742049e-01
4.471806271388900078e-01 4.795537456032877843e-01 4.464196574892626002e-01 4.749131882394363458e-01 4.235927666971130989e-01
4.793390879997896370e-01 4.809395639606779405e-01 4.742998684352808247e-01 4.656061807294604171e-01 4.197284486486695387e-01
5.119019964935654921e-01 4.743004585222246883e-01 4.954503513699444750e-01 4.612272865980175385e-01 4.277875560803681143e-01
5.436580266905072234e-01 4.624347792012320491e-01 5.149415855658021623e-01 4.638751972028445358e-01 4.450262667633460567e-01
5.775507367441168327e-01 4.499425807046590342e-01 5.396617602350104459e-01 4.677839990386581936e-01 4.649862559506227067e-01
6.030451799760407905e-01 4.394533457905910323e-01 5.581377137336186456e-01 4.707224149662517232e-01 4.805037088233792830e-01
6.311256773224616090e-01 4.239727025505492519e-01 5.736597003245149651e-01 4.755859381393426344e-01 5.011384291167872984e-01
6.552969695182636611e-01 4.049268486543164958e-01 5.773611157348744749e-01 4.851734673661403652e-01 5.284053217865954943e-01
6.697203581917596793e-01 3.877764667593061043e-01 5.691015107215631197e-01 4.984278697793292912e-01 5.585821761760474402e-01
6.644356069748523774e-01 3.717141844697117725e-01 5.560476944992043258e-01 5.067516991463155707e-01 5.920877228834472428e-01
6.322592402061982808e-01 3.597477170839078475e-01 5.561616725597504640e-01 4.940414354460116453e-01 6.108937088354741141e-01
6.032562019209967152e-01 3.436235185582283691e-01 5.625961996769035522e-01 4.714305719716880838e-01 6.285787641747373478e-01
6.030954263049597142e-01 3.257099485529278970e-01 5.551335262199065257e-01 4.559283224736394580e-01 6.532442908056875774e-01
5.999085029394518598e-01 3.051352838048773664e-01 5.466547553950793503e-01 4.397405561395611451e-01 6.838283303002473668e-01
5.993127497630041933e-01 2.754623684527826577e-01 5.292421129308766403e-01 4.340528487877753361e-01 7.120215771372919722e-01
6.143679861769169026e-01 2.460623833786560188e-01 5.082904141064400472e-01 4.311922184486784437e-01 7.051301909845503202e-01
6.401774938947093485e-01 2.099634047929978820e-01 4.976498331301111855e-01 4.158453049135079072e-01 6.998032089430480385e-01
6.663806549276236613e-01 1.925821601159687091e-01 5.007275790367784474e-01 3.951566734801428837e-01 6.914062408849780406e-01
6.758444421437426186e-01 1.866415996215475825e-01 4.981836603618877701e-01 3.599930688420377445e-01 6.748855525757615492e-01
6.997449650082938621e-01 1.857147157668774806e-01 4.979067139509097406e-01 3.246968942721670803e-01 6.623143978370964469e-01
7.357047378134595750e-01 1.807671614703121876e-01 5.038273599460900698e-01 2.993041853551196563e-01 6.574135717248311694e-01
7.708198680524124269e-01 1.754845847911197243e-01 5.102427961947569868e-01 2.772782249499433083e-01 6.540304507060946682e-01
8.006687760353088379e-01 1.709942370653152466e-01 5.156961083412170410e-01 2.585555016994476318e-01 6.511546969413757324e-01
