2.099598497152328491e-01 7.175976037979125977e-01 1.506956070661544800e-01 7.852171063423156738e-01 4.764776825904846191e-01
1.896439011919660023e-01 7.041016176502027379e-01 1.250785474425493149e-01 7.787864282518400794e-01 4.642285833459915412e-01
1.935883868945037223e-01 6.822537992504476012e-01 9.896274586477568636e-02 7.928991001929320825e-01 4.512103578066260501e-01
2.190732726785118989e-01 6.657093026181346573e-01 9.293857568239423383e-02 8.188545787318830538e-01 4.435288853744572823e-01
2.497000133256491172e-01 6.532269953272086260e-01 9.453293523916500574e-02 8.398829769503985965e-01 4.287031657410262375e-01
2.852491384549987741e-01 6.620035962168631105e-01 1.061813768936023944e-01 8.344065054173761542e-01 4.075876814824132000e-01
3.062289934182391704e-01 6.718431985246676730e-01 1.305211908547293242e-01 8.172180656991615555e-01 3.940802014587569402e-01
3.189742803254068670e-01 6.747444309869259360e-01 1.595547841871953476e-01 7.972837005442269254e-01 3.768004327980961632e-01
3.301004243898761903e-01 6.719082462995291660e-01 1.804154157931601721e-01 7.804860261997325077e-01 3.514960941922568027e-01
3.463193151885333720e-01 6.520101910529667588e-01 1.997173126160490253e-01 7.775323437979463348e-01 3.225826843465469662e-01
3.485112893228513031e-01 6.523430207496045963e-01 2.392692383478721152e-01 7.504857552026682477e-01 3.093570434944203917e-01
3.560287809547979521e-01 6.563653179535196003e-01 2.676328429849036405e-01 7.289506456667059764e-01 3.032625250829010244e-01
3.709536756273409397e-01 6.624859246468284280e-01 3.076152222668244729e-01 6.984028968868111198e-01 2.951574343948151768e-01
3.882483824721090215e-01 6.646195731248237815e-01 3.421614280233049032e-01 6.735437817047614795e-01 2.890023741449058714e-01
4.125495143068040882e-01 6.592906544614671738e-01 3.725026233254453700e-01 6.551953233279907973e-01 2.854658954780831537e-01
4.318671212541259630e-01 6.524579890015634875e-01 3.994181413509705347e-01 6.421302157721137105e-01 2.859259592986705956e-01
4.589392001395014575e-01 6.515668642872708416e-01 4.341220500478147337e-01 6.269327446566159701e-01 2.965456476086542059e-01
4.939666047806682281e-01 6.467667138182129349e-01 4.550580267984494220e-01 6.229367917635912910e-01 3.064509087664614717e-01
5.274538680200613339e-01 6.431405179081761680e-01 4.714671533887189736e-01 6.115964643004278001e-01 3.223146050384426142e-01
5.541221842075072512e-01 6.412099761668822451e-01 4.828710878722806132e-01 5.943855948255966082e-01 3.415803507960307184e-01
5.829191762072423177e-01 6.341474848582993040e-01 4.841159830933126074e-01 5.812528376168789590e-01 3.636521298868676810e-01
5.903291860652930545e-01 6.146884375459403804e-01 4.670232465419231760e-01 5.653543323975221968e-01 3.914833433370744076e-01
5.652127910673448996e-01 5.975988337523386873e-01 4.567419418093310313e-01 5.475657544582180902e-01 4.074328980387090238e-01
5.327869934948126218e-01 5.732275465467909781e-01 4.582681243045736985e-01 5.280490811775714333e-01 4.260563083177864030e-01
5.070463152795030570e-01 5.508465631587874389e-01 4.735689898530037190e-01 5.155247632437827132e-01 4.382707615538921075e-01
4.914740227499428404e-01 5.370207348547456627e-01 5.040483854206914138e-01 4.985346855508611119e-01 4.296093986963893108e-01
5.081649754372461469e-01 5.149801724860848529e-01 5.182076216051330064e-01 4.662717708409505613e-01 4.355041039256779545e-01
5.247566117754706161e-01 4.899077689997792251e-01 5.176588356878405461e-01 4.399799538028468238e-01 4.502278102468794674e-01
5.381992854377055657e-01 4.596930090090375898e-01 5.141398485385858530e-01 4.223385675465179956e-01 4.706917164865708214e-01
5.533674594317420370e-01 4.312631466790581292e-01 5.124843052812267929e-01 4.146137035908247781e-01 4.907118018402945037e-01
5.799915804020839838e-01 4.017773189703522929e-01 5.205634232067919420e-01 4.168465034739695652e-01 5.093204555209921436e-01
6.035391038771685812e-01 3.785962154148246883e-01 5.331939464596526790e-01 4.213889775694371065e-01 5.199077095521147385e-01
6.303068062970038632e-01 3.579459596357389972e-01 5.529311703675152678e-01 4.101455942914478126e-01 5.355598689617658836e-01
6.479068844022242146e-01 3.398020461750889121e-01 5.558761267311415066e-01 4.150318863671121905e-01 5.630900576474976438e-01
6.590377742693157570e-01 3.222836460104790413e-01 5.522160452415794119e-01 4.300524045189215716e-01 5.966295074564125223e-01
6.719964901380532929e-01 3.031330191421830467e-01 5.521576049465622971e-01 4.445876904419139852e-01 6.348299842399968140e-01
6.982264295350839589e-01 2.836258571673739848e-01 5.562318912693560158e-01 4.538671380925126120e-01 6.652925482888356612e-01
7.225465289232536614e-01 2.584355163383844634e-01 5.560220862620668392e-01 4.362210586295632853e-01 6.841245179926069842e-01
6.938001176510315560e-01 2.487875925379533781e-01 5.417417431902682434e-01 4.065146268928103712e-01 6.708968987336139111e-01
6.968641337160819127e-01 2.209839485204933840e-01 5.307362790783196616e-01 3.742593000149474491e-01 6.774513266135461231e-01
7.236794258403179692e-01 1.995333948129470736e-01 5.293654644462250092e-01 3.455349505188425874e-01 6.772557944237178607e-01
7.494775257992866146e-01 1.871338676208535168e-01 5.245448296322738901e-01 3.146988534108947633e-01 6.678784515136383382e-01
7.782110486747706446e-01 1.780747326782361195e-01 5.195780641310778769e-01 2.831857281547345284e-01 6.584914491968254513e-01
8.006687760353088379e-01 1.709942370653152466e-01 5.156961083412170410e-01 2.585555016994476318e-01 6.511546969413757324e-01
