2.099598497152328491e-01 7.175976037979125977e-01 1.506956070661544800e-01 7.852171063423156738e-01 4.764776825904846191e-01
2.599598851110415665e-01 7.206789803241862025e-01 1.670049979755321434e-01 8.011137467333793172e-01 4.713900780110626965e-01
3.167208594352197704e-01 7.084926768958813570e-01 1.815660462154390364e-01 7.997448619833509298e-01 4.821405781207116492e-01
3.553955775228788139e-01 6.867132652167250439e-01 2.084282437483244710e-01 7.722758117363244246e-01 4.810904176323518300e-01
3.593069182020587338e-01 6.712479626663643284e-01 2.210205382932537710e-01 7.450480124719166541e-01 4.386383982346662713e-01
3.435303366664385072e-01 6.653948818911911145e-01 2.168789366008908315e-01 7.303101659059373363e-01 3.792122105551972155e-01
3.621153531882051468e-01 6.646607831227792085e-01 2.417787404500340853e-01 6.947696090906042565e-01 3.356988274848022313e-01
3.938005212929660548e-01 6.667245411771868246e-01 2.743210447138169639e-01 6.742070911136893718e-01 3.626767362571807207e-01
4.200709981895003331e-01 6.535886739387419819e-01 3.379767689819005994e-01 6.468684277790407444e-01 3.735322792975779849e-01
4.439539489067311218e-01 6.451433438815163957e-01 3.786701731181250641e-01 6.343467979465936546e-01 3.653743616991810828e-01
4.685504259243153946e-01 6.242297567251052781e-01 4.221914040586801087e-01 5.934883304379744429e-01 3.602903252995917072e-01
5.210581851146605104e-01 5.854751760593946974e-01 4.505759979813857008e-01 5.569565350165519568e-01 3.662782876592972081e-01
5.588298696173576996e-01 5.687041325256670943e-01 4.829246508514712932e-01 5.183907838966058668e-01 3.843324799882730236e-01
5.884607711953470099e-01 5.532547998217878238e-01 5.105146734184961010e-01 4.849815387712165249e-01 3.993358463894858823e-01
6.242209364693249718e-01 5.225571724653489403e-01 5.394113559184515738e-01 4.495113011125472235e-01 4.134260574263077248e-01
6.525783980670483153e-01 4.726233645053814492e-01 5.551827114177093625e-01 4.220914475701645352e-01 4.277712961098641964e-01
6.780391092350733784e-01 4.237759010623484146e-01 5.664466208298049033e-01 4.102285864036496754e-01 4.570975977463489492e-01
6.906257958383524853e-01 3.818106182733077003e-01 5.724193875304344203e-01 4.118046089756944306e-01 5.103221215872908445e-01
6.816578465277622900e-01 3.539206287740939705e-01 5.632616332935923564e-01 4.154758253931337131e-01 5.682183690673893173e-01
6.727657417039416554e-01 3.381806413593398952e-01 5.472934733774251770e-01 4.171617847237377164e-01 6.186863600747843916e-01
6.694683407322632451e-01 3.135163787204738317e-01 5.267231250938964049e-01 4.232735538592882207e-01 6.796472822456209872e-01
6.645106539879350738e-01 2.662900845481932510e-01 5.169163454719929440e-01 4.360471097341376279e-01 7.291181265330336503e-01
6.702778586577703424e-01 2.190564276558811529e-01 5.076715423472093480e-01 4.443887965450780131e-01 7.500800520874614241e-01
7.259748284978008170e-01 2.146226007468830799e-01 5.239460083462978979e-01 4.116272213572862437e-01 7.287085573622146262e-01
7.558971597326118452e-01 1.984015595547147515e-01 5.367970775004327066e-01 3.559911918002902076e-01 7.059106879079156682e-01
7.827362543383423743e-01 1.819717814513397425e-01 5.241477484320363756e-01 2.975817368699435472e-01 6.730862928303369408e-01
8.006687760353088379e-01 1.709942370653152466e-01 5.156961083412170410e-01 2.585555016994476318e-01 6.511546969413757324e-01
