2.099598497152328491e-01 7.175976037979125977e-01 1.506956070661544800e-01 7.852171063423156738e-01 4.764776825904846191e-01
1.860167045290215537e-01 6.896384020639809709e-01 1.414752081682599250e-01 7.808213473122569415e-01 4.676417776272437932e-01
1.926161617413853500e-01 6.572706119147666559e-01 1.246108869699994737e-01 8.041972380222365269e-01 4.557144544602017011e-01
2.227858534524987943e-01 6.499017015662960084e-01 1.159867864643288893e-01 8.324111306244537101e-01 4.544500627372128898e-01
2.533284373532159184e-01 6.539693878608757727e-01 1.132225930464228342e-01 8.540966311843756209e-01 4.566909330814866164e-01
2.905609961299669974e-01 6.626171270375001976e-01 1.330780315506289169e-01 8.483176626236147433e-01 4.438682849039494727e-01
3.036501423982257974e-01 6.553772905303890672e-01 1.427996740414166910e-01 8.282085372360973308e-01 4.156169276292125403e-01
3.223438401226007555e-01 6.435784967785855848e-01 1.507739891925569953e-01 8.176376223074909300e-01 3.809800495432639766e-01
3.439553685124894233e-01 6.369465917888507134e-01 1.677554111127073366e-01 8.137167323335195990e-01 3.565501821808842453e-01
3.654367085610751298e-01 6.366360554981216335e-01 1.972919655588403209e-01 8.067121561127306162e-01 3.414838707484552094e-01
3.824433872732571627e-01 6.410482508512422850e-01 2.357136566825062951e-01 7.929282734105004282e-01 3.375257244242441113e-01
3.951361986450321884e-01 6.403916330367535048e-01 2.704650990196670324e-01 7.783446004232170701e-01 3.396859866947103956e-01
4.121690219432886937e-01 6.337125486664959562e-01 3.067498405403620287e-01 7.612867042796581663e-01 3.367308752708971786e-01
4.315430039996707712e-01 6.303093124871490538e-01 3.378650004753629976e-01 7.413450288131510080e-01 3.231232752305649436e-01
4.480440826847548741e-01 6.327318914461619315e-01 3.614081473236123720e-01 7.188222097744484396e-01 3.064998829073086739e-01
4.608160272396283896e-01 6.366821055690260467e-01 3.799453362287188440e-01 6.945563071988161141e-01 2.935359700712779074e-01
4.709179265795710445e-01 6.377307822835599493e-01 3.973914141859112292e-01 6.591265067600472483e-01 2.868718500765405910e-01
4.711736529992982536e-01 6.312319244331067170e-01 4.071837920026865620e-01 6.180943637613743880e-01 2.924344651946007012e-01
4.644944766146388293e-01 6.210714115046934714e-01 4.110252668456071401e-01 5.873684462529027428e-01 3.049060101823496405e-01
4.606691343493772295e-01 6.047221943511915665e-01 4.215377925437532869e-01 5.595037469398997931e-01 3.297207678329463487e-01
4.766517328444415114e-01 5.932372885973458132e-01 4.410225208756061166e-01 5.465740218918243576e-01 3.528764018245696965e-01
5.028723798935215150e-01 5.888684106037689325e-01 4.602988377087376404e-01 5.432419831948075428e-01 3.666253274083584590e-01
5.353208320185254276e-01 5.835448093913017109e-01 4.834954270735615234e-01 5.395974542344876834e-01 3.817825767292060690e-01
5.622186441420922165e-01 5.739996823958863903e-01 5.075782224036584633e-01 5.311281674478814940e-01 3.994006097666237820e-01
5.863718933246949705e-01 5.629928401237086488e-01 5.375273050216866633e-01 5.122648374949689831e-01 4.106668659454537074e-01
5.908832096580547422e-01 5.541097142200469561e-01 5.604554022715613204e-01 4.862156049532664337e-01 4.036257759033334280e-01
5.602167323761088058e-01 5.291377356292539247e-01 5.523111458635098225e-01 4.659867109727922063e-01 4.120353997963939752e-01
5.460300975934625489e-01 5.080885438848324887e-01 5.413662166586842295e-01 4.565749770216370185e-01 4.286492506989938445e-01
5.542706003554231931e-01 4.776421176005562486e-01 5.350488837464905112e-01 4.384402908784397757e-01 4.540527758685220516e-01
5.705289058392896129e-01 4.538391166227714879e-01 5.395056030627489729e-01 4.219058522735251171e-01 4.739394692249771501e-01
5.678183813673165492e-01 4.228852770760465618e-01 5.398117179354433581e-01 4.125742257928495249e-01 5.013478930230512720e-01
5.515075919022888185e-01 3.917080879778336300e-01 5.269773412248192068e-01 4.139685599663029403e-01 5.330987008646215219e-01
5.445473536571289186e-01 3.704799909678068714e-01 5.160047752063040560e-01 4.155827999217917013e-01 5.567207654176681286e-01
5.480008099931845678e-01 3.458159043267829968e-01 5.073866820232123542e-01 4.217249697991786173e-01 5.868317467875392435e-01
5.606383018106321225e-01 3.249332383941878066e-01 5.068705077451991503e-01 4.328743968271629439e-01 6.183774220913161868e-01
5.758347477166981809e-01 3.064891386064124701e-01 5.107344614220523660e-01 4.428241280545430203e-01 6.522247959194159561e-01
5.919875213818827087e-01 2.866774558009835272e-01 5.131035218769289807e-01 4.474814424829754445e-01 6.819034562321697468e-01
6.119856148839735166e-01 2.509389353067377759e-01 5.055516817342398106e-01 4.419530807313734044e-01 6.970864876346933858e-01
6.424187612052952856e-01 2.261742377813937555e-01 5.046142692795910767e-01 4.288787821431521707e-01 6.937268447320256159e-01
6.746379014822070364e-01 2.199047043020164738e-01 5.065189956056729281e-01 4.078133605559041142e-01 7.078577729222886861e-01
6.803251837041391914e-01 2.064757447700100723e-01 4.947308051793612438e-01 3.679282507898123389e-01 6.930477652795394850e-01
7.087554955806510959e-01 1.960596298250256997e-01 4.975915939101238084e-01 3.361708498526957967e-01 6.806869589320222458e-01
7.422341038152715509e-01 1.866977131908870990e-01 5.039472917267151519e-01 3.072247866792639504e-01 6.696489599565080830e-01
7.746976637312199543e-01 1.779735992577835546e-01 5.104743825379747246e-01 2.801864173519031942e-01 6.593744158770569186e-01
8.006687760353088379e-01 1.709942370653152466e-01 5.156961083412170410e-01 2.585555016994476318e-01 6.511546969413757324e-01
