2.099598497152328491e-01 7.175976037979125977e-01 1.506956070661544800e-01 7.852171063423156738e-01 4.764776825904846191e-01
2.502397102170883514e-01 7.030651218773078526e-01 1.468379947404538366e-01 7.877470783314305391e-01 4.646236255467370846e-01
2.833288508788586735e-01 6.794917988396806940e-01 1.295570900331118602e-01 7.872431891588212993e-01 4.512797904248805336e-01
3.040041865985201319e-01 6.566520954884542682e-01 1.527370466410802319e-01 7.593596005440128582e-01 4.399052091501311490e-01
3.384586605792609393e-01 6.594562897736688800e-01 1.906964886906833967e-01 7.434671299125215072e-01 4.163923054445509142e-01
3.647294324508764674e-01 6.653671674896831645e-01 2.242529151369541673e-01 7.264982063486755681e-01 3.781983148587595434e-01
3.795954327109940518e-01 6.657716830892712601e-01 2.430031220749120646e-01 7.143060432590693232e-01 3.448616917209360033e-01
3.983918066439769978e-01 6.650612483034220590e-01 2.676521377969450222e-01 6.991211102528731569e-01 3.042855414827655980e-01
4.168499920465293940e-01 6.656862101438810742e-01 2.978233767035929347e-01 6.863797562964143451e-01 2.779911364185926326e-01
4.333412951763347398e-01 6.694506120813138450e-01 3.403203772466292798e-01 6.767193635611205016e-01 2.647002176240811355e-01
4.416702028866941743e-01 6.700126603190008634e-01 3.900067709774054370e-01 6.695656383150095925e-01 2.600978866238394804e-01
4.453211182282363900e-01 6.556792736097433183e-01 4.298542134654517732e-01 6.558488663565168464e-01 2.571451950316632762e-01
4.529716971470069131e-01 6.310829539451587866e-01 4.531872680892660155e-01 6.326932776235895117e-01 2.571507280047373167e-01
4.644247335338870797e-01 6.005738516300506147e-01 4.674542329928241813e-01 5.998962922273310960e-01 2.618029826018182238e-01
4.713223144680812049e-01 5.782955201478848783e-01 4.725493952300609535e-01 5.713902782668878189e-01 2.694036004485387270e-01
4.764178116108227501e-01 5.495721282536321084e-01 4.763681030124587990e-01 5.297160133938288995e-01 2.851944312461718867e-01
4.767452864104363419e-01 5.310001489795864726e-01 4.773663587650108231e-01 4.979532408697933121e-01 3.029875285350905334e-01
4.789695945401769572e-01 5.100123757570327321e-01 4.807648771944527666e-01 4.592508872878156567e-01 3.303586841519207673e-01
4.920353186749881202e-01 4.917037279961046226e-01 4.912149200120099479e-01 4.265922168982665408e-01 3.624419597810915605e-01
5.217422304608987371e-01 4.759977695539733822e-01 5.098531809183766139e-01 4.079675371651779181e-01 3.948118750926650211e-01
5.551486506170046908e-01 4.629679138221997614e-01 5.280524060143867437e-01 4.058490107806412839e-01 4.212230716185257906e-01
5.858473871636331598e-01 4.472177752681678609e-01 5.417052285132019085e-01 4.133263436851723482e-01 4.517118648447007168e-01
6.056596990404635728e-01 4.290098852816199848e-01 5.479524618961088001e-01 4.291503778167400363e-01 4.872990278745201742e-01
6.123374336557706465e-01 4.105336852490893973e-01 5.493706479204021331e-01 4.460987694530770264e-01 5.210927006739403122e-01
6.136811340636142420e-01 3.859885701273356173e-01 5.479128757945810335e-01 4.628689067667179358e-01 5.639902212703216122e-01
6.137454820104406572e-01 3.635804389972455697e-01 5.457915721299353429e-01 4.687873753669690169e-01 6.002379590335932269e-01
6.163960423112591069e-01 3.349606707775840686e-01 5.505736544203380101e-01 4.697681776735904702e-01 6.433543087085576984e-01
6.276400292171954165e-01 3.120286576163311953e-01 5.637021915865702004e-01 4.651078807492949330e-01 6.812158003197741341e-01
6.520069795342415819e-01 2.826393283870110573e-01 5.639426447505931916e-01 4.488742020962656620e-01 7.051412948298276806e-01
6.725318080375525254e-01 2.525066483551600127e-01 5.465730015401539799e-01 4.261292183649547649e-01 7.098535431974480892e-01
6.982218009595330122e-01 2.262887965975875770e-01 5.350525921854960565e-01 3.979949810176249270e-01 7.086486469787578457e-01
7.307605440303459599e-01 2.122148558290009868e-01 5.394777383262194803e-01 3.669067215710157814e-01 7.019877609822453568e-01
7.605986163245140874e-01 1.982514290265406653e-01 5.396962585044290384e-01 3.245773375410364037e-01 6.829497048873949261e-01
7.842709356870717352e-01 1.821486493598341583e-01 5.255176472008198374e-01 2.855735004157401447e-01 6.641661116183502633e-01
8.006687760353088379e-01 1.709942370653152466e-01 5.156961083412170410e-01 2.585555016994476318e-01 6.511546969413757324e-01
