2.099598497152328491e-01 7.175976037979125977e-01 1.506956070661544800e-01 7.852171063423156738e-01 4.764776825904846191e-01
1.889754919872445593e-01 6.910885175925092216e-01 1.338534595065020150e-01 8.005886153300750818e-01 4.607237388060740901e-01
1.893185733443149832e-01 6.938245279962149681e-01 1.137904294732069305e-01 8.463785638034982961e-01 4.678129615637605654e-01
2.001094376780734874e-01 6.956614572550000597e-01 1.217708094247200029e-01 8.113097589359932194e-01 4.495457989761030282e-01
2.134375961490202755e-01 6.764454948836019499e-01 1.353354816177997355e-01 7.725693698442254176e-01 4.418728089109190682e-01
2.359216087420782926e-01 6.631964788397940458e-01 1.452190847390498751e-01 7.415904056639360808e-01 4.426014195166604326e-01
2.683352219629736579e-01 6.550806333445036156e-01 1.531209267699149279e-01 7.141276790929284024e-01 4.357770930921628372e-01
3.121623396461921662e-01 6.510582934254821597e-01 1.624380795565651403e-01 7.079843275177232220e-01 4.244378008238595124e-01
3.530995092261599022e-01 6.520796625001241686e-01 1.814018073793059183e-01 7.238472561492680368e-01 4.172168641508520182e-01
3.699907030640911532e-01 6.522444896771097955e-01 2.300137327394408682e-01 7.159399127672335661e-01 4.052348050031454596e-01
3.750407075576683291e-01 6.580160680203415158e-01 2.678550294162016510e-01 6.974303301393204313e-01 3.880061393111799983e-01
3.872267955706268916e-01 6.673147606296335743e-01 3.002807163150926217e-01 6.856851149364046050e-01 3.663088897045309600e-01
4.074240345970733257e-01 6.773488321071493568e-01 3.400535898362522236e-01 6.758192216223465332e-01 3.353843079206507150e-01
4.241515895575877493e-01 6.746890827919197475e-01 3.787742419718326259e-01 6.556657515277420911e-01 3.077164469057593887e-01
4.402654668867089782e-01 6.585764346271177905e-01 4.073793470119734250e-01 6.258121787196946340e-01 2.920389178067160918e-01
4.659492952227802798e-01 6.383974260585039140e-01 4.290977801936080027e-01 6.019020637864251899e-01 2.806978583957504547e-01
4.988789368019397319e-01 6.188896390252320856e-01 4.526848098549048349e-01 6.060723942015493471e-01 2.723265857878760521e-01
5.246091128564481787e-01 6.154092515628585280e-01 4.852100064786160072e-01 5.866655693983665598e-01 2.997072024829622316e-01
5.372682376741240162e-01 6.169692897070352400e-01 5.089192545980174565e-01 5.509280093195496608e-01 3.295677998528021013e-01
5.266921216844219211e-01 5.978471769009131576e-01 5.298656959587744186e-01 5.418112035028104234e-01 3.558062857147511471e-01
5.059458925726050271e-01 5.687775205457512584e-01 5.388541068379569809e-01 5.471274463036915892e-01 3.979640588581335736e-01
5.001996346342694189e-01 5.425297084368899680e-01 5.333007950030800304e-01 5.515617293268689769e-01 4.362435938071322350e-01
5.095794680594227799e-01 5.227766874492340010e-01 5.259623808364526365e-01 5.546456779318537089e-01 4.734757776223095238e-01
5.226305734095177957e-01 5.028335732251387746e-01 5.095180374766842268e-01 5.454468961749112665e-01 5.088272580329920025e-01
5.390434590694799244e-01 4.946690197234510644e-01 5.016531996998406795e-01 5.040910907006513897e-01 5.161972919851874897e-01
5.642526324796940385e-01 4.918716537843855763e-01 5.078567702192310351e-01 4.761853310185302779e-01 4.923380159122228150e-01
5.824235914885688148e-01 4.569562926082738619e-01 5.065696909209201904e-01 4.568782700663722718e-01 4.744572323693595495e-01
5.587359675859265851e-01 4.293248373876266677e-01 5.104090817487945131e-01 4.412943399784451937e-01 4.906050149497535595e-01
5.800725772986028428e-01 3.992793414011339137e-01 5.156185710733222072e-01 4.190313243906076957e-01 5.003008232944292644e-01
6.181521231718535292e-01 3.786380443237473692e-01 5.231900426099240775e-01 4.074374639645840790e-01 5.067791468983637859e-01
6.430553373560448094e-01 3.562004961366499467e-01 5.370550849572628405e-01 4.131064739859480195e-01 5.354277504861523207e-01
6.428946348923547660e-01 3.355194021874455257e-01 5.467041466005184702e-01 4.263393033303033430e-01 5.753101029895075769e-01
6.395022442568640830e-01 3.153213568537393541e-01 5.493430316332422736e-01 4.394410651758217101e-01 6.180925905244935015e-01
6.517650866085673567e-01 2.959355261994667252e-01 5.464474729911883433e-01 4.496582711310211922e-01 6.600606645936227812e-01
6.835654551834629000e-01 2.783174097111618672e-01 5.452579800992195525e-01 4.521197693505007997e-01 6.986960248684829233e-01
7.158129338486288740e-01 2.587374627018155793e-01 5.556262210175981764e-01 4.359676684139527358e-01 7.148336356429926264e-01
7.401636171637289152e-01 2.300036652515638491e-01 5.663175141035674542e-01 3.978950663896423379e-01 7.128695966418218122e-01
7.497285388139025564e-01 2.131934780751494063e-01 5.598810235268477653e-01 3.592729919705066610e-01 7.076613086236956951e-01
7.647518419805267031e-01 1.974005313383639937e-01 5.471074365428957309e-01 3.212338412666199128e-01 6.937143322226534403e-01
7.860995007656851330e-01 1.817056349125798220e-01 5.284377384162322056e-01 2.839802214487520127e-01 6.684185046161059685e-01
8.006687760353088379e-01 1.709942370653152466e-01 5.156961083412170410e-01 2.585555016994476318e-01 6.511546969413757324e-01
