2.099598497152328491e-01 7.175976037979125977e-01 1.506956070661544800e-01 7.852171063423156738e-01 4.764776825904846191e-01
2.701824220472067162e-01 7.325391950766385607e-01 1.738604028663798540e-01 8.260317019511587144e-01 4.677766526359698473e-01
3.207674778544938876e-01 7.044600271242710265e-01 1.791021831912628925e-01 8.061193419214411904e-01 3.967628963287609389e-01
3.198516194255026646e-01 6.944810324114560895e-01 1.702702785233198568e-01 7.785290943974868538e-01 3.320287057478822357e-01
3.147886814655370125e-01 7.104626161561258257e-01 2.131678010597647943e-01 7.267277570507788553e-01 2.406867156613583525e-01
3.274429194018189659e-01 7.162992094701751133e-01 2.698713350520399734e-01 6.896318204695246479e-01 2.905261136468433314e-01
3.863469813863383284e-01 6.957035537663103231e-01 3.283088543401586068e-01 6.613437808842768106e-01 3.334994162734544187e-01
4.246447670878191749e-01 6.796702346056016086e-01 3.639706073944084519e-01 6.387987881227280562e-01 3.458028735152618438e-01
4.831024251820116855e-01 6.496857948178834663e-01 4.195703862489957858e-01 6.088741417591160277e-01 3.455266350418682575e-01
5.311692653159567623e-01 6.252183823780157468e-01 4.620768792808515602e-01 5.862008802544370623e-01 3.206833198665793305e-01
5.983133198258229202e-01 6.074253077243322307e-01 5.091502876096397623e-01 5.407845702282020328e-01 3.107296173992005750e-01
6.484847974829509587e-01 5.809312037677349938e-01 5.405896930281364199e-01 5.033179666307526778e-01 3.263946431967583717e-01
6.974788843091772605e-01 5.413386127444029805e-01 5.707916248461092357e-01 4.693230203726128646e-01 3.508474485572665724e-01
7.435836163502524965e-01 4.784471795037995023e-01 5.936654491459267824e-01 4.232132718217122003e-01 4.052009888109672775e-01
7.088698662576380372e-01 4.265396472279345819e-01 5.813065506526130521e-01 4.203505285184511719e-01 4.538611705783268668e-01
6.383589748459658209e-01 3.702672435014932595e-01 5.646005562852339787e-01 4.066389045850264394e-01 5.271145292391852255e-01
5.994218747642210410e-01 3.476877903596140573e-01 5.461674685314028554e-01 4.233118924047833409e-01 5.805743414519167755e-01
5.623549541461720924e-01 3.011732113709119640e-01 5.365096160133933090e-01 4.295168798217411932e-01 6.788191718624667637e-01
6.359520271233025657e-01 2.630789000649575438e-01 5.359808354623133431e-01 4.270277874307789046e-01 7.136171074373718337e-01
6.876175063090729234e-01 2.019127704373882004e-01 4.979745879759210347e-01 3.774034107071904121e-01 6.923323580227125351e-01
7.562321187051801452e-01 1.831472741424929329e-01 5.087303738585480239e-01 3.052706232524237673e-01 6.673402525707690103e-01
8.006687760353088379e-01 1.709942370653152466e-01 5.156961083412170410e-01 2.585555016994476318e-01 6.511546969413757324e-01
