2.099598497152328491e-01 7.175976037979125977e-01 1.506956070661544800e-01 7.852171063423156738e-01 4.764776825904846191e-01
2.313757246792468303e-01 6.876547599389457588e-01 1.725985278548627377e-01 8.293965088108770090e-01 4.594088558286654189e-01
3.051018393556200192e-01 6.861886870008908623e-01 1.718644716642970249e-01 8.762783861971314980e-01 4.579463820475635494e-01
3.201558267966754801e-01 6.659790645242190665e-01 1.569949683440015065e-01 8.317334973960541777e-01 3.955837900667669160e-01
3.321517579391240482e-01 6.574008579355764548e-01 1.620512792328154539e-01 7.850707876263586238e-01 3.383618180380332241e-01
3.657268751035606669e-01 6.717171781187930568e-01 2.014399681214909810e-01 7.466279527932041526e-01 2.888405671885317383e-01
4.051428094093067478e-01 6.909980258359090799e-01 2.602381749696540680e-01 7.159052712944968810e-01 2.671710227859388498e-01
4.330926829913848142e-01 6.825357203082688118e-01 3.247040010687866074e-01 6.764399231766767828e-01 2.871382434016164775e-01
4.053410988712145002e-01 6.417169187818323461e-01 3.575242312374501408e-01 6.414838081194695896e-01 3.285501017532916346e-01
4.382388905278672420e-01 6.118348828904831560e-01 4.104776034427318754e-01 5.972576184103882690e-01 3.388962903346521283e-01
5.077102889535880514e-01 6.136844018889119345e-01 4.577825588041229965e-01 5.795246761154613235e-01 3.342661159053387232e-01
5.840339776875844713e-01 6.178073952452577400e-01 5.076415580865480948e-01 5.548701304016476765e-01 3.248910141078001912e-01
6.041975710775930875e-01 5.782377359725445753e-01 5.568001317918952475e-01 4.819671156378206311e-01 3.089828322891537971e-01
6.236781389264626219e-01 5.330223591849131415e-01 5.661682517456940733e-01 4.612535872128670777e-01 3.468754488759541732e-01
6.617769980755361381e-01 4.674894470707331995e-01 5.730952365158202833e-01 4.270639213484792029e-01 3.868855681056058149e-01
7.060122107994427632e-01 4.157109333406906471e-01 5.705384737226986136e-01 3.966237774012298933e-01 4.326789928969264620e-01
6.801479619709236424e-01 3.822258531669937565e-01 5.804762539158127010e-01 3.906767189826121367e-01 5.046343101100677631e-01
6.526243488240044410e-01 3.475997363785744976e-01 5.717878153305820943e-01 4.121959965989558383e-01 5.650233838804346043e-01
6.415409265632947555e-01 3.112913812729548035e-01 5.542513638547882371e-01 4.270594560678503959e-01 6.143776757628394147e-01
6.658983018069288828e-01 2.565056914552008016e-01 5.379021954968845609e-01 4.492892198574812701e-01 6.837489550707068764e-01
7.230421438774685683e-01 1.952989811923668551e-01 5.134903193580419023e-01 3.932368253515032830e-01 7.008220057805663039e-01
7.717720880079355084e-01 1.798922948395507981e-01 5.142661351134376613e-01 3.077317815837312120e-01 6.689570421817957468e-01
8.006687760353088379e-01 1.709942370653152466e-01 5.156961083412170410e-01 2.585555016994476318e-01 6.511546969413757324e-01
