2.099598497152328491e-01 7.175976037979125977e-01 1.506956070661544800e-01 7.852171063423156738e-01 4.764776825904846191e-01
2.464935452063369004e-01 7.294889328396604311e-01 1.689988048243474261e-01 8.194424818879265660e-01 4.757084889353476176e-01
2.846672726448799540e-01 7.039415230767551712e-01 1.945713795786335465e-01 8.149380206763741086e-01 4.489685170989919372e-01
3.113951671961456280e-01 6.855062155690139214e-01 2.001906211345439168e-01 7.750248451391865689e-01 4.030115589067219672e-01
3.646662670928934036e-01 6.762503334257023990e-01 2.236161385137113433e-01 7.512275456578810795e-01 3.708621598803613084e-01
3.984606811565880036e-01 6.757800555051304281e-01 2.499718944527472286e-01 7.160002373119659369e-01 3.651596467280860403e-01
4.202538228416071719e-01 6.656620742804029156e-01 3.001942671851798305e-01 6.681049641513754356e-01 3.573140109982409496e-01
4.350164808958550400e-01 6.546141379507450786e-01 3.541472333346505352e-01 6.491161421057798364e-01 3.497967121200397100e-01
4.699562264111087351e-01 6.276423439889446954e-01 4.013679307028281684e-01 6.252463908801507708e-01 3.470271925538435109e-01
4.861185131849626306e-01 5.932477738428058034e-01 4.348515860746222095e-01 5.696136670902871568e-01 3.631402664447223039e-01
5.495308800768874402e-01 5.752017097802363255e-01 4.767061372251449880e-01 5.565146790929760279e-01 3.724862985991902464e-01
5.888448950116608183e-01 5.696323512221348473e-01 5.062863225196500006e-01 5.389265681304523659e-01 3.699983330373783352e-01
6.402485177580122810e-01 5.639458360557152439e-01 5.415893095655039957e-01 5.116538204025408154e-01 3.655898856557960874e-01
6.895961497215495895e-01 5.398340594159577455e-01 5.649704244701931888e-01 4.823111271438760839e-01 3.805682020794958209e-01
7.014553616206046227e-01 4.887403736629324369e-01 5.707708908685371618e-01 4.598787635502388227e-01 4.199794124013089824e-01
6.979728047529327739e-01 4.404991631286335196e-01 5.764129247831156766e-01 4.404766967456860138e-01 4.616508424583475323e-01
7.007576940197994819e-01 4.061886183880373258e-01 5.796509114843656496e-01 4.340774616449359913e-01 5.194862338557819648e-01
7.073917843921877502e-01 3.761219606571900020e-01 5.697561926724250547e-01 4.334015918519026900e-01 5.846769089070137371e-01
7.148760481330465044e-01 3.490181230765147524e-01 5.641020403232515079e-01 4.338486436082130138e-01 6.344843864566023228e-01
7.207752363062100986e-01 3.134323064201348652e-01 5.615482142602287174e-01 4.424628579672526540e-01 6.887479943846848141e-01
7.188063925134934307e-01 2.579847572144920997e-01 5.519977470749554138e-01 4.704538883182336484e-01 7.300627058592761287e-01
6.633554858340503513e-01 2.350532336644384768e-01 5.286835940788111587e-01 4.584239321640496412e-01 7.288916710399769849e-01
6.817452473298335480e-01 2.162704273206237093e-01 5.375339894581936395e-01 3.987007666127493355e-01 7.168709269410697971e-01
7.278392138180279636e-01 1.926253160122848584e-01 5.322816461279208378e-01 3.566516903156667362e-01 7.109892772606550837e-01
7.706175006839769415e-01 1.799197542562938623e-01 5.225397106876265019e-01 2.990324108730516572e-01 6.758439219478583615e-01
8.006687760353088379e-01 1.709942370653152466e-01 5.156961083412170410e-01 2.585555016994476318e-01 6.511546969413757324e-01
