2.099598497152328491e-01 7.175976037979125977e-01 1.506956070661544800e-01 7.852171063423156738e-01 4.764776825904846191e-01
2.307762917172015427e-01 7.006268682531321401e-01 1.298207307087663465e-01 7.919611333833560529e-01 4.682182600317010279e-01
2.680304347578410518e-01 6.841591507311473030e-01 1.208124539117446244e-01 7.986632654513912133e-01 4.568309639980288051e-01
3.054609624146072400e-01 6.759311637952732932e-01 1.267322374471651636e-01 8.035759508333414347e-01 4.406149961658757386e-01
3.356956316179785516e-01 6.719905852346178543e-01 1.497614917102522980e-01 7.987454441968824259e-01 4.219051195600358461e-01
3.532570607657418149e-01 6.694934137198848001e-01 1.778133703045983172e-01 7.839250685021161846e-01 4.107910696788431570e-01
3.687218382927058835e-01 6.653779338931056220e-01 2.039002129934437135e-01 7.602643574903201751e-01 4.066789714646384946e-01
3.768263696677212060e-01 6.558070198934686790e-01 2.301654991445153675e-01 7.332102035393350814e-01 3.899453913493990953e-01
3.814808513982237415e-01 6.530477786665380702e-01 2.582931561229491191e-01 7.213335762656172268e-01 3.649813109446385928e-01
3.962446157670873603e-01 6.583604366111504014e-01 2.935428627541074031e-01 7.121764467379605446e-01 3.378598748929281248e-01
4.110578576161734166e-01 6.635785260665451046e-01 3.182729818934875166e-01 7.027801464947970311e-01 3.205740311194104630e-01
4.282104513448142802e-01 6.670463583629501203e-01 3.415418235958248561e-01 6.864081004037141387e-01 3.038858662854009296e-01
4.484706282350183204e-01 6.684266897362469706e-01 3.644877588138044633e-01 6.676069531665086432e-01 2.898111974860344553e-01
4.704815779877516979e-01 6.687380511462762689e-01 3.874149726633979718e-01 6.571010193636239727e-01 2.807195317675850177e-01
4.950473060553932658e-01 6.581827053431147379e-01 4.176912247421197821e-01 6.553815184559115270e-01 2.708414219466784290e-01
5.060757045373823759e-01 6.323304875836883721e-01 4.433278484915752493e-01 6.404666828170212378e-01 2.674190764247446062e-01
5.155645478356983835e-01 6.095061781782031840e-01 4.634062785499855064e-01 6.071890710682906755e-01 2.778438731993054800e-01
5.292177327917415575e-01 5.959064876574221570e-01 4.815175648745803616e-01 5.801156398730418218e-01 2.941162024420339582e-01
5.389083985426205148e-01 5.867337738974747197e-01 4.987203108657310979e-01 5.586475761143379071e-01 3.170045587341309701e-01
5.356801056625052349e-01 5.790306064397039432e-01 5.113523864522879769e-01 5.406054115652059178e-01 3.492365665936559838e-01
5.242519819111153279e-01 5.694795791665573370e-01 5.162984806121642123e-01 5.311393914082125356e-01 3.828362864570249435e-01
5.140485953581803713e-01 5.543533189426150809e-01 5.183871259622619965e-01 5.282368109206210249e-01 4.153036946901137449e-01
5.076238790995342143e-01 5.314894969181268580e-01 5.198962808654168377e-01 5.243902045317483385e-01 4.476970919412315286e-01
5.055337782504280009e-01 5.075408859136828488e-01 5.208648246555167560e-01 5.153868063803306310e-01 4.732111902220108579e-01
5.087843972171519624e-01 4.811331189217330495e-01 5.231136450542877014e-01 4.990345285738105874e-01 4.934681008027116955e-01
5.182749444349554757e-01 4.547560644490143411e-01 5.276756254970466076e-01 4.788002377116418740e-01 5.071111515409589821e-01
5.328488563551930790e-01 4.294764266164859401e-01 5.318176012242867845e-01 4.597277489667481731e-01 5.172699644038771805e-01
5.609134228392855803e-01 4.024912826064807603e-01 5.293208733923707721e-01 4.423487205348907714e-01 5.281710514401992684e-01
5.958872182561985031e-01 3.819944294558461073e-01 5.228079944447124872e-01 4.309705351215154523e-01 5.373779164871789193e-01
6.280687503049821041e-01 3.665105121449543368e-01 5.209843096963083786e-01 4.244339984274621003e-01 5.455258533069198279e-01
6.598996359309857729e-01 3.510772254457698027e-01 5.279230112706571054e-01 4.222118248771994375e-01 5.555609030451233998e-01
6.847907600187207455e-01 3.350535622463370333e-01 5.414353189361829077e-01 4.260986406471181098e-01 5.706990312066350102e-01
6.862523326725182837e-01 3.149055114050257065e-01 5.501313234665485830e-01 4.352596694716148185e-01 6.011411016973805532e-01
6.581096247127499188e-01 3.032359019811444734e-01 5.418325889140610530e-01 4.266978715589482274e-01 6.248820426189719557e-01
6.917156419389633992e-01 2.958852336555293228e-01 5.539902848313124073e-01 4.225944722010176458e-01 6.327677673448454110e-01
7.153112570528855629e-01 2.763526134765726394e-01 5.577212596575417125e-01 4.187210731591559654e-01 6.591060771950448816e-01
7.242597185281981487e-01 2.471559773725351961e-01 5.540295806691186709e-01 4.057527234014686734e-01 6.806642777235765163e-01
7.318681099305240911e-01 2.123735391438933695e-01 5.463376972207065752e-01 3.790359949688654195e-01 6.797458208720538186e-01
7.477792727274776841e-01 1.959424586259167489e-01 5.376396875185298629e-01 3.480680704260532554e-01 6.696431783173076857e-01
7.633563181671075837e-01 1.851890106368784539e-01 5.282843058669240976e-01 3.146564036053694502e-01 6.639579286800227909e-01
7.845816475384077560e-01 1.771142613005656785e-01 5.211234632438540570e-01 2.827431984987447411e-01 6.566747630512725920e-01
8.006687760353088379e-01 1.709942370653152466e-01 5.156961083412170410e-01 2.585555016994476318e-01 6.511546969413757324e-01
