2.099598497152328491e-01 7.175976037979125977e-01 1.506956070661544800e-01 7.852171063423156738e-01 4.764776825904846191e-01
2.443937754821139952e-01 7.011057387504505689e-01 1.386412804690973499e-01 7.937762047227998607e-01 4.637091387140352960e-01
2.250002137096388521e-01 6.732425699181032730e-01 1.262639855956758095e-01 7.828745993434147454e-01 4.372276173173769709e-01
2.354296506075662654e-01 6.625615865164388163e-01 1.361188801006659732e-01 7.432203805050416889e-01 4.309390092589859278e-01
2.607065578912393100e-01 6.575212615064045529e-01 1.452238457418101314e-01 7.227700331407928003e-01 4.301886445587000951e-01
2.980823155365259769e-01 6.538954294586966087e-01 1.595758565483612612e-01 7.092612815400467507e-01 4.286628223126254245e-01
3.330456031005821216e-01 6.539495291259616039e-01 1.793528078777106294e-01 7.063171478823204730e-01 4.241727450691802903e-01
3.575928044921354854e-01 6.549770255135045627e-01 2.024767813272160821e-01 7.048441926486824771e-01 4.166487903306079210e-01
3.775934392207453416e-01 6.542103731361694763e-01 2.353553016775165596e-01 6.962869714910302488e-01 4.030203620041469259e-01
3.862950798205330716e-01 6.524458345147488014e-01 2.715037562445311026e-01 6.790925108952178268e-01 3.845036839529787920e-01
3.912506381215867246e-01 6.542015859157758184e-01 3.034912721348205777e-01 6.643774163788493947e-01 3.648539446888965365e-01
4.031888512259177437e-01 6.594932607893663201e-01 3.387660947163748659e-01 6.557131319126118241e-01 3.401731118672369769e-01
4.159567127924498897e-01 6.618769917303396477e-01 3.632091342969093750e-01 6.536172657997969537e-01 3.220373507633653709e-01
4.342941329824723806e-01 6.575530457956578756e-01 3.949549750420043304e-01 6.486979420078674563e-01 3.001849795168652912e-01
4.541325251228966464e-01 6.417822033348998811e-01 4.270564698747379984e-01 6.360517553019059411e-01 2.812586698314546441e-01
4.712593154895421410e-01 6.269365877198186388e-01 4.530459354561039431e-01 6.167509994031926679e-01 2.698165644004114072e-01
4.857026678991262503e-01 6.170328890636219699e-01 4.712082990858910692e-01 5.926321972125146997e-01 2.718886156458787950e-01
5.042218565114678919e-01 6.081475414297832227e-01 4.891086830552702214e-01 5.673987003080419589e-01 2.863022411755373753e-01
5.215137046976556778e-01 6.014049672099880395e-01 5.031749987689967396e-01 5.543102424543092654e-01 3.047007486463090276e-01
5.404801957966776094e-01 5.924494851231696391e-01 5.184823879151784221e-01 5.449991322905161084e-01 3.327916714539038145e-01
5.480475037171299579e-01 5.792007022471765687e-01 5.296819534497487769e-01 5.393357704165384625e-01 3.755903883769548535e-01
5.316173160104201711e-01 5.693679442557454395e-01 5.280483788891769947e-01 5.389141233831247213e-01 4.065909180465581141e-01
5.052388020843520122e-01 5.542574363746767263e-01 5.211688952747002279e-01 5.371461651331217446e-01 4.386169669985771624e-01
4.973662936731526596e-01 5.279306666805128057e-01 5.095619241360559437e-01 5.313695353853975512e-01 4.666172906710332469e-01
5.075385525966662481e-01 4.913665193448136792e-01 4.912517783570582997e-01 5.201273604783358540e-01 4.879970719958756642e-01
5.292573236034486817e-01 4.722565748566218691e-01 4.923755008255083498e-01 4.995446695752934207e-01 4.874186576630317180e-01
5.507218541655191091e-01 4.549435083481319086e-01 5.021403838170093170e-01 4.707215621915761261e-01 4.836365649730076655e-01
5.661891304199692110e-01 4.271334052360977185e-01 5.133497995449171070e-01 4.411387619825318795e-01 4.907165468084033200e-01
5.794613178799653541e-01 3.947035009718631859e-01 5.283593039070751951e-01 4.264213877366637151e-01 5.133883538486521125e-01
6.074577511708288968e-01 3.755197699952168566e-01 5.443919773544928509e-01 4.231908906453059060e-01 5.376611729429384701e-01
6.387193382479660064e-01 3.648386763798114885e-01 5.525518538200125951e-01 4.236225591672364565e-01 5.607462246866681266e-01
6.578196262544657724e-01 3.501804470591677876e-01 5.539394449466009673e-01 4.296125836538682852e-01 5.978572902660699295e-01
6.642634213135841792e-01 3.314713054211708143e-01 5.486822176762654601e-01 4.377428855686841813e-01 6.282714969824254592e-01
6.852806052266190440e-01 3.082635020881562271e-01 5.488692935250064631e-01 4.433496366135910582e-01 6.518295634375528280e-01
7.032765513178719230e-01 2.822854888035397636e-01 5.551554278017114541e-01 4.410886859252173275e-01 6.747698774734106619e-01
7.105080847867512039e-01 2.510218279286868248e-01 5.585234085859058784e-01 4.115617082628835188e-01 6.944034591355862096e-01
7.158812354680218482e-01 2.359906527461208270e-01 5.551372299626636808e-01 3.776977418151006849e-01 6.873765841398601362e-01
7.330179761333137645e-01 2.179894287281083642e-01 5.486891858171027980e-01 3.393278186849649214e-01 6.749786812297984273e-01
7.571230532440720307e-01 2.007594869327120612e-01 5.392821962087840371e-01 3.088419529887799220e-01 6.652260799595937080e-01
7.814285219225085566e-01 1.841457232382571474e-01 5.261173918797729110e-01 2.807740811423961036e-01 6.573720006771982538e-01
8.006687760353088379e-01 1.709942370653152466e-01 5.156961083412170410e-01 2.585555016994476318e-01 6.511546969413757324e-01
