2.099598497152328491e-01 7.175976037979125977e-01 1.506956070661544800e-01 7.852171063423156738e-01 4.764776825904846191e-01
2.014082751262743498e-01 6.944120869307828237e-01 1.611529665099526165e-01 7.830365192219614912e-01 4.539867899045769151e-01
2.026668264278182197e-01 6.771450488946970658e-01 1.729932128267226144e-01 7.608817406097293512e-01 4.339590040282627070e-01
2.212852344552528050e-01 6.670407832816759308e-01 1.925864143380186799e-01 7.455449621560106266e-01 4.172126090290438905e-01
2.448285202580724740e-01 6.590666902456839837e-01 2.143297471948677480e-01 7.387698806084938008e-01 3.996521830112879092e-01
2.686791753848778441e-01 6.516699034190949202e-01 2.372580021185817789e-01 7.361292597486565059e-01 3.797307251893187185e-01
2.878962337662557269e-01 6.464970053495625590e-01 2.555981549586928137e-01 7.355677621000217270e-01 3.637980664051649882e-01
3.110441380601468020e-01 6.422266832846423856e-01 2.745353062214855311e-01 7.364668696472103093e-01 3.491834028195466288e-01
3.420265943190631819e-01 6.392495728424905099e-01 2.934912330167203653e-01 7.390399461641434797e-01 3.383793674632128989e-01
3.729875828960148576e-01 6.378907699499752892e-01 3.082429279305842762e-01 7.416350730603210595e-01 3.326862532320778443e-01
4.014240692758880846e-01 6.338413859054597976e-01 3.195521038470663377e-01 7.302938102275908783e-01 3.185221674722130691e-01
3.990610696526697421e-01 6.324122563478364878e-01 3.395350055410817358e-01 7.074912656179074277e-01 3.015451909368211947e-01
4.004228741287639837e-01 6.317563838082917993e-01 3.585562706284355361e-01 6.836956812306300701e-01 2.848266662341956690e-01
4.072742889493403684e-01 6.292728627586336998e-01 3.803588876494061188e-01 6.559260639364720147e-01 2.685889677958758770e-01
4.215791354062923824e-01 6.247936825453962451e-01 4.029639956769195952e-01 6.307738994286843370e-01 2.610012923820344000e-01
4.415167985483105517e-01 6.157829230079927552e-01 4.243914029238646801e-01 6.040985186116241135e-01 2.630426137257617647e-01
4.593602611901948518e-01 6.042614480484126416e-01 4.377550393185934974e-01 5.762423080000550479e-01 2.765465800779411953e-01
4.705346770217763708e-01 5.992838669828519649e-01 4.416241050697268800e-01 5.517297879160744101e-01 2.954812725592929623e-01
4.899205739367419321e-01 6.014993574995897152e-01 4.441865895987793800e-01 5.235848737110343487e-01 3.237984229294335048e-01
5.174906502773711781e-01 6.043868061633100863e-01 4.586992131867169142e-01 5.215586670369696254e-01 3.485924451750130326e-01
5.369145554912226892e-01 5.926501761032296756e-01 4.790539592762005916e-01 5.280990797828009065e-01 3.713758661299186303e-01
5.487292383874446955e-01 5.695822990832896116e-01 4.925381079878211055e-01 5.201153472080506379e-01 3.962206887034255276e-01
5.464831442893830493e-01 5.406165906267067500e-01 4.902999722122539095e-01 5.051522075432196557e-01 4.222995522721654238e-01
5.342096440061114837e-01 5.148485034553206274e-01 4.808489853657301749e-01 4.931212210343960956e-01 4.419237890374719258e-01
5.167659634319926587e-01 4.886104075274724234e-01 4.800519774315865074e-01 4.785012124454168236e-01 4.568106079549362208e-01
4.890064092182378475e-01 4.691493944100806335e-01 4.879517482723034205e-01 4.644043677713847185e-01 4.596278688623945397e-01
4.582845944999420773e-01 4.630228692523252199e-01 4.855603741832785203e-01 4.572551708350177657e-01 4.564732099879359462e-01
4.698829148531781796e-01 4.486513571544676338e-01 4.878294066098364801e-01 4.505481223894821086e-01 4.859769723542469166e-01
4.910715303114528418e-01 4.312957440662293362e-01 4.924321125675273914e-01 4.421825306511130149e-01 5.121032888043022258e-01
5.095407588465780124e-01 4.105633969796803617e-01 4.995962994550281477e-01 4.337195058114524104e-01 5.339900394963088548e-01
5.307673995312722770e-01 3.891845732217218412e-01 5.065814283911517224e-01 4.303898949937356444e-01 5.504973718976168273e-01
5.514453810980955994e-01 3.694119538815618942e-01 5.072717845852481311e-01 4.343182453480182725e-01 5.633887381464443012e-01
5.665364875538220213e-01 3.453852663650072707e-01 4.988196948327165425e-01 4.470655468769839658e-01 5.827370190630747349e-01
5.634895683818315071e-01 3.214431538940027977e-01 4.872122866480707581e-01 4.574114752758717817e-01 6.069115685400422455e-01
5.553896648767616684e-01 2.918755574046920098e-01 4.813142320662713303e-01 4.519442600566753732e-01 6.351059447464721952e-01
5.587213936937077685e-01 2.663285951358995152e-01 4.814075644920312036e-01 4.397638031593333885e-01 6.573098007958216860e-01
5.762420746963701212e-01 2.416478996620873287e-01 4.852302004837585891e-01 4.325369305775659812e-01 6.780831752617173525e-01
6.055348232942072695e-01 2.245340473111552271e-01 4.955769652239364609e-01 4.274360132733099893e-01 6.893684324102828942e-01
6.373173457231815497e-01 2.128993071035537310e-01 5.078230490986028745e-01 4.139164514081465907e-01 6.903051376669175898e-01
6.646518637623597403e-01 2.025795598829705224e-01 5.154821132305570375e-01 3.934196690410020070e-01 6.852055159161319908e-01
6.924892046424542258e-01 1.925898729170557044e-01 5.193527293622882679e-01 3.690679724691637853e-01 6.782972153044225516e-01
7.240954187749893967e-01 1.843942817005971568e-01 5.206597013252401984e-01 3.407670328055635300e-01 6.717561248806941387e-01
7.500796426376236115e-01 1.795391592018400206e-01 5.193850329863365367e-01 3.136874350637041675e-01 6.650564942818580905e-01
7.792571850025943325e-01 1.746108314978664644e-01 5.172574267617342514e-01 2.818898094994770065e-01 6.570385613067556418e-01
8.006687760353088379e-01 1.709942370653152466e-01 5.156961083412170410e-01 2.585555016994476318e-01 6.511546969413757324e-01
