2.099598497152328491e-01 7.175976037979125977e-01 1.506956070661544800e-01 7.852171063423156738e-01 4.764776825904846191e-01
2.492071798152852846e-01 7.287646112155379274e-01 1.819093256114262813e-01 8.009061435215818481e-01 4.676101791495576032e-01
2.945445547967235900e-01 7.027670605200750931e-01 1.972256992791092400e-01 8.350639063354275970e-01 4.845589543106048058e-01
3.211110344913619685e-01 6.783387079954685817e-01 2.068290338255202587e-01 8.058589207769341067e-01 4.538788380154615276e-01
3.378136757985497618e-01 6.606612921304552133e-01 2.172041417412869102e-01 7.554344368944692079e-01 4.125168913913249691e-01
3.642405584394867168e-01 6.544026159131525189e-01 2.307918592520618317e-01 7.117297625257982263e-01 3.799510342604685564e-01
3.949177292950694085e-01 6.522147373223061706e-01 2.612984135991472945e-01 6.744529470591247300e-01 3.569502377061153364e-01
4.178169838287598692e-01 6.475385813060736684e-01 3.018166216742567132e-01 6.493571073181426678e-01 3.510094419504707353e-01
4.450663262242596230e-01 6.344067024513665443e-01 3.578470117890636404e-01 6.295481709715834429e-01 3.572828729562904648e-01
4.856154136968885981e-01 6.132219834822664195e-01 4.117709856692305936e-01 6.069570979511902387e-01 3.589301186438118574e-01
5.304277335719932429e-01 5.968878029968160970e-01 4.512829168676281144e-01 5.807999853643391885e-01 3.551457961461543800e-01
5.858329885906380374e-01 5.880706425876366383e-01 4.953564885028519660e-01 5.456569466640632804e-01 3.541934377554025737e-01
6.229952737794403061e-01 5.841079383805537484e-01 5.274897921616300556e-01 5.190516094208779130e-01 3.559484004713915906e-01
6.715412151639230665e-01 5.652090609716468039e-01 5.645140476670067464e-01 4.826978214726779792e-01 3.687078811131031530e-01
6.974391933560057932e-01 5.250341397240873009e-01 5.795575171672608938e-01 4.542126566526882847e-01 3.947880759461006583e-01
7.094378410937591806e-01 4.804512247440858586e-01 5.796776864330966950e-01 4.363713606790223243e-01 4.254878820115698401e-01
7.214466021493891601e-01 4.260748888538024026e-01 5.726924363694743114e-01 4.217114231515062817e-01 4.765075147546659617e-01
7.279940226849666018e-01 3.937649497182250657e-01 5.752438111940694210e-01 4.211753505911683959e-01 5.334657746126816313e-01
7.339834422808313441e-01 3.667180862534386021e-01 5.830604477696035293e-01 4.317622603193080333e-01 6.014037078130325398e-01
7.249551357103242166e-01 3.386170071113424052e-01 5.803497794048090297e-01 4.334315041153283810e-01 6.472641846217220829e-01
6.908701275902191519e-01 2.943312661204647851e-01 5.611962473187995792e-01 4.321675985434528244e-01 6.956603334254128912e-01
6.602145396938565725e-01 2.613830766204796596e-01 5.421741922100147271e-01 4.354301562690312544e-01 7.242899010328850418e-01
6.288262642308992678e-01 2.119494841449857114e-01 5.215585610945985273e-01 4.382259510642915190e-01 7.523977036153968179e-01
6.812359917945626231e-01 1.980386738334586338e-01 5.348294813874723275e-01 4.116247554190949898e-01 7.278345533942346401e-01
7.285494080474592682e-01 1.890375293816574653e-01 5.341562941963746702e-01 3.646868860994393335e-01 7.021332655261675049e-01
7.721834609643346559e-01 1.781208783669318563e-01 5.229874119816136924e-01 3.004746977198810565e-01 6.712899342364352373e-01
8.006687760353088379e-01 1.709942370653152466e-01 5.156961083412170410e-01 2.585555016994476318e-01 6.511546969413757324e-01
