2.099598497152328491e-01 7.175976037979125977e-01 1.506956070661544800e-01 7.852171063423156738e-01 4.764776825904846191e-01
1.855373653072561746e-01 7.068983979644506421e-01 1.382574028920131037e-01 7.888931201050877196e-01 4.608601881445141268e-01
1.584908269820478333e-01 6.950496246869251049e-01 1.244827860154923971e-01 7.929641001682927737e-01 4.435646847460675835e-01
1.351961687571323067e-01 6.837181700579985089e-01 1.171510931731475358e-01 8.106941280722163023e-01 4.215126499065179333e-01
1.507618247247362042e-01 6.779211717656752345e-01 1.298613142099161732e-01 8.417082640594204523e-01 4.042820075085789555e-01
1.707288322192098418e-01 6.588229941634798914e-01 1.343888964567732935e-01 8.230365801407164561e-01 3.794085436866747596e-01
1.955985768565632887e-01 6.406985505171048922e-01 1.601664110755786630e-01 8.067156155103948345e-01 3.700021949398229482e-01
2.239403692260568957e-01 6.343420880156580566e-01 1.770509257780418511e-01 7.826299782662019533e-01 3.627992073282121921e-01
2.456454025086295678e-01 6.318362719661722027e-01 1.870531960065409394e-01 7.633578768210704801e-01 3.574026957621734280e-01
2.786965684539696175e-01 6.285463809283112768e-01 2.017958378074682924e-01 7.347302302029413701e-01 3.493501099363138240e-01
3.121849204607902162e-01 6.261624737414324127e-01 2.214785720251239431e-01 7.176737489694456906e-01 3.422248824413202106e-01
3.398632584619268870e-01 6.256651223870166589e-01 2.465148608876160941e-01 7.159491977743037694e-01 3.296640014414055075e-01
3.638184066746024126e-01 6.209819751899429141e-01 2.743953231899021739e-01 7.038937329290211320e-01 3.242285669727248409e-01
3.852361965699234725e-01 6.151062096199374496e-01 2.994032676251856540e-01 6.897036876070234968e-01 3.191116782280930542e-01
4.114397581167253404e-01 6.102660310770420260e-01 3.300566885963246988e-01 6.740743988819545285e-01 3.056367601754960139e-01
4.298880144965726569e-01 6.081901765115573788e-01 3.555804775692606445e-01 6.571142691781043377e-01 2.917533231904768654e-01
4.396685041407292771e-01 6.052276087627074252e-01 3.790605758015118676e-01 6.298727462759881046e-01 2.802804757269060643e-01
4.399949014324964769e-01 5.986448164483144652e-01 3.977386407063786544e-01 5.901080709914521272e-01 2.750133198030850212e-01
4.359565691074075988e-01 5.929767818922503375e-01 4.056162703079478904e-01 5.574444147473121003e-01 2.759506092062522509e-01
4.232840787760692169e-01 5.859251397526918925e-01 4.020490408313581177e-01 5.215566563745033246e-01 2.880833943705207179e-01
4.098566520710731909e-01 5.709275153088434474e-01 3.975200913105151335e-01 4.963044073257928956e-01 3.116799400481384263e-01
4.072927679350580310e-01 5.494726745148220681e-01 4.018535235195085376e-01 4.860136929388191862e-01 3.397127683158788214e-01
4.054495051719048115e-01 5.274423590257431016e-01 4.032390102211547700e-01 4.815079036869229778e-01 3.740042497828962031e-01
4.013427897818465095e-01 5.052070762313016772e-01 4.060076667804184414e-01 4.755296506973206716e-01 4.065771846369974352e-01
4.093736782271988339e-01 4.849811364297614835e-01 4.268401571783770887e-01 4.655088398871905508e-01 4.354327296754642029e-01
4.237899486149508399e-01 4.740205970532715418e-01 4.471703026316504737e-01 4.577437252314653371e-01 4.512818290421429790e-01
4.509230041786458365e-01 4.616021609986843410e-01 4.708566119194758648e-01 4.513235975582011728e-01 4.693837767667846661e-01
4.773381889159556413e-01 4.525147419886553779e-01 4.912733688402491916e-01 4.531136521371815218e-01 4.850231465811860598e-01
5.062452475000075447e-01 4.419115015297306326e-01 5.165861003422055342e-01 4.600969145198664512e-01 4.967489950855160652e-01
5.358502711416086584e-01 4.246080293723666355e-01 5.344748693432724851e-01 4.598650073328919285e-01 5.212951486560393199e-01
5.562270218443374770e-01 4.129863634406515382e-01 5.402014487634652085e-01 4.566878013038628836e-01 5.509491612774581881e-01
5.764372211123337530e-01 4.013858419949715151e-01 5.456718511200190358e-01 4.531253828000280093e-01 5.860610628053486426e-01
5.929705918368278761e-01 3.870075512123388739e-01 5.523459115930235974e-01 4.510843816111821392e-01 6.183598502043100575e-01
6.065154766837883571e-01 3.600352431088408856e-01 5.590323285962371935e-01 4.499741134198894099e-01 6.536899941389495705e-01
6.112201887725018379e-01 3.274454474173755236e-01 5.574681613347377551e-01 4.467444884941690342e-01 6.764435163690635244e-01
6.089309958883450946e-01 2.940522001521129747e-01 5.446775930505031171e-01 4.368944088504171930e-01 6.792056239539741025e-01
6.123095856821774152e-01 2.652820724508401229e-01 5.286071956068613131e-01 4.190648685590345757e-01 6.646512600912219959e-01
6.220929002808115449e-01 2.340821399110493695e-01 5.131732970224286428e-01 4.172001048987749594e-01 6.837672474426361724e-01
6.037848212350062083e-01 2.108546629248695126e-01 4.923294226321465739e-01 3.945674336260787118e-01 6.831599571556156159e-01
6.194508493422645756e-01 2.038881842744836859e-01 4.896008550369346790e-01 3.559880055903464346e-01 6.671023609640037710e-01
6.540115839971111233e-01 1.969276212581931029e-01 4.933036648191551077e-01 3.336112641005665735e-01 6.609691168072298062e-01
6.925370677476073711e-01 1.896765051395893076e-01 4.994274572088847064e-01 3.130061542878577741e-01 6.580880207043579011e-01
7.314857407572424863e-01 1.828224422216581657e-01 5.055318999114297718e-01 2.931978377431703753e-01 6.555396332394807235e-01
7.695765388930621009e-01 1.763100685868725925e-01 5.111281101666361737e-01 2.741244590761170441e-01 6.531253748494256772e-01
8.006687760353088379e-01 1.709942370653152466e-01 5.156961083412170410e-01 2.585555016994476318e-01 6.511546969413757324e-01
