2.099598497152328491e-01 7.175976037979125977e-01 1.506956070661544800e-01 7.852171063423156738e-01 4.764776825904846191e-01
2.315148723127346542e-01 7.089337014751634358e-01 1.627210877358573893e-01 7.952311935702122137e-01 4.586325585988075826e-01
2.523818619564031640e-01 6.908659354774701056e-01 1.592076151764157677e-01 7.989411060745047477e-01 4.299515224343703479e-01
2.823991176559642602e-01 6.868312491619785742e-01 1.605975183004312856e-01 8.140871390518314987e-01 4.163388690397996639e-01
3.130743641542905742e-01 6.807651747205409887e-01 1.642440392309770514e-01 8.241684939601536808e-01 4.029320230036778083e-01
3.403309426150005201e-01 6.645737301166162458e-01 1.712577054576384650e-01 8.128012726670087451e-01 3.769671778216741598e-01
3.600640871165453061e-01 6.497813695036968040e-01 1.916146573484386884e-01 8.047838895182329866e-01 3.463429407767063539e-01
3.815777057861546862e-01 6.399184096448634618e-01 2.222255658870355977e-01 7.987821762483447996e-01 3.319084450699910649e-01
4.066684817568133048e-01 6.337386232546677878e-01 2.530709400487244909e-01 7.898431908520678890e-01 3.287677050581184757e-01
4.319115152174646255e-01 6.296954140697054170e-01 2.835990418537504554e-01 7.779972849806754409e-01 3.280837594371540100e-01
4.547337113917221951e-01 6.281841933535144973e-01 3.170587332280588311e-01 7.603952967176577094e-01 3.259902913156382254e-01
4.702954891433935858e-01 6.306617737785740196e-01 3.457249773807384852e-01 7.354853619884360594e-01 3.219521130762489913e-01
4.765260533538566157e-01 6.367943815199842428e-01 3.650438821428499403e-01 6.991937631811605547e-01 3.171610892252906266e-01
4.705995993167220726e-01 6.409158828593110035e-01 3.724433643473986089e-01 6.560763035257720643e-01 3.139134894387897168e-01
4.611436858439749154e-01 6.392916072648785475e-01 3.740226945135357028e-01 6.223450009908456648e-01 3.121290839270421391e-01
4.599755401753814477e-01 6.294337133581631161e-01 3.817694579752292650e-01 5.826192608967799558e-01 3.087947970142734810e-01
4.873735142028395306e-01 6.248543552859113781e-01 4.031013416548839823e-01 5.632509408745640656e-01 3.081989324813156350e-01
5.176062163935667426e-01 6.254996140983936082e-01 4.271973450048730525e-01 5.546561507336603691e-01 3.128159724497838190e-01
5.458387602412723139e-01 6.265619264532938937e-01 4.516727377131058985e-01 5.466434137242789371e-01 3.205771728400125808e-01
5.754039124960054208e-01 6.264331567441047133e-01 4.756673249963391248e-01 5.391795757575319481e-01 3.306052817071204464e-01
5.842263692889753113e-01 6.194532789688133034e-01 4.907687060558987846e-01 5.276064734696990222e-01 3.628855044367182980e-01
5.593047942824003194e-01 6.104020551538149597e-01 4.899600889455013597e-01 5.170253821669307248e-01 3.955905562582403556e-01
5.296156296367336980e-01 5.983020274358673563e-01 5.002308018841215009e-01 5.025890335898695049e-01 4.225807819861437942e-01
5.332156121207072275e-01 5.711618747899965820e-01 5.038666903306183720e-01 4.872912787082075425e-01 4.389491443005792970e-01
5.289318623372055717e-01 5.401189283921717932e-01 4.952221866336439793e-01 4.786262529561284840e-01 4.600907494413439824e-01
5.293777443562001084e-01 5.032649293976072524e-01 4.914740426506620796e-01 4.748655126302941953e-01 4.785353282162978505e-01
5.448900604458954966e-01 4.681261964345010962e-01 4.910882213826193166e-01 4.740599638785279457e-01 4.895326274940147160e-01
5.647048042243805188e-01 4.392857092676237252e-01 4.910864361254186350e-01 4.724828106781147063e-01 4.962890595159008544e-01
5.880603765780457737e-01 4.043976258344304520e-01 4.920837090309407857e-01 4.668651548854004241e-01 5.065217088472154794e-01
6.021155552837124114e-01 3.739322443152288122e-01 4.979019813975073538e-01 4.570502841368410119e-01 5.254785085112406717e-01
5.930256618972997718e-01 3.486660431142022398e-01 4.999748434801573604e-01 4.439208041765286827e-01 5.508019706184786868e-01
5.713944887367627956e-01 3.290289524404319543e-01 4.960441891004843673e-01 4.472694401377954598e-01 5.765400932249269417e-01
5.702357737368104473e-01 3.170321340353785544e-01 5.020322922834674628e-01 4.603682538431121407e-01 6.133135857750281472e-01
5.733290964865126460e-01 2.980018846350313000e-01 4.894598640952602664e-01 4.739282450351501308e-01 6.468734483847611294e-01
5.689780969767596064e-01 2.760492219425740301e-01 4.742918862198250429e-01 4.752788589897593563e-01 6.676380072454457526e-01
5.454023757021292385e-01 2.540180161477898491e-01 4.762766241770344244e-01 4.540773648219535441e-01 6.871930585157830507e-01
5.536911869270488840e-01 2.331936867898762311e-01 4.858751658439796062e-01 4.327534494377087704e-01 7.029376368163127164e-01
5.914450619559434852e-01 2.186794384173359751e-01 4.834344073416450005e-01 4.235568631823209973e-01 7.102384457744403967e-01
6.259634294409373023e-01 2.085265141224723340e-01 4.806573315732140528e-01 4.134348051083525655e-01 7.227545061102321755e-01
6.607801839374203290e-01 2.025741390017975763e-01 4.905002025181443570e-01 3.917315263709378326e-01 7.252918055976009803e-01
6.949214273794200869e-01 1.955444783819711430e-01 4.963050202217254570e-01 3.629074153093654886e-01 7.115083932442123338e-01
7.223063461209332514e-01 1.891868119999145503e-01 5.013266437348576909e-01 3.358838661513803281e-01 6.958788659793592180e-01
7.488854497345892591e-01 1.830162231767467895e-01 5.062005034283678651e-01 3.096554986379144725e-01 6.807092454840005802e-01
7.783096775066378203e-01 1.761851120279395722e-01 5.115960788335957021e-01 2.806195510370061430e-01 6.639158135022822371e-01
8.006687760353088379e-01 1.709942370653152466e-01 5.156961083412170410e-01 2.585555016994476318e-01 6.511546969413757324e-01
