2.099598497152328491e-01 7.175976037979125977e-01 1.506956070661544800e-01 7.852171063423156738e-01 4.764776825904846191e-01
2.230358679406271860e-01 7.184738669955846868e-01 1.191497050803708158e-01 8.203680693460235762e-01 4.651445262835552374e-01
2.683134783788516109e-01 7.069915409733307232e-01 1.073177657175291150e-01 8.264370168789182403e-01 4.520625636011763038e-01
3.057212940649711164e-01 6.812049630538832279e-01 1.047765747666058456e-01 8.038757673102525647e-01 4.276325732633299292e-01
2.898108451339757030e-01 6.482548884746216489e-01 1.030458042542311131e-01 7.662167609036591998e-01 4.049536922138553541e-01
2.988838370289195745e-01 6.344083504977998667e-01 1.373605153861177375e-01 7.357886571746932169e-01 3.727952036617429576e-01
3.279972515761654384e-01 6.475186701954558366e-01 1.749696557787029372e-01 7.199685788467059533e-01 3.390191459799274387e-01
3.519388920786770680e-01 6.677591291319852074e-01 2.133316583081901197e-01 7.079791141091786866e-01 2.993529471807210851e-01
3.640829825902019978e-01 6.758524166250022835e-01 2.510704816698757225e-01 6.984241723938638957e-01 2.748180918068069412e-01
3.803986384643883722e-01 6.775706938675423174e-01 3.090596321008726166e-01 6.884438128899998954e-01 2.529693221438771289e-01
3.996173798105580599e-01 6.670432241956582020e-01 3.658203456290698985e-01 6.730819780448021872e-01 2.418671315330745419e-01
4.262834154778982199e-01 6.471026861286059972e-01 4.191610035089788355e-01 6.472955594663978296e-01 2.361628775905086908e-01
4.468383413068810484e-01 6.264679640348085332e-01 4.522249740636084536e-01 6.237347004559338215e-01 2.385800549527135883e-01
4.635855482217402512e-01 5.973439595630882781e-01 4.803279872116648086e-01 5.898875722303338343e-01 2.496857375666026169e-01
4.739431038305949029e-01 5.668446912102016455e-01 4.962714013869330976e-01 5.475031225764585008e-01 2.700249429511077381e-01
4.823568018451299677e-01 5.423910281489451313e-01 5.012295901769636686e-01 5.038628701850049740e-01 2.967038467983063033e-01
4.948003458245856523e-01 5.264069129245019241e-01 4.992160373646170046e-01 4.655111585807671926e-01 3.378991234348687200e-01
5.333752364066391971e-01 5.210206288256378215e-01 4.984508606992374968e-01 4.547016755818653611e-01 3.647175896860315181e-01
5.972720110741219779e-01 5.134391226525450991e-01 5.110589422780861257e-01 4.584900145518146508e-01 3.617877535461638816e-01
6.291336323546115050e-01 5.029700603963987993e-01 5.337587814564468403e-01 4.565455845844813010e-01 3.779038004354001723e-01
6.552032248087393818e-01 4.925119973292383935e-01 5.649746463142960584e-01 4.602414262898514297e-01 4.254018370878303590e-01
6.606161115577685594e-01 4.779468617115675833e-01 5.761339886276550804e-01 4.735008475598383448e-01 4.794122424663944115e-01
6.422659763954117196e-01 4.465156798435683250e-01 5.724511988114145966e-01 4.824457763247920195e-01 5.131789291305765000e-01
6.172751803206548704e-01 4.058237525790106548e-01 5.625512368749538972e-01 4.800487500167714416e-01 5.426653188097808611e-01
6.095406628381913050e-01 3.719186540062128787e-01 5.543077857464747682e-01 4.705396662219327730e-01 5.736096725858370604e-01
6.153131836601720694e-01 3.351765439606634311e-01 5.456067685605839879e-01 4.593326171177655737e-01 6.189890328657128293e-01
6.248155205341532348e-01 3.061378387327245987e-01 5.475388461321474276e-01 4.593276312586607735e-01 6.723150685615311151e-01
6.454769693850544998e-01 2.974734844164014236e-01 5.770684321873342792e-01 4.675540440237239692e-01 7.121744213774884313e-01
6.882250406651553298e-01 2.946265710614838218e-01 6.077339432923042351e-01 4.663778524903279266e-01 7.269154257569583333e-01
7.297799911086660929e-01 2.736601116204381290e-01 6.044740670349505463e-01 4.574302463323205448e-01 7.317231348797130774e-01
7.496576704612327724e-01 2.384338308491064928e-01 5.766428651362459634e-01 4.423460458304714349e-01 7.268625794110573635e-01
7.486796728658344779e-01 2.174459424673954311e-01 5.488810077302894719e-01 4.095472076934274508e-01 7.029190035420557203e-01
7.490126366656280066e-01 2.023756083873620160e-01 5.246518013168491867e-01 3.519475641357028839e-01 6.842348389745492865e-01
7.808157989924150444e-01 1.842894116765321499e-01 5.189233523463263609e-01 2.938530958710432461e-01 6.643810759504329422e-01
8.006687760353088379e-01 1.709942370653152466e-01 5.156961083412170410e-01 2.585555016994476318e-01 6.511546969413757324e-01
