2.099598497152328491e-01 7.175976037979125977e-01 1.506956070661544800e-01 7.852171063423156738e-01 4.764776825904846191e-01
2.462698756730000715e-01 7.143727096979957114e-01 1.430339647418992777e-01 7.932371148272299166e-01 4.803133930761323001e-01
2.846046623810438159e-01 7.063819042766795731e-01 1.380144466879839049e-01 8.056492267797209506e-01 4.577007933386289529e-01
3.267516233115435043e-01 6.956068991744445151e-01 1.574780086316243666e-01 8.005582149346729404e-01 4.446806349479273668e-01
3.632364957810966799e-01 6.874522962717669605e-01 1.827130581283389343e-01 7.872072689891225217e-01 4.298863473530383783e-01
3.864864224570184192e-01 6.851083970327607187e-01 2.085701936268775092e-01 7.660139000592962599e-01 4.102410660850603352e-01
4.001647555553555224e-01 6.899380789942965997e-01 2.432424003591581174e-01 7.361334784385661356e-01 3.831734969420697579e-01
4.040440949240816093e-01 6.952709873656530704e-01 2.673891466629331193e-01 7.185285149789621961e-01 3.604465071148654221e-01
3.988365834082015504e-01 7.008619083168918795e-01 2.830978332439269551e-01 6.975934514429854572e-01 3.213610788999068935e-01
3.861110010228211431e-01 6.985549060102222985e-01 2.758003385049507816e-01 6.782419200040424867e-01 2.773178683410893464e-01
4.139279653986172591e-01 6.873678433734942139e-01 3.274439019264012152e-01 6.762481398224378104e-01 2.588601529565793813e-01
4.453802137407723571e-01 6.831936203975751409e-01 3.634023349153407412e-01 6.744618615397179884e-01 2.593185765535228615e-01
4.731421176479266855e-01 6.764475178155509028e-01 4.028397249286548298e-01 6.650098550346887905e-01 2.530341376917487062e-01
4.785131444617055640e-01 6.635384280811149615e-01 4.369919096410703196e-01 6.417401378892660935e-01 2.452290370041297629e-01
4.714380312417519869e-01 6.391073585949599289e-01 4.612861007309303485e-01 6.063091653602560305e-01 2.464567147443698369e-01
4.740211207126483473e-01 6.130896964985866893e-01 4.822395022575702850e-01 5.798172063642595964e-01 2.541448079301028007e-01
4.808685635194839270e-01 5.856982782952394606e-01 5.050958744044723447e-01 5.561664550647164029e-01 2.630992020105414331e-01
4.888405463876016044e-01 5.561427216517321748e-01 5.176417146971850070e-01 5.312714460288654461e-01 2.786812943820811683e-01
4.985252108044340713e-01 5.235471700326139732e-01 5.109062774123677153e-01 5.044530909851034917e-01 3.073821449810591466e-01
5.005223588789092792e-01 4.972617754683494873e-01 5.051295492695968559e-01 4.855622612119918080e-01 3.433255228107360835e-01
5.103065066701526487e-01 4.803127983736927287e-01 5.099987398497407565e-01 4.713787482820204766e-01 3.807196154313369774e-01
5.404416979803747800e-01 4.725003588317850389e-01 5.182204680008822839e-01 4.517180701548531019e-01 4.093354844022343841e-01
5.855388816871991420e-01 4.701769267333849034e-01 5.274067007139540131e-01 4.349322314828328873e-01 4.260172968494039814e-01
6.293548302587693710e-01 4.628960777726820464e-01 5.449478408327039780e-01 4.321091247903275367e-01 4.472915008362001732e-01
6.492007069826307708e-01 4.418171873260747784e-01 5.617931649959559959e-01 4.427276461971066945e-01 4.780106234208963967e-01
6.474669669293400265e-01 4.099168072559477571e-01 5.742263120279194055e-01 4.562176831798642751e-01 5.126861808391839359e-01
6.449322494974550901e-01 3.833907122913047805e-01 5.770353259711459293e-01 4.603799927888467258e-01 5.446404487756913992e-01
6.524173295095970770e-01 3.612418246908453701e-01 5.729650196039255405e-01 4.547338580916863715e-01 5.838931281702142151e-01
6.633280000731182069e-01 3.490595002059727059e-01 5.708138525852090028e-01 4.478792546838932798e-01 6.139716759433910820e-01
6.721929271953211993e-01 3.320807183280860553e-01 5.689842902282377102e-01 4.402262204848904625e-01 6.575432911079870379e-01
6.683016508352511709e-01 3.015344759095529015e-01 5.604853798773928863e-01 4.355951815142356520e-01 6.982676100649481965e-01
6.722762709395289082e-01 2.610704185260220300e-01 5.535126755980490643e-01 4.280839101045780248e-01 7.206887218191442290e-01
7.028484188932979659e-01 2.333376200928265198e-01 5.568726322872734613e-01 4.142627955089012159e-01 7.192011834024960582e-01
7.141656929020671063e-01 2.081367127514208160e-01 5.376562252213242799e-01 3.994739482140700071e-01 6.970747568032230612e-01
7.207961008213221721e-01 1.971979047892875037e-01 5.228763109524025010e-01 3.540452634049677250e-01 6.905007684074889740e-01
7.447215872861652208e-01 1.879791041569563448e-01 5.177143677899808116e-01 3.177275661633608417e-01 6.753638182138721469e-01
7.780362756584029427e-01 1.778651812440636415e-01 5.165125614777571483e-01 2.824925716617397442e-01 6.609480924376369693e-01
8.006687760353088379e-01 1.709942370653152466e-01 5.156961083412170410e-01 2.585555016994476318e-01 6.511546969413757324e-01
