2.099598497152328491e-01 7.175976037979125977e-01 1.506956070661544800e-01 7.852171063423156738e-01 4.764776825904846191e-01
2.284895256183746004e-01 7.022854721449494075e-01 1.310883398223962326e-01 7.985409085484872493e-01 4.708845971731316915e-01
2.524251166456182305e-01 6.874413215236818697e-01 1.104188509979008859e-01 8.174229587387449314e-01 4.582888994556639783e-01
2.615166297069093093e-01 6.745610481768116173e-01 1.105326888384211281e-01 8.306781999728132249e-01 4.263977312793137964e-01
2.657264211472433191e-01 6.713677161639015623e-01 1.228098506854845562e-01 8.269371066581699958e-01 3.988046009138702663e-01
2.845722450108965074e-01 6.744679411448474271e-01 1.344766489673783205e-01 8.161326277627511949e-01 3.703019225997002395e-01
3.175854946886575436e-01 6.834178111090215557e-01 1.453828608776409625e-01 8.035378453684685063e-01 3.574033019327584881e-01
3.509163520424333771e-01 6.820356996929163307e-01 1.562264854497594502e-01 7.901383633933123374e-01 3.722091927191093497e-01
3.623958601840880922e-01 6.672980506389222244e-01 1.730514582261546974e-01 7.615928488439728250e-01 3.497358087584958031e-01
3.745183866436676001e-01 6.535288062589381664e-01 2.007719361696835014e-01 7.641306846768604055e-01 3.330033310450304929e-01
3.976406003900592179e-01 6.467448080365999497e-01 2.356637383554377740e-01 7.468895123884351506e-01 3.305173243188420096e-01
4.132546472704067830e-01 6.456781183079444153e-01 2.630794966530316525e-01 7.288692375499846721e-01 3.280325571577371035e-01
4.301443191601582727e-01 6.458889270030055973e-01 2.981821796525764845e-01 7.077424866284239835e-01 3.223384553632023808e-01
4.454442572256053223e-01 6.465209844278990703e-01 3.317832060855309129e-01 6.880151855849711007e-01 3.162187582415940112e-01
4.590625151772661505e-01 6.474415556962435092e-01 3.638291686370148659e-01 6.687890181646273247e-01 3.102575047592232016e-01
4.670052770587586055e-01 6.497002339908034552e-01 3.960938856940872665e-01 6.459311318856773010e-01 3.039729547804074228e-01
4.663251224016100593e-01 6.482104398618193652e-01 4.245699983761385687e-01 6.195861968044568124e-01 2.945881121007650760e-01
4.793398987462744731e-01 6.384949377800205328e-01 4.466099051535218911e-01 5.912275576105711083e-01 3.099542333987276299e-01
4.856320942148099062e-01 6.303022292260762605e-01 4.659663268159639493e-01 5.675194012746774819e-01 3.309508748004105216e-01
4.874043887190431801e-01 6.207106800962817195e-01 4.829119908483271995e-01 5.469857031678584391e-01 3.527479888909791361e-01
4.856365644355682409e-01 6.043818678121471999e-01 4.950383200296352704e-01 5.285710830138832250e-01 3.789880666167936840e-01
4.812944601383773446e-01 5.806505185254520196e-01 4.956869565012800849e-01 5.173343986164580244e-01 4.055415738759374777e-01
4.770290593032979753e-01 5.537642253240031565e-01 4.888815390784400083e-01 5.100210275472266686e-01 4.282863472157394935e-01
4.747078842988655678e-01 5.253152607795794626e-01 4.834471959645711414e-01 5.012171222559634876e-01 4.486850679033694278e-01
4.762717115399228152e-01 4.961846673488357062e-01 4.856844628748345771e-01 4.885171377514067048e-01 4.680273212310392394e-01
4.854372050774383163e-01 4.691315404580976289e-01 4.966170376717424784e-01 4.719660439050260559e-01 4.851686647318975143e-01
5.024623742868353782e-01 4.523113079339210474e-01 5.086200189007532568e-01 4.569691231275919141e-01 4.972783963619012426e-01
5.282241324638105029e-01 4.382166597519323581e-01 5.203898762441160342e-01 4.415096473227231311e-01 5.094731804628613858e-01
5.531493349288221228e-01 4.244973131470273220e-01 5.289831258692871963e-01 4.302506274353953830e-01 5.181019770640203914e-01
5.834742487595427907e-01 4.014492274891748314e-01 5.370146413271291719e-01 4.212646329190471439e-01 5.286436668290437346e-01
6.073445208734004064e-01 3.742115685813840464e-01 5.366879088668413678e-01 4.234932817862252508e-01 5.471731783406572625e-01
6.132668953923603450e-01 3.513850140994826399e-01 5.282499531752893329e-01 4.310873268346592235e-01 5.766406062903847163e-01
6.042452388508690042e-01 3.341247100178175167e-01 5.180909010815252236e-01 4.365479498050865992e-01 6.079793668601564116e-01
5.906237667622713516e-01 3.172057293580962112e-01 5.074982020492193602e-01 4.426364623432130219e-01 6.428483281818357931e-01
5.910164776792300456e-01 2.982122261282847964e-01 5.044519759490733168e-01 4.450111732140891174e-01 6.813019956836016133e-01
6.133025408853665095e-01 2.826069988127432042e-01 5.136970598056284087e-01 4.423305071266832034e-01 7.053905724771541985e-01
6.413464596307586474e-01 2.701423197034620860e-01 5.343677195128729851e-01 4.306824329189296030e-01 7.111039016813818225e-01
6.699514605343227514e-01 2.597145901210518582e-01 5.554756805096265904e-01 4.136746534191376168e-01 7.002233859853903564e-01
6.985363472162889886e-01 2.457782575078225895e-01 5.628759473560279725e-01 3.990872099280690644e-01 6.831786031629529798e-01
7.253066890389022747e-01 2.259293966208874849e-01 5.523012507881488453e-01 3.753086788367523963e-01 6.746308295432654756e-01
7.362611190128646177e-01 2.121345990621009980e-01 5.412604376593384004e-01 3.390572940284920511e-01 6.626837163979509837e-01
7.587563938177678269e-01 1.967429376107701078e-01 5.314354416445901119e-01 3.086240560682976253e-01 6.568148634125381413e-01
7.834935690638017425e-01 1.815457552018924503e-01 5.221459041479995511e-01 2.790730131972610217e-01 6.534741673577989518e-01
8.006687760353088379e-01 1.709942370653152466e-01 5.156961083412170410e-01 2.585555016994476318e-01 6.511546969413757324e-01
