2.099598497152328491e-01 7.175976037979125977e-01 1.506956070661544800e-01 7.852171063423156738e-01 4.764776825904846191e-01
1.833929892793613181e-01 6.867194989652404269e-01 1.514912406746190821e-01 7.829197385831886402e-01 4.740533962552840874e-01
1.899512429222300625e-01 6.483033382025019664e-01 1.347921969242526496e-01 7.986599194800428902e-01 4.647370102752083065e-01
2.318216033065754744e-01 6.295772813895598174e-01 1.258726842523889000e-01 8.046520990483342350e-01 4.599113652657287887e-01
2.708424560791778957e-01 6.234506432486591754e-01 1.246845074452665736e-01 8.042626260703525931e-01 4.589945450874410304e-01
3.157601104366710709e-01 6.308881496121477861e-01 1.355126853070974247e-01 8.051137993732336851e-01 4.639722890199607375e-01
3.370602296812577059e-01 6.529997100129142362e-01 1.565549045351223578e-01 8.128851677543686982e-01 4.725195999529646085e-01
3.298779058929686703e-01 6.634850418523268178e-01 1.599685760037116988e-01 8.357765716006612111e-01 4.352410360091166774e-01
3.532888409726325230e-01 6.670588142230756690e-01 1.705135951759692015e-01 8.348961081230940051e-01 4.010960584882442004e-01
3.834502324406375839e-01 6.703406949386466751e-01 1.991076747480071407e-01 8.231515447933500651e-01 3.706769190069025832e-01
4.020306645056223038e-01 6.680599475765341966e-01 2.270240020061200514e-01 8.091410497178165295e-01 3.452177097999547528e-01
4.076026333505095023e-01 6.615208644323402609e-01 2.525855991996162064e-01 7.957755978729685875e-01 3.210347318258654492e-01
4.173728905900117025e-01 6.536565442391063518e-01 2.899385703552840310e-01 7.836339329263650733e-01 3.244785152732463929e-01
4.251671279471103126e-01 6.429269529576298048e-01 3.298694672299655739e-01 7.631168192442780995e-01 3.313786820120177556e-01
4.290160603548286988e-01 6.411724127622423497e-01 3.658894675189599544e-01 7.283660886349664354e-01 3.288130299538003509e-01
4.459589315883162874e-01 6.419185843689730886e-01 3.853907269517916623e-01 6.904105078391900019e-01 3.249494160555038147e-01
4.666125153396083469e-01 6.356124055963902064e-01 3.925828587011380710e-01 6.660562398999179123e-01 3.231402161127141515e-01
4.916455890134161510e-01 6.263792388643205644e-01 4.063979388029562156e-01 6.301587587834764914e-01 3.177793254765430286e-01
5.013727707831820979e-01 6.251332720429794154e-01 4.274319210612060327e-01 5.951531644616911976e-01 3.135400349905696493e-01
5.037749457748834647e-01 6.256890850301346507e-01 4.521566548460540513e-01 5.576105181727016857e-01 3.238873798458095643e-01
5.004212506940698413e-01 6.155584261912885324e-01 4.688875729283459304e-01 5.348323006028293802e-01 3.573456070803724405e-01
5.161818178534667290e-01 5.976457637491028319e-01 4.865136655746594152e-01 5.230344157947939276e-01 3.834769377141047375e-01
5.479633070988884080e-01 5.778034363430952780e-01 5.127377785608486782e-01 5.124613694685821175e-01 3.988181057480534308e-01
5.776613406449246924e-01 5.636414692904502255e-01 5.385241434438640118e-01 4.988986495317267456e-01 4.097589459295510328e-01
5.971305675685134595e-01 5.508996947905177022e-01 5.571447874056342231e-01 4.874846204221158774e-01 4.212863779954094112e-01
5.752861042222555676e-01 5.174114573330120814e-01 5.520311406591872361e-01 4.771494403770555337e-01 4.471144631441946182e-01
5.516346827290701249e-01 4.990184071711826763e-01 5.398335274603180967e-01 4.697696822639821912e-01 4.574592457791850086e-01
5.363097635272915387e-01 4.665277764404755501e-01 5.238227612964081459e-01 4.508173276414783048e-01 4.686861619940530521e-01
5.646436899302922363e-01 4.378428501723156119e-01 5.304025751033988323e-01 4.294944575970268685e-01 4.802294452878924647e-01
5.886586433684110053e-01 4.115155172278711082e-01 5.356866619819555808e-01 4.125836802682865678e-01 5.019671007499219018e-01
5.851438714885263126e-01 3.892533177900893149e-01 5.286809605592588390e-01 4.207835152368313292e-01 5.294980735515509851e-01
5.730846334006981513e-01 3.671101165861856974e-01 5.201098496429379381e-01 4.405029694745538071e-01 5.596189010287918597e-01
5.689517232237552014e-01 3.409720678618623491e-01 5.176979234029432941e-01 4.588798131981806638e-01 5.951735876852974894e-01
5.751649590272991386e-01 3.192887069856256144e-01 5.183694323637003665e-01 4.631304972944521592e-01 6.272492440068088149e-01
5.852458413495440492e-01 2.945424527134145598e-01 5.168258465374718780e-01 4.567410979259836079e-01 6.615560105748498065e-01
6.034364862501010451e-01 2.688745574157674900e-01 5.242383389116600512e-01 4.415782833753937875e-01 6.876291071600043603e-01
6.326802554447370497e-01 2.531705562311362123e-01 5.467028527488706491e-01 4.278962634191321168e-01 6.966249475925933021e-01
6.693187389357992956e-01 2.406780811949093823e-01 5.609228102192377330e-01 4.216311000010105059e-01 7.021775228434942173e-01
6.763704626324121838e-01 2.221434389631503914e-01 5.330323735995753376e-01 4.337352021909213762e-01 7.195324153024232894e-01
6.654182692940951993e-01 2.141797892539699932e-01 5.036512053272247380e-01 4.079313158934388950e-01 7.192133009244119357e-01
6.853132452005019637e-01 2.066243821729802366e-01 4.988627355378419392e-01 3.740469722964155919e-01 7.061993866475685389e-01
7.182275203833754507e-01 1.962624018908316892e-01 5.025987027105054405e-01 3.391563858559390465e-01 6.900051289058866111e-01
7.480822942485690907e-01 1.871119426833784960e-01 5.073417173605552222e-01 3.099680729075506846e-01 6.759360702568706358e-01
7.783848043295880093e-01 1.778242527604254608e-01 5.121558636641421192e-01 2.803420187508436912e-01 6.616560159691612375e-01
8.006687760353088379e-01 1.709942370653152466e-01 5.156961083412170410e-01 2.585555016994476318e-01 6.511546969413757324e-01
