2.099598497152328491e-01 7.175976037979125977e-01 1.506956070661544800e-01 7.852171063423156738e-01 4.764776825904846191e-01
2.415070251665305534e-01 6.867458252391968054e-01 1.629542556349518057e-01 8.091272987229373159e-01 4.617334719560052259e-01
2.775650003288825940e-01 6.812424716597260677e-01 1.817476507346800496e-01 7.738348834459907177e-01 4.200906489716894621e-01
3.001225356874005490e-01 6.922587876160424258e-01 1.915127161598897398e-01 7.317855499246898043e-01 3.882131274605499227e-01
3.484411809729465181e-01 6.933240127159220334e-01 2.255057618554499599e-01 7.038656340052619198e-01 3.573815882513125541e-01
4.133863586949337865e-01 7.071273590394320241e-01 2.672718697444469438e-01 7.124946941838233849e-01 3.509816080541686145e-01
4.533250022566643334e-01 6.943791224235251747e-01 2.923731404255198729e-01 6.701015127041748398e-01 3.445268507312073680e-01
4.549277106844777929e-01 6.461548705364029699e-01 3.413621127761349294e-01 6.416086342222464545e-01 3.459193155784742180e-01
4.613972295161518633e-01 6.278610803915016803e-01 3.898770127689595855e-01 6.292839946155728281e-01 3.473154641047875302e-01
4.781516887895350121e-01 6.155285153045154667e-01 4.571316175727931919e-01 6.131643121659959839e-01 3.473894752135843755e-01
5.278220103202515556e-01 5.988491540966962567e-01 4.984597652966080150e-01 5.862950674689891839e-01 3.434481412551912416e-01
5.864836915634470405e-01 5.729354843349108162e-01 5.315557767948804191e-01 5.434218585207601926e-01 3.389008157575558733e-01
6.267077297736090014e-01 5.565310209829830157e-01 5.517829246848320324e-01 5.121145656878901553e-01 3.432925147806775712e-01
6.670330609579703252e-01 5.380257516707573906e-01 5.695748153433394245e-01 4.774191024459422672e-01 3.638785581220351228e-01
6.790595151129964480e-01 5.041796200290444840e-01 5.772553237045956465e-01 4.513389241985406031e-01 3.930172429765508846e-01
6.732944138988786742e-01 4.517016229692963347e-01 5.819966936933348434e-01 4.292806332777869271e-01 4.222832608798295362e-01
6.480166647747158670e-01 4.013613204399236190e-01 5.838279564685373568e-01 4.058647293993977168e-01 4.533104827484600863e-01
6.278084787308668702e-01 3.692455803782062063e-01 5.812699902703500898e-01 3.875455845588030579e-01 5.154122921138540869e-01
6.429106518704322815e-01 3.588209757293887026e-01 5.776724187458364135e-01 4.006127482370313575e-01 5.643989321505079593e-01
6.672745825963140032e-01 3.449215612335751469e-01 5.734158786947644026e-01 4.213015418273257096e-01 6.245764972690120986e-01
6.911145395605584607e-01 3.146040327733450326e-01 5.693280089144042710e-01 4.416914442999685941e-01 6.868464358201284981e-01
6.919465390288712658e-01 2.577648081519638423e-01 5.477339096899893622e-01 4.559286600357276287e-01 7.302533942719408033e-01
7.028538706322052798e-01 2.026336264759086014e-01 5.377355897071457447e-01 4.157542638268008073e-01 7.306129681519524244e-01
7.489191118933659075e-01 1.917893025554298914e-01 5.414774765467301743e-01 3.596276610080680891e-01 7.086351752259385517e-01
7.803467903362029112e-01 1.791604161219165214e-01 5.258203981247941972e-01 2.982463288788032574e-01 6.737271614596508362e-01
8.006687760353088379e-01 1.709942370653152466e-01 5.156961083412170410e-01 2.585555016994476318e-01 6.511546969413757324e-01
