2.099598497152328491e-01 7.175976037979125977e-01 1.506956070661544800e-01 7.852171063423156738e-01 4.764776825904846191e-01
2.512832394049607232e-01 7.295887296993300852e-01 1.666329915428393371e-01 7.994193088787755475e-01 4.844052472622378258e-01
2.899481385780555143e-01 6.992837123354099793e-01 1.751631644245858488e-01 7.954829941140543204e-01 4.396602293460165067e-01
3.120181650375456472e-01 6.849501398227142435e-01 1.945936857131836395e-01 7.633200364834500373e-01 4.149113810484286180e-01
3.462438202767493256e-01 6.712012697889742086e-01 2.330743335898826929e-01 7.415093708191611288e-01 3.985453726914205408e-01
3.812059417283247265e-01 6.721479533614015400e-01 2.726308990306442470e-01 7.223150528179985708e-01 3.762366184780820966e-01
4.067405200849911195e-01 6.680444196416398528e-01 3.097914909929768701e-01 6.832225500554803821e-01 3.598722873647284271e-01
4.360882876216439219e-01 6.563331738436792850e-01 3.656980076541506142e-01 6.606340551452799525e-01 3.568965975149784864e-01
4.655995429723423507e-01 6.415185919657108160e-01 4.091549883283724931e-01 6.415053540106346874e-01 3.545793549678390999e-01
5.084060671038673762e-01 6.199905781172497798e-01 4.446426566314681805e-01 6.160457339604809013e-01 3.552576816340708432e-01
5.449714817071932282e-01 5.948290520214066790e-01 4.720031006978769317e-01 5.869964364913354826e-01 3.595898843022948266e-01
5.840127417396322462e-01 5.828098564699479844e-01 5.066600332645740945e-01 5.477040985058208022e-01 3.600732117341557403e-01
6.136661505602100108e-01 5.788715661587930938e-01 5.345553754380122369e-01 5.160524644105201064e-01 3.590318165422309860e-01
6.587406442548432439e-01 5.440280615710568757e-01 5.553029138667906484e-01 4.811091782703800224e-01 3.813280695994427649e-01
6.685584211395754206e-01 5.043686203489554654e-01 5.631235927323712254e-01 4.613954461745513047e-01 4.286695526753869223e-01
6.707642196011172064e-01 4.580522658803359848e-01 5.651511107778778298e-01 4.487089197329949264e-01 4.644285858029119085e-01
6.928006172517265915e-01 4.147369114090595499e-01 5.653419203201506260e-01 4.487576826588445256e-01 5.062005714615858132e-01
7.026856408041752822e-01 3.852201143589154553e-01 5.667570502964666135e-01 4.336816404958522275e-01 5.493294265598124282e-01
7.062840248775547058e-01 3.534435197868033285e-01 5.657846959865928671e-01 4.244371798927222272e-01 6.125832322702375876e-01
7.088297574503513721e-01 3.196211947000144882e-01 5.605013197288677418e-01 4.283123342403445388e-01 6.672243348484587777e-01
7.070308442963443296e-01 2.871735942463838342e-01 5.469731622192947063e-01 4.419024980023835147e-01 7.123888781708020979e-01
6.907951410335699816e-01 2.603284325494501505e-01 5.287175839254590892e-01 4.563110315384975579e-01 7.491421326149554361e-01
6.512423465833385716e-01 2.200973977338963605e-01 5.250516940057984305e-01 4.311545874024452774e-01 7.561369127638507548e-01
7.051297658143506064e-01 2.123243987180161996e-01 5.306352108510535848e-01 4.059200131109501064e-01 7.296282139029510727e-01
7.507561064642789272e-01 1.990226963803458649e-01 5.213768086301606708e-01 3.631862659473900634e-01 7.075557295944648883e-01
7.804061753056835693e-01 1.823727003903193311e-01 5.180022515070467071e-01 3.010315186749479288e-01 6.740513204882643272e-01
8.006687760353088379e-01 1.709942370653152466e-01 5.156961083412170410e-01 2.585555016994476318e-01 6.511546969413757324e-01
