2.099598497152328491e-01 7.175976037979125977e-01 1.506956070661544800e-01 7.852171063423156738e-01 4.764776825904846191e-01
1.898462187821413072e-01 6.959850984772736338e-01 1.467604566535140598e-01 7.829053431157878551e-01 4.483544991287733428e-01
1.927731194739351617e-01 6.671860689755646501e-01 1.409058097692782729e-01 7.590636959114358540e-01 4.248552444635627645e-01
1.976243015439916317e-01 6.606805698172771857e-01 1.719350719915191950e-01 7.429601355932361484e-01 4.158507185999153477e-01
2.268371447635756932e-01 6.530237923562668412e-01 1.849529279755329769e-01 7.447368357392047944e-01 3.930625485912276340e-01
2.609441805632201072e-01 6.426279764782618642e-01 1.958410613861170657e-01 7.434913894901120646e-01 3.702496507669430503e-01
2.935231658703232882e-01 6.334881318763505575e-01 2.084072716077335907e-01 7.393090161554830564e-01 3.530831332981461679e-01
3.203858122408669851e-01 6.279227626840263587e-01 2.225250612972724806e-01 7.351061132727494396e-01 3.430367565070204794e-01
3.541919425338366234e-01 6.249103721409225987e-01 2.497898834077024455e-01 7.312518223262602923e-01 3.370574078484241398e-01
3.780643330775670385e-01 6.251896302662615090e-01 2.815461216139673040e-01 7.288347482646635456e-01 3.372494665934387958e-01
4.016355703525816834e-01 6.313336589158490275e-01 3.017216872923271787e-01 7.093046317159836800e-01 3.213691316408607834e-01
3.950975062422716344e-01 6.290988090664703103e-01 3.110102440513323740e-01 6.856892201252389185e-01 2.963692103026245306e-01
4.063858924950166651e-01 6.321408257349417914e-01 3.381624545171754148e-01 6.664644764342179117e-01 2.776430402177186840e-01
4.236557700613582389e-01 6.317534871489570714e-01 3.706950742395858645e-01 6.506878532401064730e-01 2.634320150830392615e-01
4.164420327645794728e-01 6.153880856760334250e-01 3.847750861719551052e-01 6.204474973242194435e-01 2.618134590282755747e-01
4.065220649302598854e-01 6.028101132431451514e-01 3.839848190013914198e-01 5.824008260979031126e-01 2.699771184664188639e-01
4.091967869484540166e-01 5.966378225322013229e-01 3.866759798801152614e-01 5.454133427469279871e-01 2.817081839288865797e-01
4.274302046291323931e-01 5.938881036070660091e-01 3.997303784254102599e-01 5.131320663963767625e-01 2.976356201708207916e-01
4.563126672422798125e-01 5.925363928537732416e-01 4.200581859064757562e-01 5.053625542422623962e-01 3.155225458573284736e-01
4.703920845867180511e-01 5.865154197838442496e-01 4.272398939541706686e-01 5.083236057462997559e-01 3.424436685420183535e-01
4.733400453071706648e-01 5.703033237160552993e-01 4.252476724717130785e-01 5.098626132207982886e-01 3.856727468475386056e-01
4.805731031572519352e-01 5.463281601313884073e-01 4.319983469362227990e-01 5.089423264965790006e-01 4.236793076833468286e-01
4.915120748945471241e-01 5.183069579649928205e-01 4.538038450393037659e-01 4.991685888636107626e-01 4.472556553124494849e-01
4.915425187273079199e-01 4.947295518207473486e-01 4.786501188816135732e-01 4.872833217564344621e-01 4.630874354239494228e-01
5.056934133191860470e-01 4.696122227360937096e-01 4.887506542875727500e-01 4.778388849376055680e-01 4.805630927376213779e-01
5.326143764789331714e-01 4.439489820916563967e-01 4.871245733408548495e-01 4.677982839457031639e-01 4.921805516490618815e-01
5.545846926495376916e-01 4.129675264509948818e-01 4.807181638390424783e-01 4.586458612605474605e-01 5.069185806672373840e-01
5.669219362934945217e-01 3.861375960409456076e-01 4.682959538368790531e-01 4.580664695098790595e-01 5.212582483733433358e-01
5.904245115903697938e-01 3.595112980515653422e-01 4.566669142148880312e-01 4.687510914048274024e-01 5.336777442976384789e-01
6.193081151040872312e-01 3.364594481617681487e-01 4.707647111011510899e-01 4.720728156158261468e-01 5.461646194875598992e-01
6.212283476514399716e-01 3.150906297704457182e-01 4.850377567740474793e-01 4.583443826208845051e-01 5.675677711795500402e-01
6.117089841970221320e-01 2.943088990614515787e-01 4.888213302239249325e-01 4.420661818472007565e-01 5.951917286678989338e-01
5.987917155872195529e-01 2.744909458690117932e-01 4.824084579083681712e-01 4.301000561836649805e-01 6.269638872082281544e-01
5.809672499844947824e-01 2.570526603917789865e-01 4.668981645289118076e-01 4.290558679819459487e-01 6.582665968420705616e-01
5.650506277983310399e-01 2.397866449526690480e-01 4.590750061670473281e-01 4.431300591019894375e-01 6.865578991641219098e-01
5.887005648209890918e-01 2.291791132691015642e-01 4.822531187726791235e-01 4.478611829350188644e-01 6.984697361906668789e-01
6.181172613469452237e-01 2.235304985967944968e-01 5.042282992430712207e-01 4.456539271806604918e-01 7.025582811869558464e-01
6.558704398290554627e-01 2.160173418180554028e-01 5.294990477156255038e-01 4.407854765524659713e-01 7.063869419783949111e-01
6.811231374668441640e-01 2.001640983449710365e-01 5.429441325636914506e-01 4.201943202944492528e-01 7.060290238972302124e-01
6.713880206867197664e-01 1.959180577131910406e-01 5.296043692945364700e-01 3.943876730961026755e-01 6.941503653372284033e-01
6.840527986858603304e-01 1.954060484338708270e-01 5.192006816743255371e-01 3.619774481213473005e-01 6.773070247844242830e-01
7.126362784726321120e-01 1.918523345809715897e-01 5.160139993997324703e-01 3.324764955125724675e-01 6.666600553027924869e-01
7.458147686545794075e-01 1.857497865531149983e-01 5.157663794413638314e-01 3.040645224840221594e-01 6.599399578464871796e-01
7.761448373842021464e-01 1.775910967603699375e-01 5.157275249000289330e-01 2.789015162767695677e-01 6.550823808018371164e-01
8.006687760353088379e-01 1.709942370653152466e-01 5.156961083412170410e-01 2.585555016994476318e-01 6.511546969413757324e-01
