2.099598497152328491e-01 7.175976037979125977e-01 1.506956070661544800e-01 7.852171063423156738e-01 4.764776825904846191e-01
2.544082057632581217e-01 6.954991493183966256e-01 1.562230559252608120e-01 7.963911746714764650e-01 4.566305572252649103e-01
2.940114097619872524e-01 6.988953158717151615e-01 1.915783737236625428e-01 8.023752834737239992e-01 4.687339294103716747e-01
3.286507901429432943e-01 7.056466025404884990e-01 2.275664842553963840e-01 7.900863639996835719e-01 4.421427891015295986e-01
3.615681236296148793e-01 6.977601662249719450e-01 2.567020012999986500e-01 7.643844737915040932e-01 4.091404712946285493e-01
3.866601542004442504e-01 6.841343485282033177e-01 2.783601139894280596e-01 7.403874494131005290e-01 3.872664665668055783e-01
4.210706166741320922e-01 6.609386269888507526e-01 3.138028586463212921e-01 6.996821524231782163e-01 3.638466965778684448e-01
4.431422862793918394e-01 6.454745984843068829e-01 3.470686371713913032e-01 6.648433231766271989e-01 3.563661566687409965e-01
4.609208560934694443e-01 6.308923039053871973e-01 3.839399143606225251e-01 6.292578004746643972e-01 3.546651945234564618e-01
4.731697666968261440e-01 6.128767147950131555e-01 4.217714911789014476e-01 5.844146821787640222e-01 3.573751527766156899e-01
4.801459641853073057e-01 5.926251222198654078e-01 4.477371255530741001e-01 5.333826925667656260e-01 3.666178431330390786e-01
4.854705015558233860e-01 5.738012615247032322e-01 4.644434594832589358e-01 4.910919449641266699e-01 3.807527560525875154e-01
5.097315265365152115e-01 5.496860587815526333e-01 4.951676809449216954e-01 4.463123377361555288e-01 3.959355748236876305e-01
5.563510330856701325e-01 5.343667709986519299e-01 5.260229903251756323e-01 4.284474626156517529e-01 3.991345524500086728e-01
5.987457933247066766e-01 5.176671115771273035e-01 5.423042985513049086e-01 4.223230233355533270e-01 4.044659978516356724e-01
6.427106606498225183e-01 4.827452562296475347e-01 5.540162327684299282e-01 4.150902190645889278e-01 4.210505721056219675e-01
6.709395080653832721e-01 4.382066829169827815e-01 5.590579590699136237e-01 4.109091969023887514e-01 4.491830590357218655e-01
6.888858634314819485e-01 3.966447442800447587e-01 5.599325560582731898e-01 4.147691635959998568e-01 4.879889214091869265e-01
7.016011975034198711e-01 3.641948095297863897e-01 5.566176197635990253e-01 4.236320424534593121e-01 5.363827305668378287e-01
7.096233556905419126e-01 3.402109580975379854e-01 5.502921598488751398e-01 4.313120142502456789e-01 5.905833783162602879e-01
7.134424207957065223e-01 3.238355727176214227e-01 5.462960842075520462e-01 4.360934459403726926e-01 6.340557751041311363e-01
7.148264665639082471e-01 2.992762042642984066e-01 5.409548753423816247e-01 4.382295598924349500e-01 6.880366319110035045e-01
6.938247546165130508e-01 2.606893251744674123e-01 5.302802189126563093e-01 4.359714837328200199e-01 7.308366756871740311e-01
6.509460153300437035e-01 2.342796018135074598e-01 5.159756303910407738e-01 4.307374310401917428e-01 7.435656430137269624e-01
6.292740770672023976e-01 2.148408015996484399e-01 4.979816794423078119e-01 4.072731443333593715e-01 7.162150636401936055e-01
6.668278562458065384e-01 2.068903762173120442e-01 5.025850822878422663e-01 3.771452728334873106e-01 6.877554604180354803e-01
7.179282325980959056e-01 1.951171492828663034e-01 5.124626759807274778e-01 3.362329883000751973e-01 6.719659339769532558e-01
7.666773739949586108e-01 1.809043920329712896e-01 5.143677523168325161e-01 2.904669028921347262e-01 6.597043522330424681e-01
8.006687760353088379e-01 1.709942370653152466e-01 5.156961083412170410e-01 2.585555016994476318e-01 6.511546969413757324e-01
