2.099598497152328491e-01 7.175976037979125977e-01 1.506956070661544800e-01 7.852171063423156738e-01 4.764776825904846191e-01
1.886843929599395786e-01 7.082240559733068430e-01 1.334784099524562173e-01 7.942744982652738539e-01 4.611182627108537657e-01
1.990226810972743343e-01 6.883077894559721521e-01 1.456503048802498534e-01 7.683857012239229123e-01 4.452331784192319342e-01
2.207395949285455017e-01 6.633231303909830068e-01 1.578861510194838613e-01 7.623750557647616111e-01 4.259596167907881981e-01
2.343467714620802722e-01 6.465651760382699065e-01 1.644377398259218859e-01 7.640479772693041793e-01 3.925722330139670979e-01
2.648091819077330600e-01 6.359075264498412761e-01 1.770597513298155234e-01 7.625787127127385823e-01 3.732047471984500375e-01
2.894382776801756041e-01 6.316086874696230646e-01 1.870855740134106382e-01 7.585377584237491533e-01 3.600698432897835866e-01
3.207922807084812034e-01 6.282396449786050718e-01 2.053411498458222462e-01 7.513527649700864064e-01 3.448479154350828080e-01
3.494346015138737327e-01 6.272056585513583471e-01 2.311119432095347648e-01 7.457703082225383140e-01 3.354536316767692261e-01
3.770976795660961334e-01 6.265922318588107442e-01 2.606515512704662973e-01 7.452876264859152888e-01 3.316279229773804182e-01
3.972009513228277888e-01 6.265674389292378299e-01 2.870966886596972856e-01 7.435302135453565331e-01 3.330116495039843749e-01
4.122626392381044114e-01 6.315965377961411109e-01 3.225825463968125528e-01 7.237225323835051460e-01 3.432028199384081213e-01
4.261549590200922610e-01 6.283104416280019811e-01 3.334274856557213340e-01 6.945594271237631734e-01 3.277365128259897564e-01
4.161738357756322171e-01 6.251658993830221389e-01 3.314331517909224201e-01 6.715007174985196947e-01 3.009410136636836430e-01
4.014480685857125808e-01 6.259679735111803867e-01 3.449036812593977430e-01 6.456534071753987636e-01 2.750470615469036706e-01
4.042111145408281425e-01 6.242617142220742155e-01 3.702470437229288258e-01 6.241148110085995571e-01 2.654438981277216225e-01
4.203871991634464123e-01 6.191123079777237637e-01 4.043272294411252576e-01 6.042252682736732883e-01 2.699984273784565847e-01
4.380813103341926751e-01 6.138049311556125209e-01 4.225880271266906352e-01 5.693155313403024387e-01 2.852750550640423266e-01
4.479902703809424680e-01 6.106610534503169596e-01 4.301472219939773689e-01 5.429442005811180305e-01 2.966189807117272093e-01
4.648299808761124918e-01 6.000858088730830486e-01 4.359665185492029860e-01 5.146628195396641958e-01 3.154548359053013784e-01
4.892551796319523638e-01 5.884543349948700985e-01 4.443643005498487675e-01 5.058244774345351802e-01 3.448261853551661815e-01
5.068238461402635453e-01 5.780621368496610124e-01 4.508680430020178820e-01 5.078634667867155672e-01 3.817130261977371708e-01
4.964882162890486006e-01 5.611176170014222642e-01 4.446876855035817311e-01 5.003834678869046870e-01 4.143269532868442129e-01
4.825420950023727173e-01 5.379976736845448748e-01 4.531627517659089222e-01 4.913881855883883709e-01 4.280193499983294125e-01
4.970873390747764797e-01 5.176131025349551829e-01 4.821553107530438531e-01 4.863237148973119650e-01 4.399827445866459907e-01
5.231942813041197127e-01 5.020680427054893258e-01 5.051592146356949087e-01 4.792165789662620190e-01 4.497906988882859891e-01
5.480970307648804773e-01 4.842560340728450652e-01 5.227104563836213469e-01 4.688909282432082160e-01 4.602982176236248280e-01
5.442504199021989120e-01 4.583163621709925861e-01 5.361334383558741257e-01 4.649677398784162197e-01 4.853846849057797952e-01
5.505619838193140936e-01 4.378332176284547850e-01 5.234054586258055641e-01 4.692288543254073407e-01 5.171527762198975253e-01
5.664219134705278380e-01 4.149565597088673008e-01 5.133668356042970782e-01 4.607055476668111549e-01 5.343327135712867548e-01
5.715060690660159759e-01 3.867949146849638531e-01 5.083351074522113322e-01 4.483027331107379276e-01 5.466609581415869945e-01
5.776396888073489500e-01 3.532239235790378129e-01 5.098926116516554474e-01 4.407767143082496619e-01 5.641899414867691531e-01
5.910179669912717371e-01 3.284089911355419500e-01 5.178511932263140105e-01 4.399902222749177971e-01 5.845929744030223807e-01
6.032671127160107449e-01 3.052126379087973240e-01 5.239763154261792844e-01 4.357555705021728398e-01 6.076741530923889245e-01
5.961179232740118072e-01 2.790316301073029193e-01 5.133393431751375191e-01 4.292397331249922510e-01 6.328085787856628786e-01
5.725288076163855822e-01 2.618674862310828022e-01 4.941861953068342750e-01 4.303930820270162050e-01 6.495082109354506361e-01
5.525993522625275434e-01 2.444528543666608100e-01 4.776849290840731732e-01 4.329872556157280949e-01 6.703949607060319948e-01
5.739247614363771621e-01 2.235562593659318753e-01 4.755652240651549456e-01 4.204635494164882803e-01 6.898981930825550668e-01
6.095762326814165855e-01 2.169026198404230554e-01 4.908226797154265353e-01 4.067792514213657284e-01 6.835210863917028368e-01
6.436643946227854629e-01 2.124972921662885150e-01 5.041739309747087505e-01 3.868265363993859118e-01 6.712165947024825163e-01
6.769412452154546234e-01 2.040139872748974736e-01 5.086486579047774237e-01 3.588568340893210085e-01 6.677657747819221168e-01
7.068153968817019184e-01 1.956672066040279212e-01 5.106681774619246106e-01 3.339438460334136494e-01 6.669698048324097517e-01
7.403870304867730123e-01 1.867580916351817277e-01 5.126767710385942145e-01 3.066904521608369016e-01 6.626256296949339930e-01
7.740523802828048749e-01 1.779545031956094314e-01 5.143629704928411872e-01 2.798086833939952833e-01 6.562194952985044294e-01
8.006687760353088379e-01 1.709942370653152466e-01 5.156961083412170410e-01 2.585555016994476318e-01 6.511546969413757324e-01
