2.099598497152328491e-01 7.175976037979125977e-01 1.506956070661544800e-01 7.852171063423156738e-01 4.764776825904846191e-01
2.671049189811096625e-01 7.188228677457204618e-01 1.570329052880648502e-01 8.364717127835583632e-01 4.570398882845744248e-01
2.808305366005588999e-01 7.188767815614889312e-01 1.352280864529061544e-01 8.548044398975923608e-01 3.719056643688627428e-01
2.944219514540532545e-01 7.170359970845778808e-01 1.465624947087346419e-01 8.148075890337082017e-01 2.912045741190095738e-01
2.757936135861747684e-01 7.318579524419998039e-01 1.670722859636619151e-01 7.253987278630242841e-01 2.584785664967659269e-01
3.479295418429142472e-01 6.997342937569107635e-01 2.555969035804499523e-01 6.750411334557842036e-01 3.062862602795004552e-01
3.899767652732878953e-01 6.782742954008296188e-01 3.033777819488336913e-01 6.465816687095841120e-01 3.160244610830486578e-01
4.305980979472708303e-01 6.586104028194573745e-01 3.796877809922533653e-01 6.090569025681982218e-01 2.563008365580592418e-01
5.069174447004175521e-01 6.450898168099270524e-01 4.367893365149057017e-01 5.670262547397144637e-01 2.588781374773114763e-01
5.650456483731326474e-01 6.344760826551790744e-01 4.680069144117691149e-01 5.450083320561492917e-01 2.769171692234024817e-01
6.306612780064275725e-01 5.962925474190675645e-01 5.104480927688633818e-01 5.211487413571365135e-01 3.201505983510808395e-01
6.305830234606535356e-01 5.369246567103713730e-01 5.405255849420665948e-01 4.651717321829541008e-01 3.558442139728354436e-01
6.567816452807598848e-01 4.866029917546630945e-01 5.538052670803905730e-01 4.248881854434479188e-01 3.980762394479323563e-01
6.736192430756915428e-01 4.044737198988339610e-01 5.502866872896942096e-01 3.919856726853604423e-01 4.675793087596241682e-01
6.310913859290759875e-01 3.508052708925722962e-01 5.298374066315959530e-01 4.026133143992370877e-01 5.445251380589620771e-01
5.917175609220252097e-01 3.221398351245222114e-01 5.159802596048870260e-01 4.180581299524980254e-01 5.978725288571192786e-01
6.158566443017254866e-01 2.972083473684498101e-01 5.355488841417972434e-01 4.522560306557924514e-01 6.780345115697720138e-01
6.681621745316088656e-01 2.304347224422102769e-01 5.370759078705409362e-01 4.694138015526533314e-01 7.250839867805085603e-01
6.776080550711366390e-01 2.012083338521746534e-01 4.934848371913774789e-01 3.865324299416639797e-01 7.138694834509570208e-01
7.524994616472335807e-01 1.828208566046375383e-01 5.070020124949323748e-01 3.086491533749827210e-01 6.757029707081169123e-01
8.006687760353088379e-01 1.709942370653152466e-01 5.156961083412170410e-01 2.585555016994476318e-01 6.511546969413757324e-01
