2.099598497152328491e-01 7.175976037979125977e-01 1.506956070661544800e-01 7.852171063423156738e-01 4.764776825904846191e-01
2.278300476618363435e-01 7.246527280773648050e-01 1.277919428755023012e-01 8.346524039761631375e-01 4.731901781784259020e-01
2.687387615156843212e-01 7.314395613187395506e-01 1.579765831129168741e-01 8.707549861639686251e-01 4.491735601291022006e-01
3.053339264160927491e-01 7.186100805687839488e-01 2.044612578912982370e-01 8.453102431508190406e-01 4.454941065984905912e-01
3.448667747701914532e-01 6.739323853257661590e-01 2.228266963611644502e-01 8.215638230582632540e-01 4.431378641618462511e-01
3.914575655719927383e-01 6.405264473271551351e-01 2.365818125907803160e-01 8.309060486199175699e-01 4.148941724286644983e-01
3.798740982005907041e-01 6.432944169975742810e-01 2.533091391650773017e-01 7.921382192731833971e-01 3.878263153305766542e-01
3.499318814384768661e-01 6.575718484009218656e-01 2.689855905702854821e-01 7.407784435707627235e-01 3.640815449266692205e-01
3.579806240663983563e-01 6.864571300986377356e-01 2.978828938672451465e-01 7.035368189771868952e-01 3.311959249912482806e-01
3.985764623107067028e-01 6.716977228430079938e-01 3.293914506432200628e-01 6.687190298047799297e-01 3.131428756888938736e-01
4.219175686491192234e-01 6.460480823293386354e-01 3.585546476707812680e-01 6.438168967082033012e-01 3.248949102576400016e-01
4.379246522990757895e-01 6.198388564307237836e-01 4.026173721299947661e-01 6.001309952135436276e-01 3.449710912873602542e-01
4.614594073552436004e-01 6.127434642777027651e-01 4.335517589613890332e-01 5.580856283865741618e-01 3.537736665000764669e-01
4.921266522968736901e-01 6.119469838690764218e-01 4.583330501292010584e-01 5.130115639591149579e-01 3.662206609956369374e-01
5.232279784875705220e-01 5.875852671794044024e-01 4.856797289248956373e-01 4.647052148862141907e-01 3.881010625055411056e-01
5.517353144690750888e-01 5.549820537754858174e-01 5.027472413077070934e-01 4.392684158487101254e-01 4.041469424860192894e-01
5.905964972927915113e-01 5.178112164841257581e-01 5.233777017929531761e-01 4.179110659268910344e-01 4.175795099184948511e-01
6.325418558844877470e-01 4.810365553306905628e-01 5.504556394831078281e-01 4.083754952846815334e-01 4.323305553733431950e-01
6.777306394122614153e-01 4.347397213314503350e-01 5.772595458291986947e-01 4.083396120620419456e-01 4.543117552470015696e-01
7.063059856532726277e-01 3.982905866787902482e-01 5.908699767914976642e-01 4.176326751888090327e-01 4.851282254221173096e-01
7.236911721662422359e-01 3.671771206187771086e-01 5.939097523055776318e-01 4.408954115706285593e-01 5.363130970320780788e-01
7.270566902275071852e-01 3.337411367601884615e-01 5.886656092494101378e-01 4.577305256537382849e-01 6.014525770264398385e-01
7.049949662783614457e-01 2.960199482855312425e-01 5.682545050080572979e-01 4.625828642757813247e-01 6.648329054920150138e-01
6.774458610369656908e-01 2.707996991325880010e-01 5.469594982149142970e-01 4.653965690106744435e-01 7.016833564004845147e-01
6.289291390537999904e-01 2.460108680253381697e-01 5.129622225835558380e-01 4.710868361678398064e-01 7.320486704872030126e-01
6.069123287453825899e-01 2.060191415755414091e-01 4.857493224005950960e-01 4.403315845918372995e-01 7.382657991075048942e-01
6.613055358472059719e-01 1.914767462369532935e-01 4.944232443341267103e-01 3.897230669950065840e-01 7.206565582157011818e-01
7.071493220379059252e-01 1.853503801306009280e-01 4.996172242578182932e-01 3.472486174899022116e-01 6.978718829884165142e-01
7.642192044370617054e-01 1.765895997643675552e-01 5.094293006176172645e-01 2.931239891754927052e-01 6.693629022388269956e-01
8.006687760353088379e-01 1.709942370653152466e-01 5.156961083412170410e-01 2.585555016994476318e-01 6.511546969413757324e-01
