2.099598497152328491e-01 7.175976037979125977e-01 1.506956070661544800e-01 7.852171063423156738e-01 4.764776825904846191e-01
2.266953556258965996e-01 6.943437436604026347e-01 1.463960505964153891e-01 7.993193223192949226e-01 4.635160881102546870e-01
2.550877312707382494e-01 6.750561644094824620e-01 1.265902216860254059e-01 8.025358384760383768e-01 4.528303123853011369e-01
2.933765210192232353e-01 6.638032559061872728e-01 1.141060893993452174e-01 8.062157974489132517e-01 4.505523873549998060e-01
3.264287763452935476e-01 6.488232804703901735e-01 1.185911645593287905e-01 7.989763566285686958e-01 4.412340088953497497e-01
3.388207829722382214e-01 6.455219525229414224e-01 1.458776184371415596e-01 7.755755633480208022e-01 4.175721352443472756e-01
3.525729034618582114e-01 6.535339446041152911e-01 1.744813505913406226e-01 7.617291820701456162e-01 3.938541314930882331e-01
3.628507085941801713e-01 6.656111607153041287e-01 1.821637547179168481e-01 7.477908417682314068e-01 3.547225349450533471e-01
3.923862698478114974e-01 6.676208135859326154e-01 2.082296284146147036e-01 7.444038002075781257e-01 3.442116998407142026e-01
4.112335420765544369e-01 6.627585583031742056e-01 2.466429578906757791e-01 7.291608353475871329e-01 3.472083114587865005e-01
4.222465292639298040e-01 6.647084900434571120e-01 2.799996261249680374e-01 7.072212612452324354e-01 3.364785047487107716e-01
4.288381390429411022e-01 6.704771411319124796e-01 3.097529537000759392e-01 6.861691961319353883e-01 3.199079239350461346e-01
4.330048685595253577e-01 6.763595909177193555e-01 3.327065356981184774e-01 6.707883379295748183e-01 3.055121874050991670e-01
4.351647291726838951e-01 6.923753945030047818e-01 3.618501617510834767e-01 6.649384268254715513e-01 2.834455365360419310e-01
4.418577535448544591e-01 6.880720157446963414e-01 3.962250679930480746e-01 6.613283316536658907e-01 2.729851165899163656e-01
4.540060611434155180e-01 6.666784509752364807e-01 4.245413364817813839e-01 6.420499419447226463e-01 2.753112629415520041e-01
4.664981609217197511e-01 6.514815885564579911e-01 4.418151101794616231e-01 6.205472584194700048e-01 2.960776519904066428e-01
4.701830567893288126e-01 6.445302497114560047e-01 4.506746196598969134e-01 5.973835239881900572e-01 3.297180827068975084e-01
4.738879935076421579e-01 6.360930823949391133e-01 4.613611644181286331e-01 5.698755600867643212e-01 3.541708180782244253e-01
4.925925577996995153e-01 6.210197259706037309e-01 4.837068130115950160e-01 5.473425603943764539e-01 3.690211420719605728e-01
5.117247322585379843e-01 5.983153553080309273e-01 5.067484412002487559e-01 5.363712796215243106e-01 3.795307673534632498e-01
5.120031381731996456e-01 5.695740542997935751e-01 5.188060904103990456e-01 5.273280592919120657e-01 3.939566597885733601e-01
4.904794405090128206e-01 5.497102671905521598e-01 5.109810165134567317e-01 5.186188238218379931e-01 4.108335797456706961e-01
4.744964970865006015e-01 5.367442832055162594e-01 4.944524877246587180e-01 5.035977260201562888e-01 4.378770026744545629e-01
4.966754588885476385e-01 5.185575692196983111e-01 4.930991775364182428e-01 4.821026453761521613e-01 4.571600146100168183e-01
5.035878212586879510e-01 4.863940666317607131e-01 4.967643061243324776e-01 4.627729898749833870e-01 4.687759184001430435e-01
5.227056306913239192e-01 4.599518153131602616e-01 5.074039756561886660e-01 4.446929771891709460e-01 4.758532588142340702e-01
5.533308304030806202e-01 4.304680484271066199e-01 5.132604542497141153e-01 4.298099229442713387e-01 4.851803556247408777e-01
5.621143384081174199e-01 4.017026680289659257e-01 5.169760841721262601e-01 4.266454403723384248e-01 5.054661987633181086e-01
5.609267825366504034e-01 3.767954191872415204e-01 5.271324509198040964e-01 4.310944962631362842e-01 5.325540076034356307e-01
5.976259278285654952e-01 3.696104710968472484e-01 5.383231521898005356e-01 4.297113587997854478e-01 5.354928679823068860e-01
6.064410498814194472e-01 3.523914068724061655e-01 5.389493216242908780e-01 4.416503614057343263e-01 5.708809860563740513e-01
6.004215155306372731e-01 3.349457580397950385e-01 5.358619510559253785e-01 4.418592161237663851e-01 6.013145643666455431e-01
5.953247508534003085e-01 3.136240901221238886e-01 5.298506426109549361e-01 4.403530536597575762e-01 6.365701759094942735e-01
6.067289326787183024e-01 2.941138175520196518e-01 5.298187618909147023e-01 4.385837332262707000e-01 6.667910898401520070e-01
6.382717190117536132e-01 2.755181403200065438e-01 5.418391656972744164e-01 4.301764867619282118e-01 6.854033101985088638e-01
6.675872893680273590e-01 2.547827638276687345e-01 5.520402015558126818e-01 4.116042152758107031e-01 6.859687035313368764e-01
6.924560465740049464e-01 2.365783952510140398e-01 5.459220243463580591e-01 3.902510339908868975e-01 6.705335909258534066e-01
7.126931652818280227e-01 2.368603599335597498e-01 5.416565439008692584e-01 3.680164885822506671e-01 6.511777034884801418e-01
7.429300985090452336e-01 2.295540188858946618e-01 5.371108355836492487e-01 3.373046739990882559e-01 6.432126750393022396e-01
7.631187726944957950e-01 2.103384706532324677e-01 5.288435389601006120e-01 3.087197966075508893e-01 6.447927381163067739e-01
7.840718812877404131e-01 1.883841717040873331e-01 5.215072002924500127e-01 2.807278438726069081e-01 6.483427461660407065e-01
8.006687760353088379e-01 1.709942370653152466e-01 5.156961083412170410e-01 2.585555016994476318e-01 6.511546969413757324e-01
