2.099598497152328491e-01 7.175976037979125977e-01 1.506956070661544800e-01 7.852171063423156738e-01 4.764776825904846191e-01
1.955244886649456226e-01 7.150498579694557488e-01 1.201854917111403465e-01 7.983484584910752746e-01 4.698388170048860557e-01
2.118518738957090308e-01 7.029375531408730282e-01 1.015105452711587281e-01 8.313715875468997707e-01 4.601173612690224179e-01
2.448395534015023189e-01 6.933421999344858699e-01 9.824047975477549766e-02 8.564915826006207489e-01 4.646361771862079770e-01
2.780860646122574886e-01 6.830646022734402356e-01 1.182758161482546366e-01 8.430504806738335910e-01 4.490492047801609710e-01
2.965450775600239619e-01 6.804199589470307785e-01 1.360770155068108944e-01 8.140079991206125021e-01 4.314826708816841272e-01
3.139777541952326612e-01 6.771694951516397110e-01 1.438170518792108721e-01 7.916669501924996633e-01 4.141144835043185646e-01
3.393675001026368876e-01 6.685004186873683141e-01 1.581399298336896297e-01 7.820554696115931126e-01 3.831582716812094169e-01
3.567885099666348037e-01 6.603849900085837499e-01 1.741112996782172573e-01 7.824422347416788437e-01 3.610137191596935469e-01
3.776195422551383851e-01 6.536547619773386275e-01 1.999155799606993633e-01 7.826643894510743049e-01 3.413306569356462372e-01
3.993935393651598109e-01 6.528706140715011541e-01 2.341218435954160459e-01 7.771901653192719861e-01 3.282845875861556961e-01
4.145357357202155146e-01 6.559688112622555911e-01 2.680969770105863237e-01 7.666251905312443382e-01 3.205909417322481136e-01
4.229772510891321446e-01 6.608331733059392699e-01 3.045432826308510643e-01 7.501790935406096317e-01 3.134048207588568391e-01
4.250510013410911392e-01 6.656818134450745994e-01 3.445267550353124930e-01 7.244262308057340949e-01 3.037130025193119365e-01
4.247647490235238465e-01 6.677639565247341924e-01 3.765288148270075630e-01 6.957238932280179755e-01 2.935874289694414552e-01
4.273636920516246107e-01 6.673888778814318634e-01 4.028859476783248628e-01 6.636457949358735009e-01 2.826934870717719428e-01
4.363979545167118168e-01 6.660901006902263388e-01 4.240720302142233500e-01 6.320171745007403530e-01 2.721588783292361313e-01
4.499321278336605445e-01 6.652255361775951670e-01 4.395748725796952971e-01 6.067271584092682746e-01 2.643045052465913813e-01
4.804269098179785868e-01 6.591009173339950067e-01 4.533180846222502058e-01 5.864451641742897126e-01 2.737759888669880071e-01
5.052679418195784589e-01 6.529045804495920979e-01 4.621081374939671194e-01 5.821976198387462942e-01 2.918753648812535406e-01
5.294231722699301868e-01 6.483073274431038202e-01 4.794980729887162729e-01 5.580473851361817950e-01 3.078550524174584191e-01
5.311640803594308569e-01 6.325752441573084806e-01 4.904423072049887700e-01 5.394501138896506953e-01 3.382521346570523391e-01
5.259320985870458154e-01 6.073138061567410206e-01 4.997350234906310917e-01 5.250159914716130416e-01 3.651584792207433483e-01
5.253728335805978311e-01 5.779141314365759952e-01 5.040897584308098311e-01 5.074386179013182785e-01 3.837924351159497927e-01
5.287126757747842021e-01 5.477428158985623297e-01 5.011494063097348128e-01 4.896750386052998172e-01 3.996890574186677814e-01
5.311811806634895161e-01 5.141603254582732818e-01 4.968844802287883944e-01 4.724925082031148915e-01 4.214572288994588023e-01
5.356239733620963284e-01 4.834943072494322092e-01 4.997481293621387488e-01 4.562648266942407327e-01 4.445599961996885008e-01
5.490449333492597450e-01 4.547831545485640503e-01 5.112840884786219453e-01 4.406261451624124970e-01 4.669229637469950456e-01
5.677718609711722708e-01 4.334859018963073130e-01 5.241529436494427596e-01 4.298091002137721106e-01 4.830734901076295107e-01
5.960576904473087190e-01 4.132394414495853541e-01 5.375692830741078954e-01 4.203649481840043833e-01 4.977481775156336052e-01
6.300120468216946490e-01 3.945135594985319516e-01 5.470437249701235460e-01 4.133180065843488071e-01 5.120495824422715003e-01
6.561058918509837801e-01 3.747409647278326927e-01 5.488123360707678478e-01 4.145569713657928368e-01 5.322491699111849828e-01
6.617866064022435157e-01 3.553425185634044858e-01 5.454292667530175054e-01 4.249980401125405538e-01 5.588172085767920683e-01
6.698701604805036292e-01 3.333382627062068115e-01 5.475210107272063809e-01 4.360539078869067331e-01 5.911048299111714144e-01
6.768594082242989085e-01 3.113966121387406472e-01 5.516626156870283459e-01 4.435545437465591156e-01 6.222457019475476914e-01
6.676239346114896112e-01 2.871964114326385764e-01 5.535155820077187760e-01 4.476729697081943127e-01 6.568937372402274821e-01
6.529740819500491344e-01 2.700615192093275274e-01 5.501942735289340192e-01 4.517374506774669563e-01 6.891203413716278092e-01
6.641495399436583291e-01 2.594818293163937972e-01 5.419745859429216939e-01 4.558939774810981116e-01 7.208680252910875108e-01
7.040218941877943726e-01 2.547323219245706261e-01 5.377722641941733439e-01 4.451107473444408380e-01 7.133707520874766894e-01
7.105060211039549989e-01 2.361691935326758751e-01 5.243283125631819086e-01 4.264170490750204268e-01 6.842592395659276017e-01
7.000211063898443831e-01 2.144061874757111352e-01 5.106443153170310278e-01 3.930205200291740919e-01 6.759342595271314869e-01
7.254296679573639661e-01 1.985830326549814229e-01 5.117073216648713174e-01 3.588930441408027527e-01 6.714207502723146259e-01
7.511328179465164290e-01 1.835723681865141788e-01 5.087290949660800976e-01 3.242346403608403205e-01 6.636627108494891347e-01
7.786628278124998470e-01 1.763386895831068890e-01 5.121953043496193514e-01 2.880069718859325500e-01 6.564027317524095961e-01
8.006687760353088379e-01 1.709942370653152466e-01 5.156961083412170410e-01 2.585555016994476318e-01 6.511546969413757324e-01
