2.099598497152328491e-01 7.175976037979125977e-01 1.506956070661544800e-01 7.852171063423156738e-01 4.764776825904846191e-01
2.553816485121562785e-01 7.248242405205818084e-01 1.544456603452536436e-01 8.417891363403104954e-01 4.686354131173312565e-01
2.931630798771983071e-01 6.662437278119492934e-01 1.678048231802635459e-01 8.367764091840989016e-01 4.085639971510568458e-01
3.154814065477858920e-01 6.441107414934323927e-01 1.798402384312661195e-01 7.955427519585456242e-01 3.690045101278339734e-01
3.466688439648901721e-01 6.538786196564777553e-01 2.292154009501221334e-01 7.350410734738526131e-01 3.601930607831288489e-01
3.476997005616978553e-01 6.540369813196806881e-01 2.778142866288239032e-01 6.684558836962886108e-01 3.466520216115107633e-01
3.891958095727789946e-01 6.385012354789860733e-01 3.196964992065484124e-01 6.252313418604666939e-01 3.557896265409995484e-01
4.386390536099444293e-01 6.220175685889357542e-01 3.718853764911044246e-01 6.036702513242508950e-01 3.657963570183090929e-01
4.626194197682474418e-01 6.148141703243509282e-01 4.562295623474597051e-01 5.998715812758586008e-01 3.662327999671594614e-01
4.987159088140885599e-01 5.908297264419362094e-01 4.894700074259230593e-01 5.568186196350281003e-01 3.528454630257540359e-01
5.651916524789978302e-01 5.828894502434129876e-01 5.197301320779490474e-01 5.248496337928699740e-01 3.433356421836594730e-01
6.493186224518021632e-01 5.761668461608676628e-01 5.674746834982539179e-01 4.861269575364174922e-01 3.396069695143349998e-01
6.760027144273846877e-01 5.529824227034931816e-01 5.925308231961027294e-01 4.457361401174542159e-01 3.557264786629195652e-01
6.975522674844827353e-01 5.015167491294206803e-01 6.078788164661672599e-01 4.106766648699346489e-01 3.948392443428732079e-01
7.081114638957739515e-01 4.460807887605729993e-01 5.977982883096112365e-01 4.170480988890908347e-01 4.416437921952329759e-01
6.756882009691153046e-01 3.994146239411414112e-01 5.754262830747977064e-01 4.325733115771947523e-01 5.024051321053792929e-01
6.386864110221839308e-01 3.625543795623696330e-01 5.695970193038355500e-01 4.380716147553830875e-01 5.671761917746271919e-01
5.887864665181011814e-01 3.277438302689107963e-01 5.465651284467797355e-01 4.333268778511669694e-01 6.167874070816825594e-01
5.505756073633687464e-01 3.020128237317118991e-01 5.196698400655793693e-01 4.302330501852255629e-01 6.512431949066310732e-01
5.726870422136738359e-01 2.583327124436110012e-01 5.033343945359927130e-01 4.361663611583583289e-01 7.066281080335105047e-01
6.601696782467846303e-01 2.358336076717847951e-01 5.224732700569274524e-01 4.455597027213644701e-01 7.313113607253967086e-01
7.382404265605863047e-01 2.029296786060066915e-01 5.269492555547752310e-01 4.107712110589405441e-01 7.395325014488115523e-01
7.735120341155031776e-01 1.829615120137948192e-01 5.208361755542443294e-01 3.119378294151100017e-01 6.873834497801863952e-01
8.006687760353088379e-01 1.709942370653152466e-01 5.156961083412170410e-01 2.585555016994476318e-01 6.511546969413757324e-01
