2.099598497152328491e-01 7.175976037979125977e-01 1.506956070661544800e-01 7.852171063423156738e-01 4.764776825904846191e-01
2.646228060808726301e-01 7.075172975295651590e-01 1.343180402616424851e-01 8.367237019689729438e-01 4.361124874849968691e-01
2.842988970543087746e-01 7.275288182044927776e-01 1.504238100721426441e-01 7.829093581208145247e-01 3.484014673222273206e-01
2.852558094111105613e-01 7.435920558281254866e-01 1.792435917458437278e-01 7.220957362769324650e-01 2.991405827243550086e-01
3.166111247433357478e-01 7.219079742645112541e-01 2.491841249191295571e-01 6.884390905584814035e-01 3.132755268571430496e-01
3.918565936671739580e-01 6.896692652594187400e-01 2.979715217491323287e-01 6.593885223340023582e-01 2.911458258972126067e-01
4.416325549255671890e-01 6.747939954454416078e-01 3.559075910452591529e-01 6.425385161067517226e-01 2.461446557874830132e-01
4.824115507587249940e-01 6.731152044839044946e-01 4.373684069151230758e-01 6.413874198085914857e-01 2.406351765863826153e-01
5.378592340383209214e-01 6.644996728474340530e-01 4.716939189536967225e-01 6.190318400092686968e-01 2.530661832223451424e-01
6.246294105465521884e-01 6.430325225315619564e-01 5.027003180247664460e-01 5.760956387242128773e-01 2.767960722319582345e-01
6.405197172769734326e-01 5.855184168231652997e-01 5.491781530800942113e-01 5.062625745675212174e-01 2.994121229785949301e-01
6.720229533069198569e-01 5.419728876509612991e-01 5.615507206617029734e-01 4.647440279517650041e-01 3.306317668911721297e-01
7.167070905211042620e-01 4.866103601122725442e-01 5.643635669685657108e-01 4.215782832872826402e-01 3.819709692404562595e-01
6.790721114805682301e-01 4.162755963715816243e-01 5.402080711613892472e-01 4.062957872647953717e-01 4.584381005238695184e-01
6.390194628447964931e-01 3.916663815453237940e-01 5.266597237452173008e-01 4.173480010443076926e-01 4.949026218636071728e-01
5.670099613407816319e-01 3.597048408785530893e-01 5.043241795191747423e-01 4.463140727114348061e-01 5.548710481301382114e-01
5.791099797657742743e-01 3.112448778779073888e-01 5.074088479041614086e-01 4.467766350056859848e-01 6.384864416951107069e-01
6.698767964687188936e-01 2.851942776089647080e-01 5.757014395778550231e-01 4.486839034137882209e-01 7.018379914358070515e-01
6.551576553420447313e-01 2.075877673785370969e-01 5.265362985108612559e-01 4.217368430783051680e-01 7.062250134124727907e-01
7.381516169992902165e-01 1.804043488183030564e-01 5.068093461693060631e-01 3.131110390604375793e-01 6.724897567413542498e-01
8.006687760353088379e-01 1.709942370653152466e-01 5.156961083412170410e-01 2.585555016994476318e-01 6.511546969413757324e-01
