2.099598497152328491e-01 7.175976037979125977e-01 1.506956070661544800e-01 7.852171063423156738e-01 4.764776825904846191e-01
1.869449336613931423e-01 7.012267372598540716e-01 1.405750396384614076e-01 7.779157929270411609e-01 4.565851385795793860e-01
1.618343483653155168e-01 6.892244939412809357e-01 1.288439679128457471e-01 7.892982007422119084e-01 4.398625326921107304e-01
1.724274596647968338e-01 6.761070535967753647e-01 1.381337860742063162e-01 8.198050634802335201e-01 4.198881344178621577e-01
1.944293102921167138e-01 6.518092514687265915e-01 1.484614804012456546e-01 8.058934318280701614e-01 3.982136056515084843e-01
2.235116270781163927e-01 6.560653859733748261e-01 1.683828419517356123e-01 7.951971097916605835e-01 3.853964787739727060e-01
2.546199943296773016e-01 6.552312165004233746e-01 1.892453902592069748e-01 7.858150812852566780e-01 3.727548233120039911e-01
2.898188493705425306e-01 6.474250927075424489e-01 2.050970817032977123e-01 7.695626568401678913e-01 3.589913562732465202e-01
3.201985543634475184e-01 6.389355118929229693e-01 2.155300776851458433e-01 7.492173585543682179e-01 3.483384353380704068e-01
3.435785320505966856e-01 6.333307313910341296e-01 2.241430596155691568e-01 7.255241827892261464e-01 3.431643439734376466e-01
3.745385612367231887e-01 6.297105688791065914e-01 2.455067081238885840e-01 7.071063708678068105e-01 3.383869955976375743e-01
3.911044490138167462e-01 6.238608337852231678e-01 2.809978045226166898e-01 7.205262842378657995e-01 3.333796350705402478e-01
4.084622550265179508e-01 6.155628171100128165e-01 3.154154752579441112e-01 7.124876920598895991e-01 3.178488264049928458e-01
4.297527942070356044e-01 6.084674720100521350e-01 3.442886687056161965e-01 6.892859068410539525e-01 3.034447856609574501e-01
4.402399483411443271e-01 6.040455991874057462e-01 3.672171258621127476e-01 6.639556755672313404e-01 2.952052716403031907e-01
4.315221688611977635e-01 5.996281096532329880e-01 3.865739756831833573e-01 6.296037055297708518e-01 2.855366142781693428e-01
4.226343106221825408e-01 5.988849687717523462e-01 4.028209052065738760e-01 5.951072050116104073e-01 2.777054527634041925e-01
4.217036427904922169e-01 5.984176740802434891e-01 4.136253317560706910e-01 5.570359755241212074e-01 2.758246719213697795e-01
4.260175886748746032e-01 5.913180174243773957e-01 4.179494941090789450e-01 5.226407819916831787e-01 2.834221079613816197e-01
4.312996095179955081e-01 5.702425128625900896e-01 4.187478924020587856e-01 4.933597765584417649e-01 3.084556453942614018e-01
4.261147857600779965e-01 5.457845890406166633e-01 4.154349555925979653e-01 4.803465077677880335e-01 3.437817363137659621e-01
4.119295480596217862e-01 5.255269466042801207e-01 4.133763229515710624e-01 4.755878630908142446e-01 3.768289111908925682e-01
4.002436386471197594e-01 5.087277902069510249e-01 4.181433288458335507e-01 4.739437273099768588e-01 4.062946338332680818e-01
4.041627094940073439e-01 4.924387615185617517e-01 4.361301952915573876e-01 4.786263141833727586e-01 4.385943379970042022e-01
4.265632508387728339e-01 4.807494621562352077e-01 4.600226631119447296e-01 4.895941643743388361e-01 4.617080602387803601e-01
4.554189686888403532e-01 4.713044261900186660e-01 4.840737144535423031e-01 4.954711982048632390e-01 4.724049593493740429e-01
4.847790793026752754e-01 4.649542832465943243e-01 5.122926639938938376e-01 4.890493468338226180e-01 4.701150539366255043e-01
5.115164246235103240e-01 4.536129927551929009e-01 5.388772716844280053e-01 4.759520396971769207e-01 4.778129006044878335e-01
5.342018945656743512e-01 4.368104503719862919e-01 5.498502108751365247e-01 4.656502252397187736e-01 5.065637520414337791e-01
5.534988160416863812e-01 4.234600848115108174e-01 5.509366230152962229e-01 4.571916827754354262e-01 5.370116520785671588e-01
5.725491849452678528e-01 4.115752323885991104e-01 5.499919620276322307e-01 4.493805665215866441e-01 5.667868443993295813e-01
5.948153814137558948e-01 3.962141140070004619e-01 5.490298017324627411e-01 4.456335958903807071e-01 6.001045523456550734e-01
6.157608626156567677e-01 3.736865643795942993e-01 5.498841693824577659e-01 4.510282684870003944e-01 6.360681098319302951e-01
6.234402638902927229e-01 3.428150616367428016e-01 5.547890042001258903e-01 4.589213108334146418e-01 6.606155724337240409e-01
6.257270018912212128e-01 2.993180371480489432e-01 5.466844364794610778e-01 4.505539384399346314e-01 6.581046617515389219e-01
6.234024641331822325e-01 2.684121941026209046e-01 5.292328551204663611e-01 4.310927735227483848e-01 6.522449251485964439e-01
6.286603753727239008e-01 2.298588085693852312e-01 5.231484788599296554e-01 4.216822982007106813e-01 6.706930642584602031e-01
6.551902867509806772e-01 2.098047855558369812e-01 5.267625163605530458e-01 4.091496324714923305e-01 6.693515895636045210e-01
6.312460265160635409e-01 2.050809111732644352e-01 5.064751719201365798e-01 3.918512842191858025e-01 6.646610035005138251e-01
6.311343849280711682e-01 1.947108795096427480e-01 4.913492313724790450e-01 3.551092291461648842e-01 6.726585266299526245e-01
6.648132480484625351e-01 1.879717967262677092e-01 4.936894046899014121e-01 3.295876562505326568e-01 6.705705849122379769e-01
7.021896941640750622e-01 1.833009463512750015e-01 4.997438684676675513e-01 3.100453561586913320e-01 6.652289039274204008e-01
7.372329954679929243e-01 1.789216638338819443e-01 5.054203952766004315e-01 2.917229424072159683e-01 6.602206659681087997e-01
7.725356012469214440e-01 1.745099766196754609e-01 5.111389257994904955e-01 2.732649511358731798e-01 6.551753693280665258e-01
8.006687760353088379e-01 1.709942370653152466e-01 5.156961083412170410e-01 2.585555016994476318e-01 6.511546969413757324e-01
