2.099598497152328491e-01 7.175976037979125977e-01 1.506956070661544800e-01 7.852171063423156738e-01 4.764776825904846191e-01
2.542280457064260979e-01 6.951348108086047306e-01 1.442568214683586370e-01 7.903545450108686587e-01 4.551476777076257640e-01
2.832017349712390164e-01 6.584176317340016960e-01 1.174843399105289510e-01 7.864801056787247280e-01 4.364657319554793857e-01
3.118753644784498791e-01 6.433837407659290797e-01 1.353244088200739048e-01 7.545153309671178699e-01 4.100860865624494922e-01
3.416774355737641211e-01 6.430510778583123921e-01 1.693880893784045216e-01 7.209844617579171944e-01 3.904305189739806781e-01
3.614162522002408173e-01 6.460662867581687951e-01 1.939325097922720287e-01 6.998509729558989312e-01 3.758628387304154272e-01
3.830962949267739948e-01 6.640426253472939688e-01 2.204164363067032673e-01 6.913474028592608844e-01 3.366051445681287335e-01
3.827115992557194590e-01 6.839111684255717583e-01 2.488079326279661885e-01 6.946267618164592150e-01 2.925569040194051507e-01
3.830062268100276612e-01 6.944719340465290713e-01 2.964628441816915538e-01 7.038793240912758487e-01 2.714031017382121380e-01
3.976098393367534789e-01 6.891404007275573340e-01 3.467076141176369530e-01 7.062256757948364161e-01 2.711455709175866757e-01
4.228955471947565825e-01 6.791889563292353715e-01 3.872090550039830048e-01 6.913722074782302496e-01 2.668817898691603352e-01
4.551148318729932307e-01 6.618491043263914353e-01 4.205732093449895959e-01 6.632708816156861475e-01 2.569696081886403416e-01
4.765517304575301871e-01 6.381437156566319713e-01 4.542252527780450411e-01 6.395277993199558475e-01 2.505464287612099161e-01
4.802972028153289497e-01 6.104680463633310739e-01 4.838324601167441341e-01 6.158680591591073616e-01 2.492741299344117534e-01
4.736769032808839097e-01 5.843085847113328457e-01 4.982530522569129650e-01 5.855867583320983893e-01 2.558542872323341655e-01
4.711269326973930305e-01 5.590331626333295834e-01 5.017311159776175478e-01 5.435007442417028045e-01 2.770706992011040537e-01
4.746737131667207454e-01 5.422939106925008801e-01 5.024045603723779063e-01 5.117483079005018531e-01 2.980795946406440411e-01
4.874898844399499498e-01 5.195349211461530725e-01 5.003168525898458174e-01 4.726708946832323677e-01 3.314521564583614577e-01
5.225509921361604082e-01 5.071683000597806412e-01 5.088479669005558925e-01 4.525960610118379135e-01 3.791339980584105818e-01
5.705389413374959418e-01 4.989758458120372442e-01 5.319342037116125965e-01 4.300784351275422357e-01 3.913423975616544537e-01
6.120890311056538247e-01 4.851435448708162901e-01 5.450087524023764507e-01 4.131801198110297002e-01 4.095463627963472630e-01
6.309252878143167820e-01 4.724751950028429626e-01 5.538186771131420327e-01 4.360147652926567030e-01 4.547370451235240862e-01
6.100355654240168235e-01 4.420758562615589859e-01 5.662608616065107903e-01 4.616237586341081500e-01 4.889272178712951167e-01
5.971751871290283953e-01 4.077522249623108941e-01 5.602852407675888990e-01 4.680710929817441524e-01 5.109278101482102041e-01
5.908846751496870109e-01 3.737655326728482885e-01 5.485105642519537694e-01 4.740795799906092900e-01 5.515545076775481004e-01
5.869816671367257266e-01 3.533500754375422659e-01 5.437884491750928362e-01 4.819341515986522717e-01 5.905245081510241967e-01
5.864008243959293321e-01 3.256411391551418122e-01 5.436585485532778872e-01 4.866276323108271740e-01 6.395830521158486492e-01
6.128683844084809040e-01 2.896133953548668538e-01 5.539086305478471139e-01 4.707227182131715204e-01 6.741296981421357470e-01
6.407252480209335577e-01 2.848731884084522714e-01 5.760419452416351005e-01 4.771515276692662733e-01 7.057296575545201067e-01
6.861703002614528701e-01 2.842584282743398361e-01 5.944027245574458052e-01 4.612807778142201109e-01 7.161917300945523923e-01
7.166396082047944427e-01 2.542028987111422111e-01 5.702350704961763883e-01 4.323889316974768304e-01 7.046449202955115121e-01
7.311890231096297432e-01 2.174416289388748924e-01 5.427317155258286618e-01 4.002671727782197153e-01 7.006413578255569208e-01
7.515680004014716475e-01 1.962668624318425203e-01 5.299970643144100713e-01 3.550359332989964090e-01 6.868751083578882310e-01
7.813694488425403373e-01 1.809277800628060207e-01 5.213171769482438656e-01 2.964776606287667926e-01 6.651947991289367534e-01
8.006687760353088379e-01 1.709942370653152466e-01 5.156961083412170410e-01 2.585555016994476318e-01 6.511546969413757324e-01
