2.099598497152328491e-01 7.175976037979125977e-01 1.506956070661544800e-01 7.852171063423156738e-01 4.764776825904846191e-01
2.772178742240869465e-01 7.194877473171029658e-01 1.537529786425314848e-01 8.443925977497166446e-01 4.253601828614376745e-01
2.827601053403684950e-01 7.376922372349749013e-01 1.546866141676265516e-01 7.693433298276187715e-01 3.314637741428872464e-01
2.897748678571006598e-01 7.365662037623821323e-01 1.842211360031691392e-01 7.014253357929914889e-01 2.931990068239102576e-01
3.214158511073195168e-01 7.187398497957830923e-01 2.470974270995733579e-01 6.676416085853703608e-01 3.057306592182087446e-01
4.220957214926599477e-01 6.841739011881292631e-01 3.064154824329828330e-01 6.684358419672106200e-01 3.045642724394060918e-01
4.726350024664461857e-01 6.689767315791784741e-01 3.685800497423238342e-01 6.653145346438669172e-01 2.665766647370152453e-01
5.338272822159108033e-01 6.551731418781966410e-01 4.508668073237849239e-01 6.285371328605277030e-01 2.501632158441471354e-01
5.802386544678624913e-01 6.401238553950016064e-01 4.958606481053896009e-01 5.946864518273851097e-01 2.619675022333184944e-01
6.412901617043039737e-01 5.898088409887314310e-01 5.450726733546938929e-01 5.315303179447919968e-01 3.059141581996580039e-01
6.843986237495695013e-01 5.410592625712806747e-01 5.651956235356282443e-01 4.826865211777102704e-01 3.493494002501408291e-01
7.164042504464306349e-01 5.007944694807678898e-01 5.718422962488430850e-01 4.467366063818636324e-01 3.859544097109532390e-01
6.994339655648710297e-01 4.303183148013167703e-01 5.586875158803883412e-01 4.086993062582738867e-01 4.481037870416836877e-01
6.050150256556801054e-01 4.058680511536936208e-01 5.334556623811754772e-01 4.190287875182503452e-01 4.876494414080021489e-01
5.220177824418607004e-01 3.749179854715075089e-01 5.008096956453390591e-01 4.431924977991945069e-01 5.572013903979693428e-01
5.284854907951428427e-01 3.392402807255812669e-01 4.951609141513337864e-01 4.491189935915106957e-01 6.239938748498864429e-01
5.740240110647973903e-01 3.080520861990782566e-01 5.151415364058997692e-01 4.489595844574553740e-01 6.797772614947349412e-01
6.456712527849701733e-01 2.962960951929960451e-01 5.729021160220817421e-01 4.465668013962749705e-01 7.002397475150325956e-01
6.603585164541677655e-01 2.033802735595012234e-01 5.210889762786251600e-01 4.065569674899893737e-01 6.957757115281196780e-01
7.444410919684421035e-01 1.829528372670202463e-01 5.088091243517137707e-01 3.167938933852165739e-01 6.751759182294762018e-01
8.006687760353088379e-01 1.709942370653152466e-01 5.156961083412170410e-01 2.585555016994476318e-01 6.511546969413757324e-01
