2.099598497152328491e-01 7.175976037979125977e-01 1.506956070661544800e-01 7.852171063423156738e-01 4.764776825904846191e-01
2.246593606877353710e-01 6.917023826452934898e-01 1.276283095348620389e-01 7.875331526394003800e-01 4.711422436170301098e-01
2.510136503549982301e-01 6.884050880006469253e-01 1.220253450785732940e-01 8.068672745522371681e-01 4.510134307584995339e-01
2.717065027463340110e-01 6.827196279890442865e-01 1.460882603574836514e-01 8.155874360607056062e-01 4.367179935166560223e-01
2.867904167655558889e-01 6.619349455981496932e-01 1.526009831425762520e-01 8.002491690794102386e-01 4.125442895842221791e-01
3.037156280183717083e-01 6.526528651247670565e-01 1.488327547345542901e-01 7.823194763892007408e-01 3.802471522571786444e-01
3.349700232791517074e-01 6.462009032209338200e-01 1.711077212675384818e-01 7.786923038562967303e-01 3.600910099675967979e-01
3.456205199883972123e-01 6.457884152743065265e-01 2.055861000077625900e-01 7.900086404531126982e-01 3.364883889820454721e-01
3.667380334058955027e-01 6.403039193865205370e-01 2.398253023101047376e-01 7.877611768225667443e-01 3.229622161812226722e-01
3.950659226514632305e-01 6.342998541494686560e-01 2.678199130761515501e-01 7.761042195316620873e-01 3.188742267416492804e-01
4.208138911341311461e-01 6.308294217927828962e-01 2.935866937924392905e-01 7.608982271685587051e-01 3.177192764699711125e-01
4.392501620451575439e-01 6.293126186623458906e-01 3.252871823750991265e-01 7.397950664691174127e-01 3.158730288607968228e-01
4.472762278674808356e-01 6.284234596038784648e-01 3.533541299835532556e-01 7.190682165834976214e-01 3.139284818818152134e-01
4.560273581849752511e-01 6.260063734025246296e-01 3.846319490892635140e-01 6.919690488027978592e-01 3.121396869824729636e-01
4.735177509883755631e-01 6.226984773465449319e-01 4.140179299867332574e-01 6.664397402630045653e-01 3.092497355868256137e-01
4.996592023950575667e-01 6.218119636311580933e-01 4.408080251967984586e-01 6.475757485915542011e-01 3.041786609426911925e-01
5.267866308515860574e-01 6.253908783158173001e-01 4.596891422790391202e-01 6.254034997600306234e-01 3.036596597452193014e-01
5.456360147233100255e-01 6.301640515421255140e-01 4.734677518258912921e-01 5.914061988946363035e-01 3.098732413556015697e-01
5.532649666038857994e-01 6.313717009986138384e-01 4.871725695134628831e-01 5.634281639140511500e-01 3.228894202243076106e-01
5.541164634314384996e-01 6.213392371668541303e-01 5.056324024383297422e-01 5.410642745685328991e-01 3.554076132975867441e-01
5.361306221361168411e-01 6.063753207482818208e-01 5.206147039495857554e-01 5.294463234311438393e-01 3.849522863779271109e-01
5.051733730250111964e-01 5.907217794878122374e-01 5.237546866057841699e-01 5.243764560883198422e-01 4.048910110802867446e-01
4.788031152663717593e-01 5.702414578575649706e-01 5.112767202867997129e-01 5.192146280932266045e-01 4.219878982973450099e-01
4.614748622619056495e-01 5.469848979030926817e-01 4.923097186643141110e-01 5.119567894795573615e-01 4.367134670051983081e-01
4.486350659165572186e-01 5.181769820598037812e-01 4.733155155006258386e-01 4.977982688854163951e-01 4.494531219485068396e-01
4.492442802891210007e-01 4.919816837885530036e-01 4.704312565829411596e-01 4.770103216486946685e-01 4.578374552071402537e-01
4.678014154432209026e-01 4.691266637571632758e-01 4.911418501988444874e-01 4.709723848264943946e-01 4.749929933509993152e-01
4.863455546053017109e-01 4.362080611931795637e-01 4.921390654927529917e-01 4.804781235135314743e-01 4.987736075228479948e-01
5.110451630385789423e-01 3.979290428042127070e-01 4.849086530042064358e-01 4.839550819534677584e-01 5.190852068793374574e-01
5.373870016599602284e-01 3.722030798930922035e-01 4.850516619599061774e-01 4.820131560970282170e-01 5.369917623031584819e-01
5.651897836293723332e-01 3.538005951606300603e-01 4.937813278955494045e-01 4.783735395689439618e-01 5.611657807440938450e-01
5.878587216657702452e-01 3.390896957637206111e-01 5.078931153981477431e-01 4.754183729302053907e-01 5.912372352709330814e-01
6.042717353351829690e-01 3.256265695528691717e-01 5.206804015228275739e-01 4.732026535938345102e-01 6.196985463980173581e-01
6.227688232904899923e-01 3.094740044395487000e-01 5.287366515826864566e-01 4.708457635345946191e-01 6.462676496822442607e-01
6.508439741635307918e-01 2.853386104732636430e-01 5.231676949046185632e-01 4.670092284662875071e-01 6.741035031233927333e-01
6.627319690253377082e-01 2.652928205880542567e-01 5.060291048146985382e-01 4.624235738368517867e-01 6.916661833505803880e-01
6.395618313345112771e-01 2.477581280109397988e-01 4.777771232979398652e-01 4.553484833502187690e-01 6.988631457712064510e-01
6.183418524901262980e-01 2.152402904965921016e-01 4.744030168826421923e-01 4.403841006609049424e-01 6.893266797358734710e-01
6.468902493814583377e-01 2.081021814076845222e-01 4.846247566136366869e-01 4.297581452775047772e-01 6.992849125460489645e-01
6.811040073930886285e-01 2.047303961503297021e-01 4.970818692686072571e-01 4.118285147312627514e-01 7.035229163312817224e-01
7.134586046850585062e-01 1.997566140054278516e-01 5.076968516623033834e-01 3.894368026279853012e-01 6.969902638984832866e-01
7.422874728058098670e-01 1.923827349128758302e-01 5.146847432908546738e-01 3.596481204289134759e-01 6.857900810162388394e-01
7.668111292652222133e-01 1.838635378516747521e-01 5.171938445461264910e-01 3.229188318075996711e-01 6.722603739587049709e-01
7.853869406466281733e-01 1.768028668711622842e-01 5.163721198282090752e-01 2.876062453160744825e-01 6.606808605325931172e-01
8.006687760353088379e-01 1.709942370653152466e-01 5.156961083412170410e-01 2.585555016994476318e-01 6.511546969413757324e-01
