2.099598497152328491e-01 7.175976037979125977e-01 1.506956070661544800e-01 7.852171063423156738e-01 4.764776825904846191e-01
1.896434940981421291e-01 6.940465561984454634e-01 1.403427348404893138e-01 7.736672949226376383e-01 4.622003917976363896e-01
1.818203757501266338e-01 6.615052987350971136e-01 1.342536872774635903e-01 7.585453140321533061e-01 4.344653608407728074e-01
2.157742769467011212e-01 6.454915260831198820e-01 1.512893031496704843e-01 7.588876103884126811e-01 4.160217035861396573e-01
2.523273132951118214e-01 6.433770296869136818e-01 1.535140953561058286e-01 7.517005735244550735e-01 4.040178315931764463e-01
2.659403883646476174e-01 6.429999824886423188e-01 1.741597492634172073e-01 7.550728970679798646e-01 3.658697235585431917e-01
2.786013118475933470e-01 6.431221820935106859e-01 1.994077323127454171e-01 7.613371410944559381e-01 3.412974898791195644e-01
3.085917841819897922e-01 6.411582144171408260e-01 2.240004074699317727e-01 7.544520048060417983e-01 3.232573822393692287e-01
3.393463374951506406e-01 6.342533567406255512e-01 2.440954466996703709e-01 7.400214309806165680e-01 3.148211767984068210e-01
3.733400820064046721e-01 6.223210980803065562e-01 2.685781110776700453e-01 7.266914338356151859e-01 3.102723360896027516e-01
4.032625834545505716e-01 6.121736841623001135e-01 2.921638403440727227e-01 7.184034375166515884e-01 3.109578971959542915e-01
4.262162388341305119e-01 6.154790082474613788e-01 3.217420085983363487e-01 7.004612666647405117e-01 3.306464790537352871e-01
4.129607403276464028e-01 6.236367837730283359e-01 3.416793207208103644e-01 6.618033312792719336e-01 3.301857504956008937e-01
4.030917104796680195e-01 6.164250210037566235e-01 3.583190364966410968e-01 6.245424674209478777e-01 3.072674178901654840e-01
3.972325752203111349e-01 6.063728175514341290e-01 3.694829092607270771e-01 6.007279663871047948e-01 2.734384036571508303e-01
4.022541684556923403e-01 5.933380078668314406e-01 3.877857847207274999e-01 5.830155642005130368e-01 2.567139199925979609e-01
4.197803348817850111e-01 5.854766700291816894e-01 4.189995633773990757e-01 5.636083574712692501e-01 2.590937286732639122e-01
4.392854668535111640e-01 5.814073304709741485e-01 4.469792611081889744e-01 5.393910954661875756e-01 2.697747586694135280e-01
4.613732747290574809e-01 5.711176730472203866e-01 4.627479044704311262e-01 5.091040689216522752e-01 2.887958297500184401e-01
4.810400680572148313e-01 5.544835366838662960e-01 4.643507251141439363e-01 4.800884468972966834e-01 3.119982208085842479e-01
4.930766555014027830e-01 5.316204011180755140e-01 4.603806566520139421e-01 4.568854005164629806e-01 3.439426671518934775e-01
4.960953431198305563e-01 5.113115064963402734e-01 4.619841772494762688e-01 4.502021189895981101e-01 3.771706058478005996e-01
5.061001591060141358e-01 4.902429871574124354e-01 4.772222763464718520e-01 4.531603696605148723e-01 4.103863381550285627e-01
5.115622806874219330e-01 4.566719283318315670e-01 4.881525591963109534e-01 4.438102538062539404e-01 4.328749564805635108e-01
5.158382243079224772e-01 4.428826654299478638e-01 5.094086772291918086e-01 4.543125379811490672e-01 4.617181903230826445e-01
5.214297352022135845e-01 4.304658013965411145e-01 5.251254052613706369e-01 4.711343184899113301e-01 5.009578588674920008e-01
5.234073877216793846e-01 4.132809692049821404e-01 5.303843964671502986e-01 4.824967307535740768e-01 5.380717021116502297e-01
5.294247843329125125e-01 3.956829429820724053e-01 5.387077238391574374e-01 4.899549789491923213e-01 5.727536752822445232e-01
5.541186130470103777e-01 3.912633888702476415e-01 5.666216123953335959e-01 4.888361195242533208e-01 6.045461176354850474e-01
5.633330367966200569e-01 3.766510033938325064e-01 5.737349232365333007e-01 4.894463566098480878e-01 6.414203303321297511e-01
5.589312233963190657e-01 3.507240066639349951e-01 5.577003368932822447e-01 4.891113106770545449e-01 6.648202118779085179e-01
5.548207346387081795e-01 3.332423868747590445e-01 5.170031515256836574e-01 4.759973087392102009e-01 6.481327677307870960e-01
5.587597016014200779e-01 3.379357784574755774e-01 4.994310177257456629e-01 4.623878304591748645e-01 6.191245718358899808e-01
5.563482928144245498e-01 3.201642260494370062e-01 4.827430917776320274e-01 4.384894848680516155e-01 5.971744705127234321e-01
5.469637487500967898e-01 2.896610331339282696e-01 4.795006862930805691e-01 4.213491913086961915e-01 6.152469872590697886e-01
5.409356049666509403e-01 2.676106727572135635e-01 4.828487306785659849e-01 4.141127787174342934e-01 6.526981366216423330e-01
5.446565848417164180e-01 2.521388789006472342e-01 4.904857876833157437e-01 4.165297278230601918e-01 6.968479135515249778e-01
5.718161952844927898e-01 2.385233538514628104e-01 5.014658029934554451e-01 4.176717037842856972e-01 7.257689441080795723e-01
6.211182661961603957e-01 2.302372205101747560e-01 5.288345242904208821e-01 4.084989534405204514e-01 7.213141691245106291e-01
6.563523562902493502e-01 2.349377432240744301e-01 5.496885825243883472e-01 3.959691386344655895e-01 7.050852674197681802e-01
6.940325247118211971e-01 2.300734520631881330e-01 5.534357608256239569e-01 3.707942572192284847e-01 6.944520134501090958e-01
7.251815632994793592e-01 2.181878178565808679e-01 5.473983360371076357e-01 3.432798770668669119e-01 6.845269456028184596e-01
7.561423122995507562e-01 2.008176715506939658e-01 5.359507688528990510e-01 3.103710806031726999e-01 6.717846571692702717e-01
7.809137736543233510e-01 1.842259642189512381e-01 5.246824691043107114e-01 2.815444570022956339e-01 6.603075664762271257e-01
8.006687760353088379e-01 1.709942370653152466e-01 5.156961083412170410e-01 2.585555016994476318e-01 6.511546969413757324e-01
