2.099598497152328491e-01 7.175976037979125977e-01 1.506956070661544800e-01 7.852171063423156738e-01 4.764776825904846191e-01
2.406778843361666032e-01 7.257622315168155147e-01 1.566599747505210971e-01 8.486957134683634774e-01 4.374788548340830530e-01
2.564096287653776507e-01 7.263441748897467853e-01 1.620794656735239370e-01 7.997733838101603876e-01 3.804209313490237721e-01
3.069451642572371686e-01 7.228069721044187990e-01 1.966336644482256646e-01 7.145750029571799056e-01 3.309096537466720278e-01
3.576498809863066786e-01 7.145660837807729093e-01 2.550398407218347763e-01 6.724078790918752713e-01 2.743655044021100498e-01
4.287069712611839001e-01 6.956729927682382408e-01 3.178795506372096291e-01 6.456075037481880941e-01 2.313205952502696006e-01
4.692482584387846489e-01 6.606707040053292346e-01 3.960062598385820642e-01 6.205321577857736415e-01 2.170481246566248190e-01
5.241560491300785163e-01 6.335863743971672513e-01 4.588071552250661544e-01 5.858957509237557870e-01 2.252545425180987604e-01
5.802288623298170744e-01 6.176252819920566850e-01 4.977720763926700154e-01 5.535909477262205280e-01 2.404438049946717726e-01
6.431713813746182673e-01 5.825785204731530609e-01 5.480785434574938497e-01 4.938851881734639404e-01 2.819750470167163292e-01
6.817652839640374607e-01 5.327074845451233998e-01 5.795286992745496413e-01 4.469021212604594728e-01 3.339449646013896711e-01
6.936799911442177446e-01 4.861794901251823564e-01 5.903159812636245007e-01 4.184232797495986422e-01 3.797026014078453970e-01
6.264642401383210268e-01 4.304413603558620016e-01 5.696803846862852350e-01 4.078511725770088692e-01 4.498739195877194952e-01
5.625298378831297130e-01 4.205464131770618175e-01 5.494701740983687355e-01 4.212486416439391035e-01 4.742480158477019869e-01
5.922871675293920335e-01 3.589424372858381895e-01 5.421442067196230452e-01 4.475083705544857238e-01 5.640762484568805357e-01
6.331318084037159677e-01 3.230547613790611394e-01 5.416653727389365569e-01 4.439259803407947791e-01 6.188934975930499016e-01
6.879082495617867554e-01 2.608026272863627204e-01 5.422163135799153988e-01 4.489096704060294152e-01 6.901508475940356657e-01
6.579833640518414350e-01 2.021987058185485964e-01 5.002560945092959788e-01 4.057001087820293894e-01 7.231423256876204908e-01
7.380025831723912022e-01 1.806137596290279812e-01 5.050618203618194579e-01 3.089586804301619472e-01 6.801785981429895322e-01
8.006687760353088379e-01 1.709942370653152466e-01 5.156961083412170410e-01 2.585555016994476318e-01 6.511546969413757324e-01
