2.099598497152328491e-01 7.175976037979125977e-01 1.506956070661544800e-01 7.852171063423156738e-01 4.764776825904846191e-01
2.373475393900364994e-01 7.035652020235958481e-01 1.480617228928989282e-01 8.322943450474138416e-01 4.797476099955085282e-01
2.842403670366429047e-01 6.922769419866886542e-01 1.745998190483004364e-01 8.375539150566745361e-01 4.510183197996040505e-01
3.030923956992196411e-01 6.938359473254558374e-01 2.150998410971565467e-01 8.079590038389060647e-01 4.170448719280738792e-01
2.911027936230300428e-01 6.962259426158982079e-01 1.953468159274412697e-01 7.808296001712756729e-01 3.611858691645709052e-01
2.990144681922538017e-01 6.928172514161263784e-01 1.726596830099560165e-01 7.310389486367893097e-01 3.273541812912293403e-01
3.319118393875617468e-01 6.819129931767565767e-01 2.110424999709344107e-01 7.108020975510058737e-01 2.961822164168766980e-01
3.561895206307935102e-01 6.713280710737440371e-01 2.703663238424572346e-01 6.985278592161933142e-01 2.840946461182281557e-01
3.762854632766978180e-01 6.621283870283108941e-01 3.239353390740372096e-01 6.734190540078609510e-01 2.793854408400453515e-01
3.927649562200572486e-01 6.408995803669398361e-01 3.711208071148626164e-01 6.489105500971587004e-01 2.755073712435942013e-01
4.195779452764730744e-01 6.178137795044971181e-01 4.070200585039852048e-01 6.444683234172187136e-01 3.197769245278442307e-01
4.595550350737398482e-01 6.055008105372237104e-01 4.345844424672653528e-01 6.324134470975047995e-01 3.555092936824986172e-01
4.985053904674323633e-01 5.953332706258699369e-01 4.556425780935474124e-01 6.041182737866159780e-01 3.727825201225858365e-01
5.385134087832484928e-01 5.811028833766351820e-01 4.711373833089368413e-01 5.540832507531918694e-01 3.912558599299384987e-01
5.730888343197251267e-01 5.580860834315041208e-01 4.852334521083561114e-01 5.023922180766972057e-01 4.022770969827549337e-01
6.107441069543555479e-01 5.317827849285265973e-01 5.107017394716353298e-01 4.649443481393796818e-01 4.029451902879118141e-01
6.537131014176131849e-01 5.260000570029923495e-01 5.403570479199639731e-01 4.509158188495859254e-01 4.071179067373725258e-01
7.076850217175112423e-01 4.975321995943906006e-01 5.631289615622238065e-01 4.317390557119025751e-01 4.138530056608734076e-01
7.039639349812896185e-01 4.481101308253404580e-01 5.703121499449089749e-01 4.070182610027692771e-01 4.309107828620369895e-01
6.889993498080768664e-01 3.992614533327764614e-01 5.779740555519358169e-01 3.964603635284341121e-01 4.645621140195679288e-01
7.216670338015519492e-01 3.730132134361739404e-01 5.890236483519528665e-01 4.054021938741251829e-01 5.001490062989749630e-01
7.427949095012923442e-01 3.581332715555531343e-01 5.985289588858740961e-01 4.254750912897105053e-01 5.467142230679478132e-01
7.514678826973705261e-01 3.395946351705578792e-01 6.063044501711478684e-01 4.551392699360437000e-01 6.108527065274008683e-01
7.438560873967328124e-01 3.245175960250490377e-01 5.982014337449760299e-01 4.742326457014718888e-01 6.579438325802133836e-01
7.048543628356218615e-01 3.091996615612851440e-01 5.554832918891844384e-01 4.745890594784478167e-01 6.880126670122104215e-01
7.045169380341175236e-01 2.770496389364756062e-01 5.395249993111731479e-01 4.705552755846683644e-01 7.313468535533200754e-01
7.108708496843866298e-01 2.268352908517226318e-01 5.423879354834504340e-01 4.656023546731025142e-01 7.556666502148486897e-01
7.053595163874075702e-01 1.933164039430706194e-01 5.331295353968702466e-01 4.172547062643566229e-01 7.422496805391319841e-01
7.394346243394220863e-01 1.808828160305104293e-01 5.255960283428798840e-01 3.563650349370872661e-01 7.121994557733196674e-01
7.767444029558903118e-01 1.748577355516429954e-01 5.195640378056842756e-01 2.967699898419893789e-01 6.750050736411586927e-01
8.006687760353088379e-01 1.709942370653152466e-01 5.156961083412170410e-01 2.585555016994476318e-01 6.511546969413757324e-01
