2.099598497152328491e-01 7.175976037979125977e-01 1.506956070661544800e-01 7.852171063423156738e-01 4.764776825904846191e-01
2.551192000122102232e-01 7.027367458672195699e-01 1.335684178365925678e-01 7.886478471361089149e-01 4.536726232618987220e-01
2.925933478126730436e-01 7.008937315608837482e-01 1.678936432074921714e-01 8.124995488626681750e-01 4.303565613516562305e-01
3.218500813033602914e-01 6.801935964032607140e-01 2.131433827529641833e-01 7.918679463527956708e-01 4.098766959409237409e-01
3.272450356051370690e-01 6.667024550530402660e-01 2.320589686457601442e-01 7.379198853690053239e-01 3.873191063628466102e-01
3.543453469183285298e-01 6.655061485545384903e-01 2.699426783628290361e-01 6.973270359519622152e-01 3.641884190811791044e-01
3.883456089520114785e-01 6.624602384062548976e-01 3.024939243937110334e-01 6.879056996740466889e-01 3.534295245655121320e-01
4.293191914385420804e-01 6.501303228216659402e-01 3.414289030295793448e-01 6.754442771136879298e-01 3.474374260106125600e-01
4.557917401882537467e-01 6.289094859763652012e-01 3.778061436365648951e-01 6.496599419209504456e-01 3.516697853034662646e-01
4.711097732397073745e-01 6.055012705761757541e-01 4.176147142221370845e-01 6.114437461226721604e-01 3.638746351303942528e-01
4.838053431300713414e-01 5.898115622887323273e-01 4.484416631403747577e-01 5.749850932436930684e-01 3.770462657352470770e-01
5.064035208000625676e-01 5.698654532808818951e-01 4.745947739038402502e-01 5.279790369965648988e-01 3.951811788361972999e-01
5.392177782377491901e-01 5.386416721299428501e-01 4.873247754246279873e-01 4.778772949352621535e-01 4.167537542514382909e-01
5.720570156743682855e-01 5.103141123028277493e-01 4.976401352447550330e-01 4.509780115992034766e-01 4.264035418450503045e-01
6.159477642100760209e-01 4.865966276819088110e-01 5.212938210444566511e-01 4.271499986170100294e-01 4.277593410784054639e-01
6.608722423538937463e-01 4.709822239975218205e-01 5.540959276241019804e-01 4.119953758857672899e-01 4.288137684825523155e-01
7.001789399049439533e-01 4.451710407785526846e-01 5.790568158089789419e-01 4.106690756110294993e-01 4.428528516460301101e-01
7.216903906907767841e-01 4.087204874113272712e-01 5.879007204106950768e-01 4.236498035422102681e-01 4.696381521681252114e-01
7.237046476936884742e-01 3.765093123868969438e-01 5.827589572820343067e-01 4.461922469304051564e-01 5.146566512464015863e-01
7.279922720331026831e-01 3.612169269162736063e-01 5.819141815591805100e-01 4.596799577403948844e-01 5.549761498712589836e-01
7.257652936863060456e-01 3.357709554110760442e-01 5.753533361112840305e-01 4.733434682723596243e-01 6.152089043778385946e-01
7.056896796989470255e-01 2.992474177368803501e-01 5.543547914585451597e-01 4.669301705692379678e-01 6.595320810330658201e-01
6.963258157486704736e-01 2.713349575546692427e-01 5.412819877204037011e-01 4.602462212618891879e-01 6.986062034684106248e-01
6.686650176471233831e-01 2.333095014090624253e-01 5.210685463396612649e-01 4.512171243376130736e-01 7.212055365279581576e-01
6.067836952736603839e-01 2.062773134403890762e-01 4.997525272849759892e-01 4.383192229341490442e-01 7.236221595516588723e-01
6.006470639155523372e-01 2.033691128047822039e-01 4.700003068961428054e-01 3.818827903557585612e-01 7.140180213537462572e-01
6.512629307094995879e-01 1.935727891629488162e-01 4.800411070044292572e-01 3.429964299903104918e-01 6.965481174519261298e-01
7.032821971675315975e-01 1.857115189747438055e-01 4.924552599517600382e-01 3.135962740650378167e-01 6.807432978223427744e-01
7.577756159921551493e-01 1.774763492380656005e-01 5.054598577089703948e-01 2.827977811328531432e-01 6.641867657109691292e-01
8.006687760353088379e-01 1.709942370653152466e-01 5.156961083412170410e-01 2.585555016994476318e-01 6.511546969413757324e-01
