2.099598497152328491e-01 7.175976037979125977e-01 1.506956070661544800e-01 7.852171063423156738e-01 4.764776825904846191e-01
2.165147160733507103e-01 6.988445193617550677e-01 1.406539335511768629e-01 7.703916249102515934e-01 4.464184725605431225e-01
1.859183209968449657e-01 6.830395216286032634e-01 1.244907748261881442e-01 7.669764084211277977e-01 4.282444123135359937e-01
1.585938219515714565e-01 6.695063847464337581e-01 1.334493614991535959e-01 7.825922062880594776e-01 4.438079329479246438e-01
1.901797256333814523e-01 6.636555523294426218e-01 1.524607915668420022e-01 7.788271737238363635e-01 4.333410369928283323e-01
2.319523133149687943e-01 6.541536271935624036e-01 1.629002906592023903e-01 7.764554938339830459e-01 4.306931895526290299e-01
2.691326360581293153e-01 6.509340750074646964e-01 1.763561040451163409e-01 7.744882479874960479e-01 4.114282865690880864e-01
2.902601602788939528e-01 6.522645851606510004e-01 1.864939972987328110e-01 7.726598897775270869e-01 3.910655841725993453e-01
3.129171640347069849e-01 6.538615337755193657e-01 1.995400128736399548e-01 7.641727264472415460e-01 3.604661992943131721e-01
3.335114778961728033e-01 6.478501362573404476e-01 2.175915874072774092e-01 7.458991876122040843e-01 3.338389323177204382e-01
3.549686464668947439e-01 6.353031207682605652e-01 2.415398330414584849e-01 7.269660371904985707e-01 3.242939523128698931e-01
3.807484163029166702e-01 6.265911029989691405e-01 2.688444553634503631e-01 7.171564405762951289e-01 3.327220897730627236e-01
3.983685783376462730e-01 6.256158134518450264e-01 3.038013289481874546e-01 7.009173042492070627e-01 3.497870573820180962e-01
3.922191271919359123e-01 6.200559701774448484e-01 3.202204845473042849e-01 6.710335872985008221e-01 3.297353863803318963e-01
3.895946597453749938e-01 6.192636420513413231e-01 3.347280716755551278e-01 6.454164591130069351e-01 3.042427420606693134e-01
3.917889744394989493e-01 6.204410558231552297e-01 3.500173162219433753e-01 6.195018484056099561e-01 2.841865059071073119e-01
3.981802997866197846e-01 6.222670911473962008e-01 3.676358191071567583e-01 5.913329531288743501e-01 2.701625910004029074e-01
4.157696148040701534e-01 6.155954047154426068e-01 4.017079404408783194e-01 5.671139521054073818e-01 2.713215361504107692e-01
4.319885443124531488e-01 5.993100930724971631e-01 4.243810294755530066e-01 5.478186095799910671e-01 2.859274423796351883e-01
4.515500538809019693e-01 5.847874613716951275e-01 4.364608421658681681e-01 5.207864242601171201e-01 3.080716213663322600e-01
4.794482035515935658e-01 5.854322409593720744e-01 4.405010115459364051e-01 5.072481719295777181e-01 3.331836247191237721e-01
5.034427122813976974e-01 5.754748658439869935e-01 4.508527778108568085e-01 4.972280508755383410e-01 3.622276162820535772e-01
5.248554271288953244e-01 5.573991814168299808e-01 4.646267712738946787e-01 4.820008273202849858e-01 3.779575407454358604e-01
5.504234392365451312e-01 5.411277056728297508e-01 4.656160050371623838e-01 4.785424780121952382e-01 3.932023826464463578e-01
5.739711271795548964e-01 5.235721694815824723e-01 4.711711592458003306e-01 4.797635743298630517e-01 4.140964359003916351e-01
5.748101838657996288e-01 5.020594323650576785e-01 4.894889432353751735e-01 4.757171223745050859e-01 4.377438664836910132e-01
5.486487866044922335e-01 4.827037470134837305e-01 5.071175578835431796e-01 4.715251988123604909e-01 4.616584516716538134e-01
5.271967442816601901e-01 4.664021274963886521e-01 5.153974260252291995e-01 4.747132380129608920e-01 4.875163127005653352e-01
5.177354140657677295e-01 4.452081714516410438e-01 5.193442196643608399e-01 4.878275407963372778e-01 5.224526469280988961e-01
5.239947459659206608e-01 4.218668459117201897e-01 5.211582013846015604e-01 5.034539342307803311e-01 5.531762978502478001e-01
5.384955368601350711e-01 3.966256951987597867e-01 5.235959262136842263e-01 5.081315167369377939e-01 5.768009276164254295e-01
5.461288924682905499e-01 3.689626575875001868e-01 5.151669261375214637e-01 4.898446582222650836e-01 5.915556083019489764e-01
5.387868241058296759e-01 3.528769446617059380e-01 4.874276425631451359e-01 4.645032465825346679e-01 5.821294944629858970e-01
5.352176915341106955e-01 3.388866930190729820e-01 4.607827444692934038e-01 4.450419681360286428e-01 5.733152668099176230e-01
5.317626378200298598e-01 3.091629454228195795e-01 4.473191613372649034e-01 4.311521109992374479e-01 6.025807862529101167e-01
5.360955278594244922e-01 2.819917461261605696e-01 4.530265318534001939e-01 4.289878294976546824e-01 6.354095134474574413e-01
5.498502144317368723e-01 2.567903302448505953e-01 4.584996235988192392e-01 4.210643871963311580e-01 6.573850638894144227e-01
5.712642527601198283e-01 2.328592823653256316e-01 4.627571319331152955e-01 4.057787483658459315e-01 6.789541216143369917e-01
5.955983865065013205e-01 2.155003236567449854e-01 4.663737315608344480e-01 3.865038851507612283e-01 6.975605517955099089e-01
6.262191459114403447e-01 2.014085313066363014e-01 4.727596338853346514e-01 3.624619427107354519e-01 7.074937005571605431e-01
6.630237883496656881e-01 1.913314498088413695e-01 4.822343482951629290e-01 3.370606428460422022e-01 7.021680358910431519e-01
6.960097253529483607e-01 1.861086806840214769e-01 4.903156683481965095e-01 3.178271239323792186e-01 6.904558032913088450e-01
7.324308201765576953e-01 1.807847472486757423e-01 4.991627891655635585e-01 2.970990792716970974e-01 6.768522215233768735e-01
7.704630533418866944e-01 1.753280338783067549e-01 5.083775882018481962e-01 2.756169244971890531e-01 6.625297783262582563e-01
8.006687760353088379e-01 1.709942370653152466e-01 5.156961083412170410e-01 2.585555016994476318e-01 6.511546969413757324e-01
