2.099598497152328491e-01 7.175976037979125977e-01 1.506956070661544800e-01 7.852171063423156738e-01 4.764776825904846191e-01
2.640490446586890583e-01 7.064963836847205636e-01 1.427970553199544856e-01 7.932866268198203175e-01 4.451088212340126304e-01
2.970044973207672245e-01 6.630481298770506404e-01 1.580074172052035042e-01 7.565164209858876720e-01 3.912814385554545527e-01
3.187686321659212174e-01 6.686525501950657535e-01 1.742478985529177238e-01 7.007112373890265200e-01 3.664250162394948052e-01
3.568622426581321561e-01 6.776511796878584848e-01 2.287138877217637090e-01 6.605193915072489208e-01 3.519151970848525268e-01
4.147449538362067978e-01 6.663871988883177666e-01 2.830540457899128337e-01 6.488462403967488745e-01 3.552806391599263591e-01
4.419904020625231023e-01 6.486635739471122708e-01 3.442366407148761964e-01 6.408110259637321837e-01 3.549869889384908994e-01
4.631670071690248136e-01 6.302429498334413127e-01 4.200734480880118360e-01 6.177338214973968622e-01 3.545910416775446827e-01
5.043150579104271891e-01 6.204155588995882153e-01 4.600952417932160365e-01 5.935379503515664235e-01 3.611952106296719145e-01
5.693258141352560697e-01 6.214005236660627984e-01 4.940318821902421886e-01 5.700757332973431790e-01 3.563674830305899599e-01
6.481780554179947806e-01 6.187615003909483491e-01 5.316055977209034333e-01 5.545148191964891504e-01 3.341320857671196132e-01
6.841114601648616844e-01 5.874226001175389955e-01 5.521839767711987923e-01 5.228778590760144729e-01 3.453596077913422824e-01
6.832435669872829465e-01 5.301242146194474758e-01 5.545343749643991682e-01 4.770688878121225329e-01 3.835558435790752396e-01
6.670825511231687210e-01 4.823665850987058912e-01 5.565253303637278659e-01 4.458716741237024883e-01 4.161133651123036792e-01
6.308832701082299765e-01 4.375283214629108186e-01 5.640749897899004495e-01 4.238743441050593086e-01 4.573339734951905600e-01
6.058065793074388639e-01 3.853535539152511680e-01 5.700569778652089248e-01 4.016720528640252419e-01 5.130780176826413852e-01
6.114694818652895991e-01 3.504176933636956592e-01 5.751837597568980609e-01 3.962674928751186432e-01 5.684924272511245880e-01
6.420120309872804354e-01 3.279302939374182935e-01 5.797122714838142121e-01 4.070864998478196384e-01 6.293487109486131104e-01
6.263572428725265873e-01 3.074207693091242644e-01 5.797420916206474928e-01 4.277901520600730367e-01 7.029334142226228987e-01
5.800079155460181601e-01 3.047979837673190917e-01 5.337149624759272015e-01 4.650215789276550549e-01 7.204541972382645376e-01
6.094423773838267833e-01 2.612282798878707846e-01 5.134419085243818737e-01 4.619871792094334406e-01 7.504590830196172790e-01
6.620301150939246204e-01 2.208886184151768184e-01 5.167106867070331289e-01 4.229764134720286894e-01 7.558329782933577157e-01
7.147520448935619219e-01 1.961609179378502599e-01 5.136934761949764061e-01 3.867483982214283134e-01 7.075323027505038276e-01
7.664124732296279108e-01 1.810285741394430659e-01 5.148976285538887643e-01 3.096679523529678457e-01 6.736333028006994406e-01
8.006687760353088379e-01 1.709942370653152466e-01 5.156961083412170410e-01 2.585555016994476318e-01 6.511546969413757324e-01
