2.099598497152328491e-01 7.175976037979125977e-01 1.506956070661544800e-01 7.852171063423156738e-01 4.764776825904846191e-01
2.400250556812726921e-01 6.933933613627781822e-01 1.376078219534749014e-01 8.148547156639013300e-01 4.562283030804151207e-01
2.754582665389281870e-01 7.023261550013286669e-01 1.565185160877582693e-01 8.517040137940307121e-01 4.234450942612059676e-01
2.813783385609547882e-01 7.120763467331131524e-01 2.120599063236101589e-01 8.164627634948472545e-01 4.111046336450675520e-01
3.012358769033712802e-01 6.953516077650305771e-01 1.781476445034181899e-01 7.760872669869414153e-01 3.878541366869578400e-01
2.868770483574792363e-01 6.811699456975964795e-01 1.418387961372407080e-01 7.454833784635196414e-01 3.542888515973632857e-01
2.770672891434515228e-01 6.701536282104026965e-01 1.530680415720114262e-01 7.138260075128963766e-01 3.200133492054494377e-01
2.976111747236614979e-01 6.729065919448194988e-01 2.081579017489205152e-01 7.104159473308188089e-01 3.117386830579852997e-01
3.209991840089717052e-01 6.735731105630474724e-01 2.441505680306687021e-01 7.060822531295598559e-01 2.956377933884257181e-01
3.592125138030769493e-01 6.719965179984750403e-01 2.878290150103549050e-01 7.012069403035346982e-01 2.757499740876167005e-01
4.018509749539185272e-01 6.616383492843963543e-01 3.270062002688580716e-01 7.007379386619242423e-01 2.832355766875240821e-01
4.223635230327525414e-01 6.340995169907588380e-01 3.677320037831248167e-01 6.837259011046386004e-01 3.084094447079505641e-01
4.290406451197142923e-01 6.111048827277736351e-01 4.030360211413963611e-01 6.555315119594602447e-01 3.248333853286830553e-01
4.430771971749808968e-01 5.951257271410606009e-01 4.288728928052121803e-01 6.219050872931616292e-01 3.353767584316643124e-01
4.661580005254309933e-01 5.809056155343201855e-01 4.526737032000516248e-01 5.716144339878630465e-01 3.450749896180498322e-01
4.898020586568052614e-01 5.698675265928115907e-01 4.685433238773607512e-01 5.316211662083880629e-01 3.548649250401527677e-01
5.284920119735535549e-01 5.545103193720880563e-01 4.829448591997354545e-01 4.966746546889256320e-01 3.701969601110823849e-01
5.703738635230909404e-01 5.359407826831531496e-01 4.981877644766440349e-01 4.682873469243854503e-01 3.842232823809479392e-01
6.151158803576936007e-01 5.124556487905259639e-01 5.159058638438935862e-01 4.441249096907816662e-01 3.967127161535520807e-01
6.634224918298039508e-01 4.804378806918638278e-01 5.373901403278562583e-01 4.225957203056799893e-01 4.140427758220777132e-01
6.902000131358602131e-01 4.452549644794951966e-01 5.543592464003432863e-01 4.095600685868319157e-01 4.382994435694212432e-01
6.892580918414726865e-01 3.929003368373299998e-01 5.683124592828464605e-01 4.058208858806677255e-01 4.828940469181294826e-01
6.845262341589356536e-01 3.662770126807557425e-01 5.747500119099733240e-01 4.145247002184667129e-01 5.220056903593389697e-01
6.906921695842396236e-01 3.433270982861889586e-01 5.775294177446083088e-01 4.339516202187184701e-01 5.805949009972038999e-01
7.021425218973851301e-01 3.218501513238316014e-01 5.709005650077718652e-01 4.482638772831024632e-01 6.314990393565373950e-01
7.193201287202348748e-01 2.884743988756216515e-01 5.555576348279028798e-01 4.536534899052566683e-01 6.833208182992566160e-01
7.212384397158343452e-01 2.441006428207774248e-01 5.383763593998530661e-01 4.516082091420451916e-01 7.266554758818452031e-01
7.119206081497306826e-01 1.952108031083693296e-01 5.332737002671463777e-01 4.055995957432015908e-01 7.238671497905251329e-01
7.453523416533255341e-01 1.856809394406735425e-01 5.329285704394625123e-01 3.563727548175807391e-01 6.976964285900301155e-01
7.786654657804521484e-01 1.768361911354966454e-01 5.225506934973103146e-01 2.974644334243952692e-01 6.696676790723636863e-01
8.006687760353088379e-01 1.709942370653152466e-01 5.156961083412170410e-01 2.585555016994476318e-01 6.511546969413757324e-01
