2.099598497152328491e-01 7.175976037979125977e-01 1.506956070661544800e-01 7.852171063423156738e-01 4.764776825904846191e-01
2.651021927991455973e-01 7.303430128536233523e-01 1.393809165366997616e-01 8.394780009922546693e-01 4.480326866567202471e-01
2.841416572749335678e-01 7.341073400594706477e-01 1.388285185138784517e-01 8.691067258597025003e-01 3.677893466202206696e-01
2.923379791590929866e-01 7.093649957654736271e-01 1.427463641267411876e-01 8.151231453154866857e-01 2.873434810851828169e-01
3.002012852040382151e-01 7.089234228309904129e-01 1.607138326158448760e-01 7.306546029955063304e-01 2.711799541337468478e-01
3.318515066195631968e-01 7.182529460979234504e-01 2.202479807530482725e-01 6.712090982466707434e-01 2.900858493585898312e-01
3.933297768562533103e-01 6.929259679032835351e-01 2.972335496963728896e-01 6.568996799908398687e-01 2.891937906964675009e-01
4.360592789845438855e-01 6.683719873023329372e-01 3.421476391114791626e-01 6.447691289284473992e-01 2.603539031674985127e-01
4.746045336421114147e-01 6.622369194643631385e-01 3.949909865789102970e-01 6.353963788081278263e-01 2.300384636750442413e-01
5.525346508009378876e-01 6.524003884071384318e-01 4.484064080246279449e-01 5.975560366796635048e-01 2.487031381074763792e-01
5.970790469382583066e-01 6.162092882424649032e-01 4.910420250634061068e-01 5.349852400720179757e-01 2.892349515715311181e-01
6.099214499954647151e-01 5.632059574861486562e-01 5.261615791955203125e-01 4.795837520527757025e-01 3.236782623708980844e-01
6.497658784146108646e-01 4.951491987711595932e-01 5.521751351737366198e-01 4.275512139768745667e-01 3.819589630738133845e-01
6.543199084241434482e-01 4.200320718783379093e-01 5.527728762096455473e-01 4.033344146189127288e-01 4.698465105629099914e-01
6.289172239857737656e-01 3.817648978863625309e-01 5.398586929335510431e-01 4.029544527027327239e-01 5.225763640436481561e-01
6.028801325465760197e-01 3.299053601347503584e-01 5.254107067241815532e-01 4.266979947967167730e-01 6.014970556051608686e-01
6.211955949943629429e-01 3.044691622724314262e-01 5.505647285631770638e-01 4.628817654967646855e-01 6.537083179730903693e-01
6.547369397816560355e-01 2.393652396847009423e-01 5.393831504615341776e-01 4.681365848778989980e-01 7.139167493637756934e-01
6.614554805902829182e-01 2.007494462934596435e-01 5.100085116208632474e-01 3.772073695975782792e-01 7.176388505249469141e-01
7.465298213174118569e-01 1.825658037024989744e-01 5.134842467491719242e-01 3.046982791029710924e-01 6.770098609098204046e-01
8.006687760353088379e-01 1.709942370653152466e-01 5.156961083412170410e-01 2.585555016994476318e-01 6.511546969413757324e-01
