2.099598497152328491e-01 7.175976037979125977e-01 1.506956070661544800e-01 7.852171063423156738e-01 4.764776825904846191e-01
2.424947762448949884e-01 7.175058671143540456e-01 1.728147973832845075e-01 8.101543171203048344e-01 4.072117077656309259e-01
3.086610422214154936e-01 6.671361830475540655e-01 1.493514739854952533e-01 8.306934928977073307e-01 3.590423463084182476e-01
3.120213182067981816e-01 6.588285543134647648e-01 1.374403088660228756e-01 7.866336311818987737e-01 2.769012539082976176e-01
3.142277101413293861e-01 6.708198800107759707e-01 1.469878913111580809e-01 7.543769962947413088e-01 2.176155326749511232e-01
3.507621484454105376e-01 7.064153543913245237e-01 2.316347397184987111e-01 6.943084044250831255e-01 2.387571960317901865e-01
3.910531841851672130e-01 6.992942473902141742e-01 2.789062541894873903e-01 6.642992884032120626e-01 2.686043700249358124e-01
4.314712007241883196e-01 6.865565352252029907e-01 3.299129577597830210e-01 6.352005464887032771e-01 2.978209960539210943e-01
4.790828551625749832e-01 6.629925135869098041e-01 3.989096285446482870e-01 6.016850844159694622e-01 3.317937567659786646e-01
5.311748609665457588e-01 6.384699932629923635e-01 4.342571172005975089e-01 5.702009839958750437e-01 3.314612981463863073e-01
6.039448564646692219e-01 6.040060457941330840e-01 4.886719618624101868e-01 5.290065523160634164e-01 3.145904912769011963e-01
6.603717482048575560e-01 5.891929876549152345e-01 5.518327943064997854e-01 5.078054850092762473e-01 3.115204868756297762e-01
7.089367852346410981e-01 5.457718744415575030e-01 6.084693124418195653e-01 4.714594116291136450e-01 3.493190677480543238e-01
7.015460700988038756e-01 4.941734694598059474e-01 6.031464527624516014e-01 4.405598618255922583e-01 3.999566677056712316e-01
6.670701870304946990e-01 4.299337706393337455e-01 5.829002826599115616e-01 4.218469035289956759e-01 4.684737580196545736e-01
6.210649444307277944e-01 3.857845540302942688e-01 5.546177385039419150e-01 4.368747167486164429e-01 5.282692704797792294e-01
5.865121015233165647e-01 3.440124245783364731e-01 5.382959178454839178e-01 4.488209845121934882e-01 5.758395901336742506e-01
5.859680506722251270e-01 2.991914297739037831e-01 5.439465918841164260e-01 4.438502281299357977e-01 6.420713363956295217e-01
6.371121129146909423e-01 2.620081893253531913e-01 5.425969145321735132e-01 4.347218092816300672e-01 6.961041376614894860e-01
6.805727336534600491e-01 1.974631992964078209e-01 4.977576926735476359e-01 4.064505398707567996e-01 7.039175703645229598e-01
7.534763211708512820e-01 1.864290351974076110e-01 5.098001847235813511e-01 3.147621557411369730e-01 6.698832699712409244e-01
8.006687760353088379e-01 1.709942370653152466e-01 5.156961083412170410e-01 2.585555016994476318e-01 6.511546969413757324e-01
