2.099598497152328491e-01 7.175976037979125977e-01 1.506956070661544800e-01 7.852171063423156738e-01 4.764776825904846191e-01
2.439670865423057833e-01 7.444659521661505241e-01 1.708054182676344290e-01 8.427215154334763980e-01 4.650971270406948355e-01
2.912070266183856004e-01 6.832663252582601432e-01 1.583669154105724342e-01 8.412416155559405695e-01 4.302680920908432682e-01
3.345225719929216246e-01 6.612616984877905946e-01 1.760750170442544338e-01 7.829021524193344739e-01 4.044022036735843151e-01
3.618146862161312760e-01 6.659516597025596507e-01 2.256937251030514402e-01 7.121788332238884189e-01 3.923155948408392213e-01
3.916830473008643954e-01 6.540457306397114978e-01 2.853607068680527603e-01 6.439698404309085467e-01 3.687626731261960944e-01
3.854901296661428778e-01 6.400173204316931264e-01 3.561589289617833054e-01 6.172632630054354363e-01 3.596363883350690016e-01
4.235274853329165090e-01 6.216084159285303334e-01 4.173769342644507163e-01 6.115068191717543122e-01 3.457913348024424516e-01
4.758897580978421193e-01 6.008241344209844792e-01 4.619601804352325702e-01 5.980039966816647068e-01 3.419630068117216481e-01
5.371850093380514668e-01 5.775458710075773716e-01 4.951270136692955681e-01 5.550766659660358870e-01 3.630964777350324524e-01
5.918965689438848710e-01 5.773896134119378409e-01 5.253922133339696821e-01 5.200141028010152322e-01 3.602423848047523469e-01
6.574334919783959563e-01 5.609894692117559645e-01 5.627381890446784274e-01 4.782870889895215472e-01 3.570509343162028837e-01
7.103711843028968076e-01 5.203904158448862116e-01 5.924582938049826053e-01 4.381688343728878388e-01 3.752686003139401039e-01
7.099010959037534985e-01 4.720375536368846547e-01 5.975739855241416487e-01 4.169540936194272573e-01 4.304591327416130708e-01
6.920763529561844152e-01 4.283682190675106027e-01 6.017907102631643301e-01 4.112459734407526435e-01 4.815100207014859635e-01
6.670871506799503914e-01 3.902471496247624239e-01 5.995852119718930728e-01 4.324211731745732923e-01 5.337865365730115608e-01
6.192294461673767403e-01 3.586170253271701580e-01 5.576333168989635602e-01 4.529523572518707186e-01 5.653304308408821921e-01
5.748188557847699887e-01 3.149675238577168135e-01 5.186479132048851248e-01 4.561377907408683541e-01 6.041860102821069445e-01
5.766772461393672167e-01 2.682181664079523742e-01 4.984665657431576746e-01 4.584118995473236979e-01 6.658441540583494023e-01
6.325038770395225995e-01 2.441339363529202167e-01 5.114410168316160243e-01 4.546115001837690572e-01 7.142997419834927753e-01
6.956540682962398803e-01 2.114168571492875126e-01 5.212120047403879797e-01 4.580744483109446819e-01 7.690131003194742298e-01
7.363575774578660083e-01 1.946858937850367843e-01 5.234126233420277607e-01 4.021496005804023888e-01 7.332766941800753502e-01
7.755645606367214118e-01 1.802424001628367412e-01 5.187082906514799419e-01 3.146082151927700465e-01 6.832114514918288251e-01
8.006687760353088379e-01 1.709942370653152466e-01 5.156961083412170410e-01 2.585555016994476318e-01 6.511546969413757324e-01
