2.099598497152328491e-01 7.175976037979125977e-01 1.506956070661544800e-01 7.852171063423156738e-01 4.764776825904846191e-01
2.561688379370454238e-01 7.290850775290046437e-01 1.688034622949765584e-01 8.356160702935019335e-01 4.728401691046016375e-01
3.335667732855719936e-01 7.081431966349231999e-01 1.943179075764336350e-01 8.362524998754889971e-01 4.305605065263511388e-01
3.159583504768937456e-01 7.037617750830256202e-01 1.551166091552624304e-01 8.119912471182795244e-01 3.690961022416694437e-01
2.971703094541062740e-01 7.005531833058256108e-01 1.919553320931495777e-01 7.527479455377775741e-01 3.094888706427686986e-01
3.668583494306113524e-01 7.029581602904888538e-01 2.221757792698527967e-01 7.025428048371101797e-01 2.329213655170382091e-01
4.016191463755428015e-01 6.940490835862147545e-01 2.740883356670869575e-01 6.745826387511193456e-01 2.771164386563222393e-01
4.422334208605853689e-01 6.794948309567759859e-01 3.467399347089341610e-01 6.354113188599876949e-01 3.347983939775227569e-01
4.384841568823707458e-01 6.495406421816593001e-01 4.192335335967765642e-01 5.943005985827459758e-01 3.566315426879688166e-01
4.908385202237588452e-01 6.289583001029066534e-01 4.587680617976133690e-01 5.639151137184913454e-01 3.388125527743967025e-01
5.684553699321789333e-01 5.988911023308637338e-01 5.114720914724493195e-01 5.229683756442967679e-01 3.261733747384936710e-01
6.345499200511380833e-01 5.560050727414095340e-01 5.464656418303981411e-01 4.849453432198833625e-01 3.321270991972236075e-01
6.943641831609366211e-01 4.990652728372551028e-01 5.757973741550487246e-01 4.313092239661629468e-01 3.750168743909557678e-01
7.034678392742975683e-01 4.500104728838199009e-01 5.825197737094925943e-01 4.026806339802792567e-01 4.186865284453052949e-01
6.595901440351907841e-01 3.902229199749804867e-01 5.715727171718221200e-01 4.064132090346874726e-01 4.774002522768362455e-01
6.156504181683910559e-01 3.464444350190996613e-01 5.573369476796082855e-01 4.298075942243054781e-01 5.404864411974514837e-01
5.868882431016995138e-01 3.172831182149602469e-01 5.411141689424965318e-01 4.436281794491829245e-01 5.968772207213608461e-01
5.767671150842031969e-01 2.837424404486837970e-01 5.268353727650990637e-01 4.344815613875995797e-01 6.787419905387912511e-01
6.149910917059117077e-01 2.368486107331475299e-01 5.124325150329087641e-01 4.176119291939499045e-01 7.204580464640907289e-01
6.666372182370250421e-01 1.901245758980613376e-01 4.755386782417271307e-01 3.785456253413064798e-01 7.047063199295758862e-01
7.475215055505686212e-01 1.824563314814780512e-01 4.968872993911117031e-01 3.050128774363019546e-01 6.704279108264840081e-01
8.006687760353088379e-01 1.709942370653152466e-01 5.156961083412170410e-01 2.585555016994476318e-01 6.511546969413757324e-01
