2.099598497152328491e-01 7.175976037979125977e-01 1.506956070661544800e-01 7.852171063423156738e-01 4.764776825904846191e-01
2.384789628814894813e-01 6.964398015012948084e-01 1.323073994362864436e-01 7.822620920392480137e-01 4.749701270437345912e-01
2.584675349356835850e-01 6.676795831221159494e-01 1.154202922496612993e-01 7.916300108515159639e-01 4.584088582281934388e-01
2.871528999671515425e-01 6.566951477157858541e-01 1.168744395436186884e-01 8.014875481908899646e-01 4.336559140441613724e-01
3.150872683700221000e-01 6.596987639850716567e-01 1.414706464080580095e-01 7.995611975257115311e-01 4.174185741792263427e-01
3.263860952960839779e-01 6.595592961794921605e-01 1.752178110876622952e-01 7.863763693955925227e-01 4.001174232444370538e-01
3.337772636756597411e-01 6.554595069518978079e-01 2.030119866999543221e-01 7.672678172330683610e-01 3.857839459916908020e-01
3.446706508904483490e-01 6.601544819260528607e-01 2.330278733950957026e-01 7.460633498509701145e-01 3.780146913698215760e-01
3.593286387581054453e-01 6.799876519426544252e-01 2.709436014608482268e-01 7.396069470417079295e-01 3.651378318216710883e-01
3.775448322071813245e-01 6.927490336029727969e-01 3.046640695100181206e-01 7.290026493938097651e-01 3.433719205097240379e-01
3.907968859146978002e-01 6.981826087551800120e-01 3.263818351753910996e-01 7.162304067320158785e-01 3.255507480880399096e-01
4.119491795760288344e-01 7.038690926861181918e-01 3.536580886031663318e-01 6.942461578053735760e-01 3.074754113026057500e-01
4.375869857096009730e-01 7.094180924565343105e-01 3.771662310223437009e-01 6.774517825513028946e-01 3.030623501388287067e-01
4.680314053524893270e-01 7.043102012394559797e-01 4.022043457407392664e-01 6.682849308170061287e-01 2.906086296965137983e-01
4.934534451509348107e-01 6.891512081184328897e-01 4.268934847210334449e-01 6.660645171250909602e-01 2.757780603711844081e-01
5.102659689028136158e-01 6.651038926745245217e-01 4.512209417118868138e-01 6.578501071021123359e-01 2.685205174478726975e-01
4.978407349782271174e-01 6.334717846947641728e-01 4.630265626044653970e-01 6.344483228598366553e-01 2.626258175032814002e-01
4.864524589713597469e-01 6.044358329234627014e-01 4.771765757477556269e-01 6.100116197089189285e-01 2.655017002026066053e-01
5.071610668247683584e-01 5.883159534203754593e-01 4.981725597004927342e-01 5.916327355052343195e-01 2.809758414426558604e-01
5.255839656838364737e-01 5.788097200838211442e-01 5.207232551591152170e-01 5.663541490793664313e-01 3.125595727542549995e-01
5.196398652382270278e-01 5.818773418763851790e-01 5.262989892774450063e-01 5.502358659308855815e-01 3.434440339646128160e-01
4.974114684420100074e-01 5.834374385554453868e-01 5.134738004226127028e-01 5.405173846033238805e-01 3.767453305433818844e-01
4.844576607744335295e-01 5.694947368823968237e-01 4.995844071540028186e-01 5.303252965975254751e-01 4.091404879748057333e-01
4.866386278015734645e-01 5.464081863910696946e-01 4.969476417816017233e-01 5.190971034506826065e-01 4.383922091883627470e-01
5.023777753894833609e-01 5.206852892259464793e-01 5.046512130279124930e-01 5.105866120094630922e-01 4.628432196203295934e-01
5.252646831875295019e-01 5.027529791993600172e-01 5.165207170321565178e-01 5.101192148864502895e-01 4.811629889038928076e-01
5.483590022817071974e-01 4.833786056177902246e-01 5.341982934301451325e-01 4.990747912363063810e-01 5.047882025974820275e-01
5.648469007147609577e-01 4.632021607366504923e-01 5.469121346788062832e-01 4.753600696294068562e-01 5.223794325337086653e-01
5.815789536557085526e-01 4.388448133810678442e-01 5.535012956930425165e-01 4.530326581315183843e-01 5.370377234661025678e-01
6.082467023312497778e-01 4.040930081972509136e-01 5.527229433510763013e-01 4.389050086181094379e-01 5.486973486369105535e-01
6.394706439523742958e-01 3.799434061632625537e-01 5.488709051829029351e-01 4.405518701353983713e-01 5.541095536591569282e-01
6.666869269894699634e-01 3.628385651384145594e-01 5.446406828789280841e-01 4.500941622248688656e-01 5.697711559558319427e-01
6.773919208199115083e-01 3.436908127652117950e-01 5.569335332788140080e-01 4.467062467587308849e-01 6.097301672590256238e-01
7.059972603096148491e-01 3.198173091254271072e-01 5.644429611647361344e-01 4.462822348458103661e-01 6.245213167198263582e-01
7.086671453982461566e-01 2.887365534508260501e-01 5.609820034387877907e-01 4.436280194625236706e-01 6.494884249748265059e-01
6.844534815875927825e-01 2.689061683218093024e-01 5.411187567873732007e-01 4.424142449318344550e-01 6.637663544015967032e-01
7.008234907090103993e-01 2.454543695615750420e-01 5.426697954264643187e-01 4.104022322828415614e-01 6.760134073220662732e-01
7.274098947602782861e-01 2.307791475156553418e-01 5.524007671017793220e-01 3.868876731281596926e-01 6.792768112905656075e-01
7.477536691338313446e-01 2.102701096498520439e-01 5.491841050598470497e-01 3.582119735227624613e-01 6.767721969375799507e-01
7.651237415203482328e-01 1.887630152866325572e-01 5.353970874089888365e-01 3.209175866152206846e-01 6.686063321946631444e-01
7.850861446531568477e-01 1.784683543092611679e-01 5.239373982820186848e-01 2.845410617030455502e-01 6.587095804360971751e-01
8.006687760353088379e-01 1.709942370653152466e-01 5.156961083412170410e-01 2.585555016994476318e-01 6.511546969413757324e-01
