2.099598497152328491e-01 7.175976037979125977e-01 1.506956070661544800e-01 7.852171063423156738e-01 4.764776825904846191e-01
2.157689762608554773e-01 6.855965967669371830e-01 1.312468047239441771e-01 8.007749768374933241e-01 4.463445142079573991e-01
2.403847448256815345e-01 6.868717163571071982e-01 1.439303768818816220e-01 7.893753691829010766e-01 4.001252516739263188e-01
2.688308003359750620e-01 6.882852275742159520e-01 1.738682371430130269e-01 7.647749756564256041e-01 3.744125811825029793e-01
2.985537624963333081e-01 6.884326739158126429e-01 2.073520141228573921e-01 7.374833787299847065e-01 3.524121037471703022e-01
3.246256997437120262e-01 6.858845017857401194e-01 2.291460755688259354e-01 7.159039649966210117e-01 3.383380490059339496e-01
3.682970654927038012e-01 6.799781844279759735e-01 2.474939318091841089e-01 6.873492301862563769e-01 3.161775072657946328e-01
3.997210620393329417e-01 6.685575946563873106e-01 2.694978145058752328e-01 6.627620562509379809e-01 2.899792143569972502e-01
4.140707048753674013e-01 6.576017334435296791e-01 3.002325184620831533e-01 6.467383684308808389e-01 2.678425213007729067e-01
4.307632728888679541e-01 6.536801712781488138e-01 3.456991965762188923e-01 6.352888826052109916e-01 2.504015971798492779e-01
4.520317138460145934e-01 6.564548958650399113e-01 3.900804985154012750e-01 6.279159339180165889e-01 2.459833939142774817e-01
4.700675823596747738e-01 6.589719635540784992e-01 4.284126503307268963e-01 6.226007458237620140e-01 2.532286541865453877e-01
4.837611012739336802e-01 6.481319884825263999e-01 4.705506559593159999e-01 6.113071695050330545e-01 2.710460527081302029e-01
4.857734781311250916e-01 6.177727268705656138e-01 4.974258480199640342e-01 5.935763010918692073e-01 2.859260271341720339e-01
4.723329829529084867e-01 5.823515276468550494e-01 5.131624238173340125e-01 5.752837550436843417e-01 3.059886450574352823e-01
4.499180662961838606e-01 5.564391429552828505e-01 5.183739461515814995e-01 5.530239022844339880e-01 3.398609379775915373e-01
4.440111801030459104e-01 5.380991688059399980e-01 5.091354476919689453e-01 5.256985085878241870e-01 3.790318904350505891e-01
4.606440501202394011e-01 5.232345359577195154e-01 4.963747020794379017e-01 5.041755050244850489e-01 4.076921242635829779e-01
4.989926051083236613e-01 5.159796033062180598e-01 4.937807534021086964e-01 4.755438811702762947e-01 4.120999343804483406e-01
5.412206411656727001e-01 5.062364675086472587e-01 5.133084567501529083e-01 4.516838908635438243e-01 4.040782599062231473e-01
5.794636809474784656e-01 4.841454248312314079e-01 5.295207430439226037e-01 4.507086071970041741e-01 4.185141121939180975e-01
6.261655958342906558e-01 4.667342688817204266e-01 5.523630447826788359e-01 4.417237002650177824e-01 4.308977416605946908e-01
6.583390986827214464e-01 4.431037630800827021e-01 5.649457440381366879e-01 4.402123380132975106e-01 4.494630113957805984e-01
6.714300061777145334e-01 4.125347367492052109e-01 5.699944027954941816e-01 4.384597005203558218e-01 4.811492820892495081e-01
6.549188833592125558e-01 3.792031468135601546e-01 5.615577451586891700e-01 4.317395234465180587e-01 5.119314555896680163e-01
6.249954299001250213e-01 3.464665108127287785e-01 5.496441706716094222e-01 4.182616556902229443e-01 5.282620564049644862e-01
6.426490252246654933e-01 3.331114099854294852e-01 5.656839537147487773e-01 4.253821209745129450e-01 5.596667562142589869e-01
6.711822545989015731e-01 3.259257283398547256e-01 5.863422631472129387e-01 4.368040005315734220e-01 5.953531193397927357e-01
6.954684204693768468e-01 3.097076250228001371e-01 6.037581535947957878e-01 4.474964055053352041e-01 6.442439003208814130e-01
7.029923073525253807e-01 2.886863349932149991e-01 6.023806256432195916e-01 4.590244948982994955e-01 6.926083270271176096e-01
6.978668960680660671e-01 2.657637408445543414e-01 5.820295272050867164e-01 4.628534024227037857e-01 7.266892012516850130e-01
7.087848010514271602e-01 2.296679234490275057e-01 5.548492393649887555e-01 4.441415166666703440e-01 7.518062651613593994e-01
7.427862903475510592e-01 2.084144024343651258e-01 5.379700718450185493e-01 4.176406512212346156e-01 7.354740919977083013e-01
7.542084854671664562e-01 1.971894225867238948e-01 5.291666771538565683e-01 3.788719090276508328e-01 7.053693325612192533e-01
7.684042654047704701e-01 1.870306376303342288e-01 5.240279646406269531e-01 3.344224682408614702e-01 6.816144176442463509e-01
7.878214414422515244e-01 1.773797361694636754e-01 5.190137518934633265e-01 2.887648024038346195e-01 6.632833861988060020e-01
8.006687760353088379e-01 1.709942370653152466e-01 5.156961083412170410e-01 2.585555016994476318e-01 6.511546969413757324e-01
