2.099598497152328491e-01 7.175976037979125977e-01 1.506956070661544800e-01 7.852171063423156738e-01 4.764776825904846191e-01
2.095699176145706388e-01 7.028053012165690339e-01 1.506526139062668856e-01 8.210793259174247183e-01 4.829839867457508817e-01
2.378764704610269731e-01 6.782573133318042791e-01 1.588344901468057568e-01 8.479872153413378078e-01 4.944619029393763077e-01
2.365158827825754873e-01 6.429513518222376156e-01 1.575168513051357355e-01 8.699592309941156509e-01 4.845638441602357349e-01
2.037813379384190160e-01 6.268957681030961071e-01 1.467064667414461621e-01 8.827664506854921989e-01 4.652044267193494731e-01
1.688303264460041808e-01 6.366113249616671688e-01 1.317236653580555750e-01 8.590361586862691468e-01 4.358794578356497418e-01
1.846630454358698104e-01 6.507316082981919880e-01 1.332211757694592991e-01 8.314093174216832249e-01 4.019547751772656330e-01
2.286608503655639946e-01 6.590509924821281729e-01 1.435749909306718031e-01 8.221252707636672596e-01 3.892958046804814165e-01
2.699541580290427678e-01 6.609409024239832897e-01 1.551787980519908627e-01 8.127528280780663694e-01 3.845702499738583580e-01
2.973353815022539148e-01 6.558845314852993491e-01 1.681457599614005483e-01 7.997138310716035425e-01 3.786189284037591030e-01
3.230069696367619536e-01 6.416480930680883432e-01 1.884572228088534085e-01 7.737081366908618030e-01 3.656468000401063567e-01
3.397346337547033079e-01 6.314168395956676338e-01 2.155965418594995298e-01 7.438796511164633696e-01 3.465556723040036924e-01
3.559478140209118013e-01 6.239344222178652144e-01 2.472923760594427645e-01 7.111570151484614133e-01 3.230543891862276418e-01
3.724971147094532364e-01 6.173414775929665366e-01 2.743833933642441658e-01 6.838441137912145695e-01 3.037713537433955335e-01
3.924912898839677533e-01 6.103289707804500086e-01 3.056519143706348807e-01 6.560312617672683366e-01 2.865684157429234102e-01
4.069983980014875713e-01 6.047363304653743388e-01 3.320425196080421526e-01 6.339464743628279164e-01 2.768819007246078878e-01
4.143428461983437727e-01 5.948917911477409337e-01 3.621291466301259643e-01 5.996104040412892910e-01 2.759236241379177113e-01
4.076345642746190268e-01 5.831680818222131357e-01 3.780343469385988309e-01 5.619480648241225174e-01 2.867440257876271437e-01
3.974994056774932560e-01 5.700139592833284308e-01 3.826901781128537183e-01 5.267617517813586447e-01 3.046949120570246472e-01
3.930959346760759532e-01 5.556118124129860725e-01 3.852382533641863227e-01 5.004924002437289854e-01 3.239845247423393526e-01
3.960281716019842246e-01 5.313636379384715225e-01 3.922815214379637427e-01 4.815353938709697745e-01 3.536668232653181754e-01
4.044413823858347135e-01 5.076216753152228423e-01 4.024040725802989771e-01 4.773577344939219924e-01 3.818702554620644340e-01
4.259009529168871766e-01 4.836447540663876832e-01 4.220320963104483014e-01 4.782892163397289842e-01 4.071378259119142196e-01
4.577863723119250938e-01 4.656979490941571820e-01 4.540665677645876475e-01 4.740979351691267940e-01 4.222000844856798607e-01
4.854421481434698649e-01 4.535829634349313744e-01 4.885546621426826164e-01 4.672392177957304660e-01 4.348243117300807370e-01
5.086939360315622105e-01 4.443081726345626259e-01 5.201863052130264453e-01 4.626193200285131368e-01 4.503487888005498485e-01
5.379397584268222898e-01 4.354139378867870058e-01 5.516166975331399103e-01 4.622817145503471115e-01 4.730508670442217234e-01
5.675708336439246882e-01 4.283689792795076778e-01 5.736062756927770012e-01 4.640762283320423731e-01 4.952087255670149513e-01
6.010280315114963079e-01 4.197371492924180103e-01 5.923595585857781565e-01 4.643875972347770720e-01 5.231547488925126776e-01
6.285831131138504002e-01 4.064230862490146312e-01 6.067218528549267464e-01 4.632366421619784624e-01 5.602793702267137022e-01
6.425753050274557454e-01 3.896991372088691730e-01 6.112660413882441413e-01 4.631843441970071029e-01 5.973226767380697133e-01
6.467457657732403886e-01 3.696736037766722438e-01 6.060090157216132534e-01 4.631449974122514024e-01 6.313032323999260287e-01
6.422284641639112168e-01 3.456543934446276722e-01 5.926113322000088335e-01 4.597011223010175063e-01 6.627025079426847043e-01
6.236168627888557525e-01 3.165837450499336958e-01 5.704420814127544315e-01 4.527670545606651831e-01 6.923528445680511290e-01
6.002165207465074426e-01 2.921250234038951787e-01 5.473181730697048719e-01 4.478045721816255598e-01 7.103191635977208485e-01
5.774794270506633520e-01 2.693050475941098920e-01 5.222782101506744379e-01 4.435556224507815060e-01 7.201289985177039554e-01
5.583279164472103595e-01 2.427364937860615468e-01 4.920698909152176337e-01 4.356764528751148058e-01 7.242270700098606406e-01
5.630538771283998267e-01 2.085735391419746565e-01 4.773196289239223233e-01 4.167067638999993329e-01 7.140911899858194412e-01
5.889220479045544909e-01 1.857998274695731589e-01 4.749251611081718449e-01 3.946036598068297652e-01 7.192208789641076905e-01
6.176905074118262950e-01 1.718277458233199440e-01 4.732531691920121575e-01 3.658790500253028544e-01 7.254902969183411043e-01
6.564002328222937610e-01 1.654116202847309702e-01 4.797622126913883012e-01 3.389342551734034203e-01 7.173495471580647598e-01
6.939355907697035697e-01 1.652244527345680392e-01 4.884975307904915742e-01 3.169402580778175604e-01 7.021082697721212629e-01
7.300542201694731892e-01 1.668472554241763051e-01 4.975845561586118015e-01 2.969713770070785408e-01 6.852616764451252562e-01
7.700176515801631094e-01 1.691941951192878768e-01 5.078345667639299066e-01 2.752303936319637767e-01 6.659592464365153841e-01
8.006687760353088379e-01 1.709942370653152466e-01 5.156961083412170410e-01 2.585555016994476318e-01 6.511546969413757324e-01
