2.099598497152328491e-01 7.175976037979125977e-01 1.506956070661544800e-01 7.852171063423156738e-01 4.764776825904846191e-01
2.347805593406655511e-01 7.164926905458507411e-01 1.349527679690772641e-01 8.131934245604767186e-01 4.970628028660695752e-01
2.757086229879165407e-01 7.098171009941449672e-01 1.388423428180575459e-01 8.152297136622546070e-01 4.720978420440823942e-01
3.176499970784758542e-01 7.025910365887301223e-01 1.601565410379977850e-01 8.068404853427829648e-01 4.579594381111060653e-01
3.538967157205915037e-01 6.953554797250206532e-01 1.714044538490478720e-01 8.029025927894708481e-01 4.461584057174348139e-01
3.860169695321023497e-01 6.836110904861865123e-01 1.861741220268782748e-01 7.866204761260753298e-01 4.273723702365418986e-01
3.994397381162121397e-01 6.731611858971533469e-01 2.081003998878701300e-01 7.527916863426179495e-01 4.016404071907880846e-01
4.059419362961759759e-01 6.787541697220633719e-01 2.333187088620812810e-01 7.306814697797827662e-01 3.797860454717940093e-01
4.108550935660372772e-01 6.900206145168864547e-01 2.648517576541702390e-01 7.090047953153501004e-01 3.534362826978104111e-01
4.144712366926194824e-01 6.966285696129050908e-01 2.999029703267219737e-01 6.891792932350019329e-01 3.253281217120926883e-01
4.114110004990238489e-01 6.924675782193090434e-01 3.015989198938509031e-01 6.790187370319576976e-01 2.789978600122438035e-01
4.225329281441725926e-01 6.865065075388332438e-01 3.181524488340098933e-01 6.686585513962403082e-01 2.476575378630961888e-01
4.518263626157604795e-01 6.879271780875469977e-01 3.612127158667193250e-01 6.671307814556900473e-01 2.416700958116220210e-01
4.814179767808713928e-01 6.799850799142159730e-01 4.030563768074733044e-01 6.594315720811937398e-01 2.355504123429442709e-01
4.878835292786569688e-01 6.567535191986898502e-01 4.346156965795981986e-01 6.316536672220682824e-01 2.295333409282615811e-01
4.767771627163513992e-01 6.291285144692346787e-01 4.553714421255671274e-01 6.009231734773495814e-01 2.311318704431628013e-01
4.635430776201732161e-01 5.984153524132898028e-01 4.673129604810049020e-01 5.686780306368395266e-01 2.467165250864769843e-01
4.610522572344931125e-01 5.731421639190698025e-01 4.698582476580529521e-01 5.423746933833001327e-01 2.685286316837222076e-01
4.668175817274656247e-01 5.411934709998840187e-01 4.750041485398293073e-01 5.090688142009562878e-01 2.996861650814808820e-01
4.787988542319064900e-01 5.181887950078865046e-01 4.868595789746396063e-01 4.809385859044091882e-01 3.284287237638164880e-01
4.931698539890140287e-01 5.045610754326719238e-01 5.038666567765498483e-01 4.554194786990103938e-01 3.607628346483429671e-01
5.083498202307941138e-01 4.919117269189267616e-01 5.174903577021134904e-01 4.363721023992643278e-01 3.972892519569155567e-01
5.319787312884928232e-01 4.716554060618429745e-01 5.254159466606751483e-01 4.260841383562927742e-01 4.284324572791018970e-01
5.716347259865661723e-01 4.569915848146756110e-01 5.384129290862271766e-01 4.190067369995792990e-01 4.511446838658655367e-01
6.189216692096838335e-01 4.518487900727101159e-01 5.507790480587292370e-01 4.157827943944173432e-01 4.629119466449957976e-01
6.578148469793566600e-01 4.377075166092350145e-01 5.625927299650086422e-01 4.322724114923964245e-01 4.803649531346682600e-01
6.686423187725584194e-01 4.110682528036171401e-01 5.687404014130018615e-01 4.470258220798677407e-01 5.105501444962646795e-01
6.781857051794184521e-01 3.811711948228939106e-01 5.767768378835774756e-01 4.513690303126797754e-01 5.555451034808932542e-01
6.946135853572322771e-01 3.640639728314513657e-01 5.827696707156984068e-01 4.475267608557813026e-01 5.913378042339664242e-01
7.050630344666002358e-01 3.499765555924793659e-01 5.830332573432729371e-01 4.488358363898402037e-01 6.275441827326114774e-01
7.038135128546132435e-01 3.300710289131852382e-01 5.749295561487947070e-01 4.515466006513191854e-01 6.722506735808534417e-01
6.985248541770274766e-01 2.982844980878225916e-01 5.611047660184408370e-01 4.477758012451709679e-01 7.036878058980048367e-01
7.002566596999361126e-01 2.505696155179372164e-01 5.493288671868454820e-01 4.434902899055424008e-01 7.146268516969360718e-01
7.258798998744586672e-01 2.141328622105689861e-01 5.454593268693355146e-01 4.194270051746034622e-01 7.103960043090483678e-01
7.171651379379205826e-01 1.974436629767237494e-01 5.284088390364214405e-01 3.776504666595764670e-01 7.098808837665265825e-01
7.380261070973805904e-01 1.854197644355225216e-01 5.238439538563346431e-01 3.329042675885590663e-01 6.978257993491482347e-01
7.741015931326631350e-01 1.769528600407035968e-01 5.191786667302515923e-01 2.899217214471762616e-01 6.710822391909174733e-01
8.006687760353088379e-01 1.709942370653152466e-01 5.156961083412170410e-01 2.585555016994476318e-01 6.511546969413757324e-01
