2.099598497152328491e-01 7.175976037979125977e-01 1.506956070661544800e-01 7.852171063423156738e-01 4.764776825904846191e-01
2.224499430303782110e-01 7.014976841092209758e-01 1.446827399575277562e-01 8.163699385880927029e-01 4.764674053505795759e-01
2.413673795602964967e-01 6.738467104256192775e-01 1.580938361330767872e-01 8.428490933307792865e-01 4.723956310266629322e-01
2.476034294545607362e-01 6.510192816489007717e-01 1.399892400041827245e-01 8.334550379849275936e-01 4.445433842690190707e-01
2.443782044264296016e-01 6.544817450368497491e-01 1.196387614237662406e-01 8.105466675090241546e-01 4.164338217336801540e-01
2.689829159745489306e-01 6.610542700910976288e-01 1.234616881741294747e-01 7.991742976212378169e-01 3.951474523513334725e-01
2.963669068855115940e-01 6.587579565128987014e-01 1.425136189616068583e-01 7.914145143412600891e-01 3.701610897214889229e-01
3.169696909237338378e-01 6.499021665033812845e-01 1.648670711642391540e-01 7.731829123527255154e-01 3.489601470920322690e-01
3.375932409615108876e-01 6.386923379846873861e-01 1.920755634048441352e-01 7.481843257932496716e-01 3.383292067273162007e-01
3.542116214720593681e-01 6.291432808181183223e-01 2.240513872808131968e-01 7.316418495095998731e-01 3.355429439780939216e-01
3.680003540655174543e-01 6.222087206765709588e-01 2.648080300884962379e-01 7.153784166656766974e-01 3.352625512732942958e-01
3.774577520964096378e-01 6.192174744680438714e-01 2.928581534543145404e-01 7.004012104127680383e-01 3.327668151434145516e-01
3.930830232573757632e-01 6.158925642172144999e-01 3.228331589263759849e-01 6.751165611579365011e-01 3.231928311876582915e-01
4.140514643367572689e-01 6.136720793204378799e-01 3.466976854212978632e-01 6.399919634403902213e-01 3.044071157246910353e-01
4.311701178191730821e-01 6.112821053727554022e-01 3.623663028071740233e-01 6.056331859858032907e-01 2.875810325430073755e-01
4.407584797080523198e-01 6.037676395943706309e-01 3.821554095095297532e-01 5.687946795439714487e-01 2.829971048242584941e-01
4.390115568426423143e-01 5.931573355072509157e-01 4.002633761164454684e-01 5.353873715419891210e-01 2.916577115412783971e-01
4.298680298284813794e-01 5.806886401735923409e-01 4.124708645203303825e-01 4.991338298638852700e-01 3.053527142766699343e-01
4.174977544451283773e-01 5.616363411778665382e-01 4.180054587820818401e-01 4.718972956997661283e-01 3.284463629130892626e-01
4.084903163589437836e-01 5.375120470719381149e-01 4.151947281446256577e-01 4.694282484635688979e-01 3.556012236023853856e-01
4.148424598731345059e-01 5.108317490578584419e-01 4.160473912103183625e-01 4.849707026291950052e-01 3.829398616788420306e-01
4.408127701582871816e-01 4.913629330134440254e-01 4.254047143634138162e-01 4.975271815612442583e-01 4.033225016965064635e-01
4.726420100045061745e-01 4.791786775267450893e-01 4.414259614547461075e-01 5.005622473120144855e-01 4.086504957367537161e-01
5.043793493058658095e-01 4.742514026645225367e-01 4.678849784717993843e-01 4.949168059760923888e-01 4.113073789179988449e-01
5.317059060653301916e-01 4.711031303054402652e-01 5.081350922359669786e-01 4.820211629796132824e-01 4.186618612559853680e-01
5.518576910450200268e-01 4.643698948306361762e-01 5.438361383505125879e-01 4.707241883889115575e-01 4.326965038599635549e-01
5.707225824581361184e-01 4.542832132919514820e-01 5.679443750947070768e-01 4.643886575299951414e-01 4.543064165207899574e-01
5.902659639549920900e-01 4.425190845933644201e-01 5.794781311898200560e-01 4.629874818777349743e-01 4.821959594097068869e-01
6.034796496798716658e-01 4.283074904537346739e-01 5.794479727711562278e-01 4.623055277303567689e-01 5.114972892788522962e-01
6.003544713840689440e-01 4.062415375110398630e-01 5.686075061137429998e-01 4.591448366996769836e-01 5.437542925773440894e-01
6.132132112289265802e-01 3.934051097127779228e-01 5.723132080521654563e-01 4.633845339335222469e-01 5.750766606647802481e-01
6.346599457416702839e-01 3.781200859373964884e-01 5.868356484000797346e-01 4.677525272121229039e-01 6.094342493283302353e-01
6.386869424494282521e-01 3.474059211300912775e-01 5.771496847272393760e-01 4.625214147565117062e-01 6.357658623566035949e-01
6.286112963376112583e-01 3.208170116709455066e-01 5.582727860180969337e-01 4.544067185784201324e-01 6.562828242603842011e-01
6.201534562535616635e-01 2.961006223429932804e-01 5.533864452987827809e-01 4.460805656082716397e-01 6.809447519644871161e-01
6.031285336841176736e-01 2.706895898318889548e-01 5.426180648175262800e-01 4.341614395304380647e-01 7.039526876057374816e-01
5.874125540747580088e-01 2.521535972352353383e-01 5.253883775083646457e-01 4.234821547129180019e-01 7.174806629148837711e-01
5.835299417807268130e-01 2.211969002526571471e-01 5.031445092629112104e-01 4.081341774025166180e-01 7.280665549978160289e-01
6.073813811394284112e-01 1.963648203721403696e-01 5.106877077100623330e-01 3.909231098246419012e-01 7.079725751103183029e-01
6.409709838082641165e-01 1.898937677611640396e-01 5.210699204046884692e-01 3.761337410870716491e-01 6.851459225071707682e-01
6.785152583953137917e-01 1.862388596961820075e-01 5.161552784238718772e-01 3.647635488921633917e-01 6.812386467406827961e-01
7.150386233219230281e-01 1.816467258438762000e-01 5.049726293769092322e-01 3.401400360281705559e-01 6.753100318935241209e-01
7.456689915353273967e-01 1.784735017293865023e-01 5.047100039042788922e-01 3.083479265256935387e-01 6.636844997749085096e-01
7.773678105991095322e-01 1.741627866821872372e-01 5.110423149923408737e-01 2.796506782178496686e-01 6.564634045807334894e-01
8.006687760353088379e-01 1.709942370653152466e-01 5.156961083412170410e-01 2.585555016994476318e-01 6.511546969413757324e-01
