2.099598497152328491e-01 7.175976037979125977e-01 1.506956070661544800e-01 7.852171063423156738e-01 4.764776825904846191e-01
2.053870788315796392e-01 7.036310302052264376e-01 1.245527479782693181e-01 8.002739650603014621e-01 4.590244496853091993e-01
2.259640750613164106e-01 6.812497250332975041e-01 1.056612537152583631e-01 8.137475838262258065e-01 4.405461849734838009e-01
2.564177431809939178e-01 6.576871175083147669e-01 1.026518292892880657e-01 8.075966039510283911e-01 4.216479578594411470e-01
2.913790542410213957e-01 6.544031446516559436e-01 1.215705742445039594e-01 7.946971121351746881e-01 4.078087086827182906e-01
3.168526549263988024e-01 6.636233779454261406e-01 1.444794462913452093e-01 7.848048798163512751e-01 3.902822521681453272e-01
3.315685321061723201e-01 6.655401149588718868e-01 1.622675696598211981e-01 7.800102712680579975e-01 3.579234015755855536e-01
3.468949315330374650e-01 6.609093120560658452e-01 1.792687480401665145e-01 7.818334383066243287e-01 3.279944191605038140e-01
3.723547132131431181e-01 6.617078378270947470e-01 2.106515754307036747e-01 7.695311804442249715e-01 3.191489761974252160e-01
3.866008464506391351e-01 6.597976318574437782e-01 2.455089249174307042e-01 7.466244328615774251e-01 3.160943133347089984e-01
3.934811263368597767e-01 6.557178096802978029e-01 2.790882900245568177e-01 7.217116837601106338e-01 3.124087491537704264e-01
3.982320572118933089e-01 6.516531577043401802e-01 3.154846839508217426e-01 6.938633813597696598e-01 3.087029512619338667e-01
4.044473658172969555e-01 6.497855108377386113e-01 3.520795971763912569e-01 6.662670263627907818e-01 3.059835810473881534e-01
4.119243904343676266e-01 6.494069366843925328e-01 3.776585366398841348e-01 6.474998294430318602e-01 3.042069559333461792e-01
4.340592506436415365e-01 6.443375116678919934e-01 4.057749795802791382e-01 6.235213513453792267e-01 2.900756595515182057e-01
4.683683906034024624e-01 6.425470902685972430e-01 4.335561793405727782e-01 6.181526239598891248e-01 2.933410130847444175e-01
5.052108512604622792e-01 6.477413722912882532e-01 4.624142851802339749e-01 6.279052127512472214e-01 3.057354775416950554e-01
5.319196875887800546e-01 6.465586528790393528e-01 4.823736913619657840e-01 6.067234869840782974e-01 3.144738000370844166e-01
5.547330357676459878e-01 6.413703936946566486e-01 4.943915153478012914e-01 5.775243278758549481e-01 3.337703058153299596e-01
5.735660973799778795e-01 6.276863175195588340e-01 4.957526387678570789e-01 5.536164136807567582e-01 3.714859494853384181e-01
5.657797171921875590e-01 6.073950631570764758e-01 4.882847266382766005e-01 5.474151266494199364e-01 4.027166332071914767e-01
5.406938890282698695e-01 5.839594951393746181e-01 4.785731089049291009e-01 5.423860971316548651e-01 4.266288529985885480e-01
5.169219119563127629e-01 5.672594648922809624e-01 4.762681761452356999e-01 5.348349767712849978e-01 4.363265961534546489e-01
4.892187566287976019e-01 5.471194922561672946e-01 4.860587709832594472e-01 5.174217496533337624e-01 4.365989898036959915e-01
4.823333047140684338e-01 5.236109763807890172e-01 5.075213298422851516e-01 4.907095674162255672e-01 4.349928736207056557e-01
4.967054710612149870e-01 5.033185167955132044e-01 5.191538978093972467e-01 4.770501596179577142e-01 4.459571251720954033e-01
5.163869804734591007e-01 4.783520408615384856e-01 5.148955320565260507e-01 4.808668967863266031e-01 4.715799536183402085e-01
5.345117629144932048e-01 4.543121546070010841e-01 5.178729787643845395e-01 4.647872511631083725e-01 4.940498507829784169e-01
5.367095650653135319e-01 4.293280635297426207e-01 5.235576423725141204e-01 4.305560860751949104e-01 5.042358905168091709e-01
5.477184282351480471e-01 3.943575360797196838e-01 5.231958386110973080e-01 4.097173864949097966e-01 5.144609195489936448e-01
5.737844372661181636e-01 3.707471646046339164e-01 5.262965482314051480e-01 4.105957412829852049e-01 5.302620037205669767e-01
5.940325543487237070e-01 3.498571641585768166e-01 5.293806145846463584e-01 4.236001686265727928e-01 5.551307832441347845e-01
6.005778991840329262e-01 3.224300851339882423e-01 5.286045863749359031e-01 4.375662613431928749e-01 5.909270260688277432e-01
5.915972774280019442e-01 3.068779599633107424e-01 5.314226686579911485e-01 4.399729078490609568e-01 6.212354744686066077e-01
5.930218668164800588e-01 2.927326340506851143e-01 5.373522624667202985e-01 4.460593130890537217e-01 6.627975268258502473e-01
6.072225303243983241e-01 2.792629450089577636e-01 5.428582570500909421e-01 4.510672532133822021e-01 6.954224728211162443e-01
6.415991152015363408e-01 2.642407954355039390e-01 5.478543009769600847e-01 4.510086139712231601e-01 7.125779334656505704e-01
6.810074067107483309e-01 2.501119254092393218e-01 5.490027815529585631e-01 4.395474900852214262e-01 7.078007818781919536e-01
6.971610223968552900e-01 2.428575853256716710e-01 5.384689414435935850e-01 4.102206280762824009e-01 6.808942436794569453e-01
7.141882713589927656e-01 2.308609220874751067e-01 5.371887911562647222e-01 3.757441743601034889e-01 6.627730746281812468e-01
7.422044670695416846e-01 2.168340328923746840e-01 5.367128829381179189e-01 3.509343818744391497e-01 6.531401277293823471e-01
7.684221411332162743e-01 1.995195805389060328e-01 5.309075519351090788e-01 3.181517995938267784e-01 6.473907713481363846e-01
7.865057323238545672e-01 1.834583768728703657e-01 5.222529995188954777e-01 2.850944780341421181e-01 6.481385390598507490e-01
8.006687760353088379e-01 1.709942370653152466e-01 5.156961083412170410e-01 2.585555016994476318e-01 6.511546969413757324e-01
