2.099598497152328491e-01 7.175976037979125977e-01 1.506956070661544800e-01 7.852171063423156738e-01 4.764776825904846191e-01
1.907506111638214152e-01 6.875366622971937902e-01 1.361479258232174971e-01 7.843791668573034670e-01 4.623885348989399402e-01
2.096495886710397494e-01 6.804435899487693007e-01 1.247960975029922398e-01 8.115707001741230275e-01 4.517973979412742702e-01
2.428503717042950205e-01 6.832116554480621717e-01 1.153713672613665281e-01 8.396194515951285187e-01 4.470892774382463353e-01
2.792946451500873950e-01 6.788765717586747739e-01 1.214222523681348920e-01 8.536721537632265822e-01 4.289554728526268068e-01
2.987259055181845646e-01 6.670099191411992257e-01 1.512964387847689496e-01 8.625116317403899169e-01 4.054775632316812706e-01
3.148735823853067162e-01 6.561667344128443435e-01 1.703223087671794089e-01 8.528346831770491354e-01 3.817862385967595307e-01
3.347106095044701246e-01 6.451452610151282574e-01 1.860980281264376091e-01 8.302033016541134902e-01 3.531441967024882556e-01
3.604166107421983289e-01 6.393824412977435756e-01 1.983874185019992020e-01 8.078990965994378159e-01 3.301884933332703276e-01
3.965319712563928900e-01 6.351620551457266561e-01 2.194060276268877674e-01 7.922929615833376182e-01 3.214812947689767997e-01
4.251769450066554823e-01 6.312018248920429064e-01 2.486049179798726638e-01 7.800373715258929197e-01 3.354723350532460291e-01
4.429239933195738277e-01 6.242870053519966600e-01 2.814400750517231931e-01 7.729040423170936425e-01 3.486775191658084694e-01
4.514659263275838663e-01 6.196624629939120332e-01 3.196057957090818191e-01 7.619545644934659911e-01 3.457239834937180789e-01
4.483138555367065514e-01 6.255804463814471639e-01 3.460980355158125854e-01 7.405718399427961840e-01 3.326317802579252803e-01
4.374794275722290182e-01 6.328799462883429872e-01 3.568434917439347598e-01 6.970855232592928497e-01 3.164674063658026171e-01
4.314905940041484644e-01 6.279537866256929002e-01 3.533559564450527990e-01 6.542106539600454074e-01 3.095292491186823480e-01
4.379797519066747635e-01 6.172381011779566329e-01 3.552759896493614122e-01 6.112820314763039997e-01 3.080968042414412578e-01
4.559134229928429316e-01 6.138796341507702925e-01 3.767680395908934443e-01 5.827889903325010890e-01 3.072178143716765009e-01
4.769700272523548223e-01 6.191519310161860412e-01 4.099121470120110633e-01 5.679230945875836101e-01 3.077698465065335509e-01
5.007113551341401125e-01 6.261738920802993880e-01 4.429798522350658074e-01 5.555378436947867593e-01 3.151961566752879418e-01
5.274890558903487792e-01 6.293207451220538262e-01 4.636763691587771907e-01 5.584475299618750777e-01 3.488427645620654216e-01
5.405769067311063658e-01 6.150495308550754103e-01 4.722387669711487490e-01 5.441288093236766876e-01 3.800085038853043273e-01
5.476574715102388025e-01 5.962986816469291185e-01 4.847957387131348050e-01 5.197263939764498186e-01 4.082993726210852881e-01
5.467427312526083050e-01 5.756456264638989406e-01 5.035105704746142274e-01 4.976498248959017601e-01 4.388306602020634051e-01
5.454932025190056821e-01 5.513900593250306015e-01 5.189222335449404921e-01 4.821958644159949348e-01 4.681429211335090823e-01
5.419838621956596381e-01 5.235892648679856265e-01 5.267247178437657329e-01 4.653073633611085058e-01 4.876695241171892792e-01
5.488664727895267159e-01 4.870916482427741223e-01 5.293461521652889079e-01 4.397815499120383831e-01 4.964546001369045114e-01
5.591060394434521630e-01 4.511188406763625980e-01 5.224820992496564953e-01 4.233809574632722006e-01 4.979553345718543689e-01
5.790631712705092138e-01 4.125555665042812126e-01 5.196411322253297049e-01 4.271316161327333161e-01 5.036810106334821402e-01
5.947140488766473609e-01 3.801435587646338488e-01 5.265771716978232542e-01 4.405601302348539083e-01 5.213863621346481736e-01
5.868999454666513627e-01 3.461950525820082780e-01 5.330111105882051614e-01 4.499111945633501586e-01 5.440529250235037750e-01
5.637541825520846483e-01 3.211309746409001242e-01 5.295123285917074929e-01 4.484495175916128340e-01 5.643278536122156019e-01
5.378122199313601914e-01 3.037561403213434597e-01 5.157228131320972242e-01 4.439650793551435104e-01 5.924832856959960647e-01
5.183720707497847524e-01 2.904133147282127458e-01 4.967237629680806843e-01 4.445708840527045069e-01 6.273939780111971176e-01
5.124764890158919339e-01 2.724680088954800627e-01 4.774787149507377371e-01 4.469767246637210700e-01 6.625279628396915088e-01
5.293635238703259249e-01 2.469363453137815578e-01 4.602630100681329162e-01 4.409939394004724345e-01 6.899512325529475465e-01
5.642571950291646043e-01 2.314806322010188877e-01 4.692724867351788509e-01 4.380785504428538757e-01 7.023389189315756287e-01
6.007231398950135803e-01 2.278185136819410872e-01 4.986764369009890618e-01 4.411891486822756003e-01 7.066678763609556269e-01
6.330929855148019758e-01 2.086217991378514214e-01 5.119552978267770671e-01 4.205012562788871255e-01 7.152767140532441115e-01
6.701154602702951157e-01 2.048833526910659730e-01 5.215008007269191781e-01 4.057838793289280654e-01 7.052958712490766668e-01
7.048694793722317664e-01 2.002690148632728373e-01 5.336491986633420392e-01 3.890701753222024495e-01 6.975872098265314403e-01
7.377439325279838700e-01 1.930935785094766988e-01 5.412276691756344738e-01 3.625636572876621555e-01 6.882581752784623363e-01
7.683140492370660324e-01 1.833957871938651507e-01 5.379979340992733228e-01 3.219983935908721784e-01 6.745530162862058976e-01
7.855974139019881175e-01 1.767710824136758674e-01 5.260846643729170102e-01 2.881082407611388896e-01 6.620540176606029004e-01
8.006687760353088379e-01 1.709942370653152466e-01 5.156961083412170410e-01 2.585555016994476318e-01 6.511546969413757324e-01
