2.099598497152328491e-01 7.175976037979125977e-01 1.506956070661544800e-01 7.852171063423156738e-01 4.764776825904846191e-01
2.522887101759147543e-01 7.027872207856545872e-01 1.504860251397738269e-01 7.928742534328270253e-01 4.696303171259929576e-01
2.982746559691963895e-01 6.726909032382666354e-01 1.426976249822801412e-01 7.952963956748658747e-01 4.497476526066891411e-01
3.099622766127616558e-01 6.573470536992462865e-01 1.418977570372094987e-01 7.738993329450504222e-01 4.071605712621366724e-01
3.475556715019367249e-01 6.625521888581784591e-01 1.641899681771669672e-01 7.634919756254893164e-01 3.750878425066983546e-01
3.668106367174920890e-01 6.639275479285225989e-01 1.824573711556492506e-01 7.453040854179370234e-01 3.421128667022267922e-01
3.881895663358998494e-01 6.650208787226759011e-01 2.081644131591766644e-01 7.244703397485620089e-01 3.072903685245274019e-01
3.640052713787355620e-01 6.671782744944039223e-01 2.467184088901908934e-01 7.222310017598785326e-01 2.907775425109017098e-01
3.835356116607690491e-01 6.567646802318144461e-01 2.821997751446191915e-01 6.941210141327411876e-01 2.634232170251950556e-01
4.169031529579831918e-01 6.503428314414161360e-01 3.123265668280640339e-01 6.741363859678151105e-01 2.583799058262506998e-01
4.477151783021179887e-01 6.476650522083110539e-01 3.514259566852046546e-01 6.611450236832069338e-01 2.570256254828870435e-01
4.642137290671112249e-01 6.478244767002183657e-01 3.986781220570201345e-01 6.589521690911989138e-01 2.567206008036496123e-01
4.646780499311901069e-01 6.392364318026384495e-01 4.470361318871146628e-01 6.496132111645764873e-01 2.550137205963607379e-01
4.748126992446930483e-01 6.122182793295602998e-01 4.774645156766590959e-01 6.240143813894515334e-01 2.495837676071931410e-01
4.982679950449709905e-01 5.846093272238878091e-01 5.035690369874615824e-01 5.935215117649693672e-01 2.477463943338543417e-01
5.194493898331640214e-01 5.579212992722982767e-01 5.253996784734492609e-01 5.631621746763596503e-01 2.666455237942760292e-01
5.073208232999788514e-01 5.370545908643469257e-01 5.011255699708150324e-01 5.470870363941248149e-01 3.087193621770058516e-01
5.084239895775573004e-01 5.171016920754215596e-01 4.952230422510152108e-01 5.050494327364001279e-01 3.288528080441044943e-01
5.113589171259497190e-01 4.948545012482375993e-01 4.932157661187369091e-01 4.529403640415208265e-01 3.540573487221069238e-01
5.247137374001400456e-01 4.713063634111275269e-01 5.023026889305642895e-01 4.209877254259041246e-01 3.968443040772107744e-01
5.542102570357114733e-01 4.495883023077731910e-01 5.213596989177496921e-01 4.277020064531122934e-01 4.294785087883267738e-01
5.847602966132198210e-01 4.277832600037455579e-01 5.335854662160608441e-01 4.354445059180546695e-01 4.494020105377081187e-01
6.156666378947535101e-01 4.011295966498580889e-01 5.389432343458616659e-01 4.391042040724330575e-01 4.836581280051704956e-01
6.252607799446439074e-01 3.853282144778968910e-01 5.385938814297274169e-01 4.411939140840434037e-01 5.213635544055703619e-01
6.229446554924596979e-01 3.705238881741938495e-01 5.436493677282010495e-01 4.511909800674339666e-01 5.720493586215988913e-01
6.093560922702589977e-01 3.637531909522038198e-01 5.485511620299634572e-01 4.658217037823325080e-01 6.160311052333853343e-01
6.194965190617934825e-01 3.360335041651922316e-01 5.573970597933054494e-01 4.715012185332653760e-01 6.631894469082713073e-01
6.425543916579863346e-01 3.244369499652123290e-01 5.765731480603489834e-01 4.623160424615533337e-01 6.939854850978937062e-01
6.708584533786277060e-01 3.033949091910795870e-01 5.876385065445113298e-01 4.549649623425662259e-01 7.258105470339211163e-01
6.902589575665339927e-01 2.747440000993708886e-01 5.712255069227821780e-01 4.408819360539036891e-01 7.372643209559739397e-01
7.074215634493772331e-01 2.474977242778532704e-01 5.357648546102387055e-01 4.090318782469613001e-01 7.197681048998044728e-01
7.416361435613847419e-01 2.260517595828832327e-01 5.332157431346981058e-01 3.895229640317588449e-01 6.983622641787331498e-01
7.710755108066971175e-01 2.092224876803875921e-01 5.237319444815409231e-01 3.459830167762966147e-01 6.857073839242534552e-01
7.882697051271628785e-01 1.882040949384112538e-01 5.192390278563413508e-01 2.961817784508740115e-01 6.649708471063682236e-01
8.006687760353088379e-01 1.709942370653152466e-01 5.156961083412170410e-01 2.585555016994476318e-01 6.511546969413757324e-01
