2.099598497152328491e-01 7.175976037979125977e-01 1.506956070661544800e-01 7.852171063423156738e-01 4.764776825904846191e-01
2.339305121774899465e-01 7.042986590825758286e-01 1.405648649029669350e-01 8.076743289067052078e-01 4.708540990598968912e-01
2.694345911966583018e-01 6.891836981235355264e-01 1.282299490921836038e-01 8.234367047506296888e-01 4.638419803335828151e-01
3.003577840036730229e-01 6.677961960561933363e-01 1.120775843319150589e-01 8.313398579636027685e-01 4.360309698322848981e-01
2.850744500274605686e-01 6.432903701003254149e-01 9.570823040013330674e-02 8.193973038886216420e-01 4.131006843742413559e-01
2.588973919032260818e-01 6.301652276971330124e-01 1.134010563593995241e-01 7.886783639678471847e-01 4.151792369455272746e-01
2.667030185295629630e-01 6.271965610538448033e-01 1.415267437266027051e-01 7.683416630733951314e-01 4.093787357982246466e-01
3.002875237862770996e-01 6.298059082476519244e-01 1.720950012746148283e-01 7.554648388331843822e-01 3.972598759687075987e-01
3.323326460062816512e-01 6.361100556907937076e-01 1.969849701539180264e-01 7.530900546426219089e-01 3.892833937744956119e-01
3.553558546112746686e-01 6.522394397755124640e-01 2.283119112065800094e-01 7.587475439317753478e-01 3.856772379283565644e-01
3.726225254792156494e-01 6.735462974379959888e-01 2.694719357438140062e-01 7.524139450715898736e-01 3.722339496133204584e-01
3.857677219477830266e-01 6.843605908778255253e-01 2.960170880268563898e-01 7.372097661384228173e-01 3.555545949804788664e-01
4.019211313715789213e-01 6.898172932113401101e-01 3.185035017921219458e-01 7.141853684617477382e-01 3.349369164629362738e-01
4.172489189158126166e-01 6.910475432335763113e-01 3.391269289734120118e-01 6.892329528721862220e-01 3.161154641096644569e-01
4.291861177562584229e-01 6.878470425498008911e-01 3.680145622693296037e-01 6.637277662008985724e-01 2.998395153753040665e-01
4.409187568901797860e-01 6.811788794254741708e-01 4.041793677567969700e-01 6.511192937159211436e-01 2.879873288823391331e-01
4.613632390352251922e-01 6.736821315514397446e-01 4.350668952462715122e-01 6.552614385604396130e-01 2.796860998375932383e-01
4.922020737578278737e-01 6.565504964882665773e-01 4.559044689830493713e-01 6.559051254721555146e-01 2.819073492422076166e-01
5.076923210291324207e-01 6.363380709167658633e-01 4.635694254276027659e-01 6.355470587900732271e-01 2.979185156769684761e-01
5.128326939694790587e-01 6.232719466284675214e-01 4.748162870579510919e-01 6.003611809889694007e-01 3.244464678213820896e-01
5.177852228894365139e-01 6.081723064142544599e-01 4.894666288966435519e-01 5.682254225951438587e-01 3.562873073097271859e-01
5.134189157745326915e-01 5.881838249450386247e-01 4.945321973778444291e-01 5.482714052423505180e-01 3.832056232681725905e-01
4.991797130601570709e-01 5.600337607520438077e-01 4.934220725764536519e-01 5.387555247546540471e-01 4.125308595525589150e-01
5.119669614098606436e-01 5.290465441088147980e-01 5.028600465529632357e-01 5.380256455655747505e-01 4.429661246597451640e-01
5.227057479537727813e-01 4.971477731157681323e-01 5.071715151402907962e-01 5.249323701689159183e-01 4.625504637865484603e-01
4.967936138133932644e-01 4.743236221992251922e-01 5.097503868548202144e-01 5.001892678132366932e-01 4.727802929321745506e-01
5.000346051239098477e-01 4.664502940500325212e-01 5.422004419322425939e-01 4.738655837882694288e-01 4.767109064656679940e-01
5.304332832407200327e-01 4.587432084757799844e-01 5.628555830895236589e-01 4.522545366824738400e-01 4.804115303529047365e-01
5.600897630530684568e-01 4.488962929522832823e-01 5.671942108592954446e-01 4.372534518063839748e-01 4.856328993255900617e-01
5.965374256593426461e-01 4.300900327000254930e-01 5.666763967709852468e-01 4.220916262373446970e-01 5.016801763070484199e-01
6.099104872121207110e-01 4.077172199675772601e-01 5.558811078931497063e-01 4.240532458714978414e-01 5.290873128680373405e-01
6.201855312027321210e-01 3.833489431631676991e-01 5.517242972045172111e-01 4.278735941771629192e-01 5.578502063097243724e-01
6.329532134140569699e-01 3.562651313532852471e-01 5.529985928717728871e-01 4.268404020605536808e-01 5.874969486162184840e-01
6.458393239559718779e-01 3.301526417188722640e-01 5.543631897841577727e-01 4.255760495717916814e-01 6.137633717264536770e-01
6.690507839458883499e-01 3.025698276818918897e-01 5.553189954611903456e-01 4.266620597650913060e-01 6.419850521221450723e-01
6.948171217829437474e-01 2.832294817818873933e-01 5.552312082433116247e-01 4.318953847346210795e-01 6.727201039524398629e-01
7.168697487961825932e-01 2.519149763008948217e-01 5.552269524636392894e-01 4.227369255502819723e-01 6.968196561333054317e-01
7.255988604737673153e-01 2.438911618573519069e-01 5.658037830213420438e-01 3.878722560442230960e-01 6.678606396795013778e-01
7.452455219780729223e-01 2.214687253157892888e-01 5.607295107214405050e-01 3.533534117832772270e-01 6.536719026119386378e-01
7.685869511310570168e-01 1.993795698633948343e-01 5.482347337475003135e-01 3.169630570213174403e-01 6.577686028440713484e-01
7.864360590864389877e-01 1.836278058936217372e-01 5.300925072324587095e-01 2.842015227902506824e-01 6.539159604783307822e-01
8.006687760353088379e-01 1.709942370653152466e-01 5.156961083412170410e-01 2.585555016994476318e-01 6.511546969413757324e-01
