2.099598497152328491e-01 7.175976037979125977e-01 1.506956070661544800e-01 7.852171063423156738e-01 4.764776825904846191e-01
2.273388966438842362e-01 7.337513763862918426e-01 1.439544416889397827e-01 8.294627980713487059e-01 4.707607950143314346e-01
2.464785540129837693e-01 7.515416311585608744e-01 1.365303524326056950e-01 8.781908660275017375e-01 4.644647495594543818e-01
2.752640900459140116e-01 7.180110884399406590e-01 1.220389269149248224e-01 8.734644336867481984e-01 4.216471704285364996e-01
2.854186365448685980e-01 6.810097998297157673e-01 1.261231681045438258e-01 8.319503549556948041e-01 3.996614802655718002e-01
3.117522211351701489e-01 6.542376909703883081e-01 1.426076070050555089e-01 7.939156052812305076e-01 3.742899633947912585e-01
3.392128001850170382e-01 6.507041821917507463e-01 1.713954552932232256e-01 7.542204104681228261e-01 3.385231830622504878e-01
3.431675872036953900e-01 6.568387872582710507e-01 1.921224630425899804e-01 7.133263348125037373e-01 3.163552057177667631e-01
3.549715249150546814e-01 6.563191604726039685e-01 2.187905924966877524e-01 6.764082296141935569e-01 2.930538931998243890e-01
3.543512621843356580e-01 6.480474565627561967e-01 2.522779101319410078e-01 6.478432923687638123e-01 2.622914444641903930e-01
3.619201838587016717e-01 6.459747006576861406e-01 2.917748574022651087e-01 6.584110346638727407e-01 2.520060519981253133e-01
3.981753790680213068e-01 6.365728984140206492e-01 3.436419227902222651e-01 6.504212034183500801e-01 2.479924254240361281e-01
4.176575430665360189e-01 6.224242545711173857e-01 3.827531416148305943e-01 6.263272282802889723e-01 2.576282367449596045e-01
4.305307276124521465e-01 6.037944456741582977e-01 4.202744204878718359e-01 5.860873090163898347e-01 2.822823229470016737e-01
4.402598450234655458e-01 5.915105251856368485e-01 4.375478018833156568e-01 5.546984145215141382e-01 3.072496997884846537e-01
4.626373682518427621e-01 5.738260344684064096e-01 4.563377134268192803e-01 5.181583798049137490e-01 3.429537025600415401e-01
4.977755547984171747e-01 5.562120725800169252e-01 4.710570929956570119e-01 4.969733302006092424e-01 3.711075061429277011e-01
5.444054400030947649e-01 5.416591514600986867e-01 4.881784732210435185e-01 4.852596943965984955e-01 3.907955969839800314e-01
5.942453463637192845e-01 5.304672101082942293e-01 5.121071262810400482e-01 4.770077780562823055e-01 4.097495911023018578e-01
6.301909478781095864e-01 5.101220714077276952e-01 5.409482178310844880e-01 4.707547855968616801e-01 4.388489571661940425e-01
6.462615046884716552e-01 4.690398819514176032e-01 5.675187390680033195e-01 4.653111937807066778e-01 4.744157534786607733e-01
6.559305778726904901e-01 4.230834312116302232e-01 5.787286149026595883e-01 4.614874502717513094e-01 5.049275544938253146e-01
6.745285524536263067e-01 3.867097832160570903e-01 5.853761032390681907e-01 4.685072664449334012e-01 5.375376899736700187e-01
6.946381642121308708e-01 3.542794326635708146e-01 5.936201156912345178e-01 4.795818055149195791e-01 5.818785496608257501e-01
7.063563709861070405e-01 3.320272447200880994e-01 5.994899398765528575e-01 4.888462813849778210e-01 6.296787556320344592e-01
7.208998693857154860e-01 3.045094740551558266e-01 6.002084997919563403e-01 4.933519313617993896e-01 6.833662523482534334e-01
7.464051039981594027e-01 2.661991194037784947e-01 5.866186424948118816e-01 4.816293134041360613e-01 7.205034717829779112e-01
7.677654273832764664e-01 2.299447134985412033e-01 5.619966699163848611e-01 4.532505553331988568e-01 7.251007568243373891e-01
7.722223903761473718e-01 2.022641917754703644e-01 5.423711346702112523e-01 4.223349487180613759e-01 6.993307271066646624e-01
7.602846837624781529e-01 1.815494232021385990e-01 5.256050417151535425e-01 3.687351023032134356e-01 6.715459039779947403e-01
7.827901336041885871e-01 1.748579318128164750e-01 5.194694834945382533e-01 3.022121949530603979e-01 6.578406897029083211e-01
8.006687760353088379e-01 1.709942370653152466e-01 5.156961083412170410e-01 2.585555016994476318e-01 6.511546969413757324e-01
