2.099598497152328491e-01 7.175976037979125977e-01 1.506956070661544800e-01 7.852171063423156738e-01 4.764776825904846191e-01
2.455129371341413236e-01 7.189844421752927817e-01 1.281972118305595154e-01 8.057013978544914634e-01 4.908431642363125236e-01
2.955231108227243664e-01 7.085584810763344565e-01 1.357879353456052096e-01 7.888622405357910150e-01 4.836900851798739409e-01
3.290673801295557199e-01 6.992498020300048633e-01 1.553553814317648329e-01 7.791234965241813359e-01 4.535501142765442362e-01
3.662253823300676836e-01 6.876901527626145816e-01 1.811571790846737418e-01 7.703742830993388635e-01 4.287804118111995244e-01
3.861329167778088656e-01 6.822342474150050462e-01 2.153654918111837513e-01 7.488800723702760953e-01 4.025136120979095344e-01
3.885168329048688252e-01 6.853739371219500498e-01 2.509627472725313169e-01 7.193912091693772659e-01 3.732646927660026037e-01
3.869017684440526073e-01 6.917171057737500073e-01 2.773923143634181576e-01 6.973905178051905684e-01 3.467912538592056171e-01
3.944968719344182362e-01 7.012814388643701102e-01 2.955738795168193489e-01 6.831298622852489677e-01 3.009653725902771138e-01
4.248139201220932915e-01 6.986697457287713853e-01 3.105747035057853656e-01 6.763286889216010289e-01 2.657632770648418741e-01
4.550224539974977445e-01 6.865340845112902768e-01 3.487165979371512070e-01 6.701677160257438759e-01 2.511999593574821277e-01
4.719175488851847233e-01 6.753490675175535252e-01 3.855003037704454183e-01 6.662053528449880524e-01 2.434137338677206386e-01
4.810159168794979068e-01 6.608955710326009925e-01 4.255591798177645324e-01 6.545498175729088652e-01 2.294084988410858561e-01
4.628311654963407351e-01 6.497172544495832813e-01 4.531350616850765567e-01 6.208426997793344837e-01 2.307410253200880557e-01
4.624743471378219839e-01 6.374445281047826928e-01 4.874677985785488832e-01 5.924687662374115149e-01 2.368742231860166414e-01
4.815236477842618212e-01 6.152344114006698117e-01 5.332560804065218374e-01 5.702442583839556489e-01 2.428449351584939242e-01
4.853810854303389766e-01 5.752366800736913310e-01 5.215582957549362852e-01 5.509540633112621766e-01 2.610682960572270894e-01
4.828280543432106331e-01 5.435082744853009240e-01 5.157946568991331748e-01 5.149832564449894345e-01 2.927962821590094911e-01
4.831793803493044659e-01 5.194824323757697426e-01 5.166112751744448284e-01 4.920850890876895534e-01 3.252686917577271020e-01
4.898098821226654631e-01 4.909061558456830898e-01 5.136393346347976063e-01 4.656456360607626466e-01 3.621004591782158721e-01
5.259644716949305465e-01 4.779012430832645930e-01 4.989602197202514522e-01 4.624937916071789057e-01 3.845299566004827807e-01
5.675663823589169876e-01 4.680875657643930876e-01 4.928723351606054126e-01 4.669921025464300324e-01 4.127569886490238260e-01
6.115132651912170703e-01 4.615859331943485411e-01 5.045333780247854838e-01 4.530376811749484145e-01 4.336128853848024156e-01
6.499436421760648175e-01 4.664353393907005318e-01 5.361274928597348222e-01 4.366912252620909762e-01 4.368088310313951728e-01
6.686002594425253243e-01 4.567293499590622252e-01 5.722701833494263646e-01 4.379877373152444853e-01 4.619254241291281815e-01
6.583566411247924188e-01 4.272254213515495058e-01 5.827089185342840816e-01 4.401336273290526457e-01 4.952747568517605892e-01
6.619819809735325578e-01 3.972411305471479914e-01 5.828011183481697222e-01 4.476240857011458685e-01 5.228297522071900794e-01
6.740474965125321516e-01 3.645672225952962253e-01 5.775413955815303924e-01 4.562222400673417999e-01 5.627463794154391463e-01
6.828745381794962821e-01 3.482828339952662722e-01 5.761403490407588368e-01 4.480203838125537685e-01 6.172753539125741540e-01
6.865239097475147600e-01 3.341748702780151237e-01 5.828990754085824344e-01 4.398090014045867857e-01 6.563983563658574161e-01
6.867481912418079704e-01 3.080762860340656162e-01 5.804271991313313395e-01 4.376633522940656107e-01 6.999784645061425392e-01
6.940711488591181366e-01 2.717558710611118755e-01 5.669406055345864726e-01 4.437670405204385271e-01 7.266757650708194349e-01
7.242626501502168468e-01 2.409778807375457521e-01 5.661183951235623235e-01 4.394063656767136505e-01 7.303674246714577656e-01
7.526707401506576023e-01 2.055270492963941209e-01 5.567975392549638913e-01 4.241619757389369361e-01 7.261561064148351896e-01
7.586196459632151834e-01 2.042590526079463564e-01 5.475974241098419126e-01 3.866087441746023368e-01 7.019315287323381058e-01
7.645021633061985789e-01 1.931636378082641770e-01 5.338826266754401750e-01 3.414669931037566664e-01 6.838037981412377064e-01
7.860709719568467202e-01 1.799423951636819063e-01 5.230366694687086371e-01 2.920207785402342826e-01 6.643327400781013914e-01
8.006687760353088379e-01 1.709942370653152466e-01 5.156961083412170410e-01 2.585555016994476318e-01 6.511546969413757324e-01
