2.099598497152328491e-01 7.175976037979125977e-01 1.506956070661544800e-01 7.852171063423156738e-01 4.764776825904846191e-01
2.300098101042033494e-01 7.126259625169860668e-01 1.279208452567993926e-01 7.981312392101178599e-01 4.551843156329248852e-01
2.676219624531422925e-01 7.003547203346697225e-01 1.252389703696831780e-01 7.967199268224376407e-01 4.369485707665733965e-01
3.036609071942002469e-01 6.828384487031851080e-01 1.359541795318008894e-01 7.866383366061923121e-01 4.256552608589126430e-01
3.426362475673931929e-01 6.630472378822886981e-01 1.534758131888555310e-01 7.813213005270599476e-01 4.261096523685800053e-01
3.418237480357834701e-01 6.595828158061647351e-01 1.704222588044599918e-01 7.501126865303041624e-01 4.006382241201861816e-01
3.400287020757456480e-01 6.718886388693855460e-01 1.911195196571218446e-01 7.260846333099115757e-01 3.692341875101994297e-01
3.500694116106087272e-01 6.818683406594344687e-01 2.255955084906740016e-01 7.044211964035116402e-01 3.490506973184739903e-01
3.611189425402054343e-01 6.876782049624209359e-01 2.634286091492018533e-01 6.920772628518314651e-01 3.327025346880789769e-01
3.726919655464859260e-01 6.901345244147595315e-01 3.047478785786367217e-01 6.848656095777593267e-01 3.167915535337332278e-01
3.832136384581674160e-01 6.899162508061590371e-01 3.403062979009743305e-01 6.783600854238660549e-01 3.051758870451409256e-01
3.969246886957062959e-01 6.867465609407851224e-01 3.819262755024153688e-01 6.653712818167083487e-01 2.904289678279831088e-01
4.146831030602434187e-01 6.753540835005908960e-01 4.166715861474318272e-01 6.475432157984470916e-01 2.750930051741037885e-01
4.390724986138666575e-01 6.491522923459629446e-01 4.396482736785023993e-01 6.303407217635832449e-01 2.708894911285646967e-01
4.609167248470201206e-01 6.224234171272741145e-01 4.532277118121932347e-01 6.158648809708284766e-01 2.777339832010226051e-01
4.897271021103369315e-01 6.025974477940386764e-01 4.656910513966203147e-01 5.997073186907434517e-01 2.831572980027243225e-01
5.178980817503798795e-01 5.932605603897911362e-01 4.759966301386709397e-01 5.894866173953857702e-01 2.818162131687414473e-01
5.424110036456190054e-01 5.802420068502298633e-01 5.031075445874715335e-01 5.677182700902730916e-01 2.737517965392938790e-01
5.569172153034240846e-01 5.604646195028947231e-01 5.101724412910675355e-01 5.361883554231817728e-01 2.938994393217102541e-01
5.686122570908364038e-01 5.542918300260887277e-01 5.273688926267879884e-01 5.162236132933335497e-01 3.135359571831178860e-01
5.668149134006813528e-01 5.439049878940364069e-01 5.469220085342842985e-01 4.907659468847394568e-01 3.430181691162653146e-01
5.371328072981184087e-01 5.266366789248532188e-01 5.277213925810768647e-01 4.950245677443929626e-01 3.677529742717426942e-01
5.523463022741886830e-01 5.103781104647990841e-01 5.323327843482861255e-01 4.938977054202995376e-01 3.960557210081216417e-01
5.797145462862443033e-01 4.939786851195454020e-01 5.471844625345647639e-01 4.755474405137066762e-01 4.159600405282952162e-01
6.024057792871134742e-01 4.737971994589954550e-01 5.535458509742673394e-01 4.514154805195791931e-01 4.348112678445268942e-01
6.166846366134075552e-01 4.480641442254761908e-01 5.478987264178196703e-01 4.297488378834672385e-01 4.623731433740643770e-01
6.221627395661233351e-01 4.227028075960004294e-01 5.379589400710013125e-01 4.153747914301202937e-01 4.975296946024853617e-01
6.229844152366975640e-01 3.986062690599099789e-01 5.291288043840666200e-01 4.074949066783136731e-01 5.424628645577009856e-01
6.235811524378714887e-01 3.802554953140536154e-01 5.232438221610570261e-01 4.057679765323275456e-01 5.795358261361548413e-01
6.267862047074733711e-01 3.585808500371201468e-01 5.184917057223318304e-01 4.061959750451619722e-01 6.159573482167105540e-01
6.276641032559534539e-01 3.314813508584584234e-01 5.102332437304716306e-01 4.125776056585178098e-01 6.527328510870840095e-01
6.270190802217697756e-01 2.985948283629850653e-01 5.046118735798063026e-01 4.255118568026317050e-01 6.851237683885896823e-01
6.366843428003180483e-01 2.716987521385752502e-01 5.182091104350402544e-01 4.360359559012567110e-01 7.097622783176088523e-01
6.651495220088876614e-01 2.478261989806380960e-01 5.386004122158768448e-01 4.401338239043579015e-01 7.314860854498302922e-01
7.060765294697655126e-01 2.355200133977195243e-01 5.481161679897683658e-01 4.257062933819976691e-01 7.310596951445925695e-01
7.349451993570014219e-01 2.326300820647251855e-01 5.475493258122452467e-01 3.995193601095907709e-01 7.045277277865311660e-01
7.546052965543327273e-01 2.284711315298846857e-01 5.430715580493105099e-01 3.682725901997269680e-01 6.719066333217108555e-01
7.755367360807166044e-01 2.143555089376730505e-01 5.342295926173074028e-01 3.319086180017290499e-01 6.579775197065873549e-01
7.905023407018539894e-01 1.901815702495000260e-01 5.248795003970282425e-01 2.911909343970749409e-01 6.538883006984006485e-01
8.006687760353088379e-01 1.709942370653152466e-01 5.156961083412170410e-01 2.585555016994476318e-01 6.511546969413757324e-01
