2.099598497152328491e-01 7.175976037979125977e-01 1.506956070661544800e-01 7.852171063423156738e-01 4.764776825904846191e-01
2.198576604143931135e-01 7.066428308418616355e-01 1.508593391112139359e-01 8.231679927599255819e-01 4.655474026241965269e-01
2.474894219206202062e-01 7.045499836384246928e-01 1.469766635618169337e-01 8.515529291185311989e-01 4.608911639214803846e-01
2.856977026490096216e-01 6.967428873990176852e-01 1.400292820063158694e-01 8.566094172712731547e-01 4.400791944957116453e-01
3.147762735724981553e-01 6.850980761053018231e-01 1.463932469741240361e-01 8.483781628965046950e-01 4.150607525127975039e-01
3.364467303485164096e-01 6.748680351089036966e-01 1.584532603295841224e-01 8.414705131874373745e-01 3.961862127060494787e-01
3.653551173445097611e-01 6.613224232051749807e-01 1.804207618891925657e-01 8.328741924644812444e-01 3.725787608101135406e-01
3.865078214780633958e-01 6.496757852706408487e-01 2.024769252375255291e-01 8.196889453013284088e-01 3.476953004416799553e-01
3.876675786808021495e-01 6.404545201848995672e-01 2.260676032710100813e-01 7.940618483467489774e-01 3.281274368389600626e-01
4.083515549268364464e-01 6.307414418473192841e-01 2.568609565617497315e-01 7.764199220722596273e-01 3.261630451082052629e-01
4.363216224459523507e-01 6.235061815527965789e-01 2.862582627234870336e-01 7.551205202632159663e-01 3.325773103885225068e-01
4.515042457867863290e-01 6.251703501250630568e-01 3.099705764301308175e-01 7.226717824385666678e-01 3.247033912445180803e-01
4.549400437662224350e-01 6.274049144133130307e-01 3.269006770748830726e-01 6.954782180492971033e-01 3.181172172833270362e-01
4.552903104757639041e-01 6.230881291752468076e-01 3.460230298144462147e-01 6.574330085410341473e-01 3.132553508689837618e-01
4.585498647545692696e-01 6.163297167288014355e-01 3.585123002632628064e-01 6.229971193344567837e-01 3.130840323242611301e-01
4.717822798455323374e-01 6.138811498676306488e-01 3.744465784669483432e-01 5.900691113706454383e-01 3.173718264394400634e-01
4.897651547536704397e-01 6.175228945844158934e-01 3.970596929661830976e-01 5.691811291485888713e-01 3.222925950268991646e-01
5.109222372524309108e-01 6.265787869364927154e-01 4.315250590300560019e-01 5.624712975005518034e-01 3.207747142998126355e-01
5.357726432693979968e-01 6.320017216125604076e-01 4.650180991215324688e-01 5.618593536266522914e-01 3.226055687751699375e-01
5.638797651918543430e-01 6.238466608075982078e-01 4.896909963509971653e-01 5.504725578636358030e-01 3.542307568751467683e-01
5.709351933542092805e-01 6.105224950058055766e-01 4.961067679072213021e-01 5.381278489755600969e-01 3.850127308281818261e-01
5.620217157256770513e-01 5.929150612646302276e-01 4.969392987070525569e-01 5.142255321907109877e-01 4.160529730168553431e-01
5.518992787604884986e-01 5.782120987015845204e-01 5.001718995648924970e-01 4.918954111369430726e-01 4.373864477720988964e-01
5.487719595653345328e-01 5.524180861273704224e-01 5.078687861895817557e-01 4.763423645981478827e-01 4.643911522029067762e-01
5.507218920793208738e-01 5.170356851772521800e-01 5.056783034656031628e-01 4.612794568754260416e-01 4.797075781214059642e-01
5.521834829114110610e-01 4.867200169133535370e-01 5.001304767573701016e-01 4.430620731374247945e-01 4.811430454458434092e-01
5.652042854336382094e-01 4.492113901936847786e-01 4.942078135807872474e-01 4.325104638799179835e-01 4.832037870669110835e-01
5.838462780321664880e-01 4.173865385965353503e-01 4.865458923802162272e-01 4.312943227262718837e-01 4.892313957587962059e-01
6.123862140802384113e-01 3.859884919396093794e-01 4.888855491221331118e-01 4.362172354247226824e-01 5.061767898013407319e-01
6.268622397175266370e-01 3.648576828060045019e-01 5.032039612136299800e-01 4.548048252110361012e-01 5.280888961500423973e-01
6.169710142091681115e-01 3.489417419301159007e-01 5.111867761710902069e-01 4.726482544806034913e-01 5.450365947202305827e-01
5.954511173093957055e-01 3.369812867320789995e-01 5.212604496052253289e-01 4.747989092658660981e-01 5.738393076269652227e-01
5.689565405854496438e-01 3.136269629022837568e-01 5.232157762907987397e-01 4.626840222294543725e-01 5.906335313559878397e-01
5.516140756624077213e-01 2.952153018699436027e-01 5.058251614849914590e-01 4.517649314479642575e-01 6.051818630646654817e-01
5.411383238867253365e-01 2.748471141307736176e-01 4.865682408750721111e-01 4.422398785501149288e-01 6.308749096167030057e-01
5.410276765465148463e-01 2.529985942049630676e-01 4.732285670936333677e-01 4.388945237931737298e-01 6.657822728746580765e-01
5.542828782298989676e-01 2.342955480614468400e-01 4.646749554719929454e-01 4.431364959990610752e-01 6.980231415932598438e-01
5.948444129742299635e-01 2.239029201576804573e-01 4.668109396632356689e-01 4.449149292416806900e-01 7.116761297101493744e-01
6.244447350435680111e-01 2.215571995727710908e-01 4.853319826430891326e-01 4.281164086057858698e-01 6.990494493188328384e-01
6.495482343645582191e-01 2.099959696042914270e-01 5.001765590876569023e-01 4.024204107970938415e-01 6.899854217683449864e-01
6.790113018862876659e-01 2.001844013992104265e-01 5.056732038380533645e-01 3.742065306180350492e-01 6.813210815634808126e-01
7.127954336279744840e-01 1.924194594658006907e-01 5.088966049788700152e-01 3.432022831676905805e-01 6.726508700426538923e-01
7.464690213468287983e-01 1.843186221824491544e-01 5.116433848656006811e-01 3.111218328972525371e-01 6.643193997383468608e-01
7.763737951174649599e-01 1.769668781597882323e-01 5.138794794639957031e-01 2.821183023193399309e-01 6.570557606100178027e-01
8.006687760353088379e-01 1.709942370653152466e-01 5.156961083412170410e-01 2.585555016994476318e-01 6.511546969413757324e-01
