2.099598497152328491e-01 7.175976037979125977e-01 1.506956070661544800e-01 7.852171063423156738e-01 4.764776825904846191e-01
2.118955465560411200e-01 6.908693486890415958e-01 1.369227654913341974e-01 7.981057760288385872e-01 4.607383889308473424e-01
2.024303948470634329e-01 6.622772625570494398e-01 1.401065150444696927e-01 7.842059033690410574e-01 4.377672960581007744e-01
1.884625234871636912e-01 6.525899941271947613e-01 1.446177897520163069e-01 7.679231005680519084e-01 4.039783426375225250e-01
2.013688786017797383e-01 6.496953505693968678e-01 1.615812513394828676e-01 7.492406025336995068e-01 3.731908881156505986e-01
2.337201651698914695e-01 6.551224417676706491e-01 1.791326096910999810e-01 7.413833966377572082e-01 3.651969538597649167e-01
2.668481282844146207e-01 6.592989143730589863e-01 1.949784723255289787e-01 7.364901289503340553e-01 3.625140058812507116e-01
3.010867223367519330e-01 6.608607334298254310e-01 2.110179732048664270e-01 7.309921788409455834e-01 3.586213840922921059e-01
3.337068512199961035e-01 6.585194188371126245e-01 2.241242434637252257e-01 7.258105669111873937e-01 3.532727557225714410e-01
3.581475708597923746e-01 6.544805070462624830e-01 2.330951723930975439e-01 7.215311658864854705e-01 3.478469824922024167e-01
3.865331326564525050e-01 6.474700496170365804e-01 2.538505743288093086e-01 7.081869954799735467e-01 3.326995564393655513e-01
3.994837215984936019e-01 6.430553079742375999e-01 2.799872840489908699e-01 6.901182909283526401e-01 3.155003425516967885e-01
4.048522746992229693e-01 6.392921664625763611e-01 3.081380491623164630e-01 6.694924154612168499e-01 3.005271507653090035e-01
4.102018134398233706e-01 6.315779411052401260e-01 3.371087232079130747e-01 6.448838802237510937e-01 2.882816643298888315e-01
4.164491790198285859e-01 6.207366800025891918e-01 3.579918887888809964e-01 6.230391663890879617e-01 2.796725988620648029e-01
4.253077164967576373e-01 6.003631407043696910e-01 3.769448706720000541e-01 5.931373668049942927e-01 2.741908778144447334e-01
4.309119413409802646e-01 5.814241760094549516e-01 3.887982076584699520e-01 5.667341109180334957e-01 2.780192884737767711e-01
4.349424351938717681e-01 5.649037359674096148e-01 3.986388766864882305e-01 5.420464545401465495e-01 2.909295226953717006e-01
4.415153979143314200e-01 5.510519982186589116e-01 4.098450296415293015e-01 5.192017453429637053e-01 3.103805239514267345e-01
4.494686238303426395e-01 5.414844793505020348e-01 4.202764001457647280e-01 5.030868172545596151e-01 3.276985154400521294e-01
4.597533700977487481e-01 5.277153141937533931e-01 4.356720078526074014e-01 4.860066275926299695e-01 3.546132456996252680e-01
4.629910000358457567e-01 5.124220288902873177e-01 4.487634324876663694e-01 4.744151256704110531e-01 3.822690960973354479e-01
4.591547568472965080e-01 4.958247150870150888e-01 4.614016233658789767e-01 4.651450495105158844e-01 4.070905448064039978e-01
4.594888300264443060e-01 4.778318789267486655e-01 4.865872425340123097e-01 4.561235143045010432e-01 4.299799638778372679e-01
4.747454572384965932e-01 4.681929845056815309e-01 5.129842872104890539e-01 4.568386497704485238e-01 4.496256081709061325e-01
4.941665283782797902e-01 4.649461208854662186e-01 5.303679093402510203e-01 4.632379701433189112e-01 4.694514941232065808e-01
5.195058538092027778e-01 4.620987444675250799e-01 5.429154301168734875e-01 4.679330276193512383e-01 4.955539641396848327e-01
5.411914837703485359e-01 4.524773338643047760e-01 5.498370711529257937e-01 4.669146517849282474e-01 5.228159887911336678e-01
5.544316911558920813e-01 4.345485276427485388e-01 5.527411210050516832e-01 4.637134773949973532e-01 5.521814900837694884e-01
5.597674515922059779e-01 4.103967599773262753e-01 5.522989597552430130e-01 4.637096257424207502e-01 5.888655394640260887e-01
5.609965835941035373e-01 3.923219321834042206e-01 5.508097604402354408e-01 4.672897117798161526e-01 6.188615504050554161e-01
5.621097721394942015e-01 3.691424639496697080e-01 5.519637091998792489e-01 4.713919184476319524e-01 6.523627166307151004e-01
5.656576447370380567e-01 3.385156296364527084e-01 5.575083718858268034e-01 4.688250265904523872e-01 6.775305970054602556e-01
5.730921065133021131e-01 3.042642507242365180e-01 5.608220716556753249e-01 4.582968304776218194e-01 6.863978813550815072e-01
5.802805515128292013e-01 2.750474932502017800e-01 5.541038129336205431e-01 4.404630607596456970e-01 6.823206934456085282e-01
5.901723547571096073e-01 2.554678289820109249e-01 5.406762844101320464e-01 4.181646842796792329e-01 6.767574892537195907e-01
6.176410756794327162e-01 2.361102889126060200e-01 5.407887631092191949e-01 4.095775994631396522e-01 6.814572028269670900e-01
6.379792572852941435e-01 2.203630242326980737e-01 5.654866860721057265e-01 4.027699949331776108e-01 6.828540983466122594e-01
6.175851205057355520e-01 2.256716609550740438e-01 5.431703318598386510e-01 3.831125186459735099e-01 6.721696523654407951e-01
6.386836505645276940e-01 2.246739496202125042e-01 5.226795313469534410e-01 3.602541777744087126e-01 6.582381892663582423e-01
6.676497420606237743e-01 2.158657591000706921e-01 5.190207298276924286e-01 3.411988765903261056e-01 6.547886055991012366e-01
6.995690361491327947e-01 2.053195848829272030e-01 5.178736921982967090e-01 3.215281295890439206e-01 6.532981506524823123e-01
7.370364915448972543e-01 1.927022066453384641e-01 5.169776774045881096e-01 2.983498483122317135e-01 6.522357732780723616e-01
7.740729130411635461e-01 1.800673387063284336e-01 5.162317552302124746e-01 2.751880177081195700e-01 6.516065455331284673e-01
8.006687760353088379e-01 1.709942370653152466e-01 5.156961083412170410e-01 2.585555016994476318e-01 6.511546969413757324e-01
