2.099598497152328491e-01 7.175976037979125977e-01 1.506956070661544800e-01 7.852171063423156738e-01 4.764776825904846191e-01
2.277392574145566395e-01 7.163025242087819322e-01 1.315283421666994246e-01 7.949086668766891517e-01 4.492822045719733759e-01
2.464465225771599044e-01 7.233965723391708735e-01 1.287218988698872746e-01 8.226073670314800745e-01 4.211736159430923276e-01
2.621429325926100118e-01 6.934829785633916943e-01 1.423930636856779175e-01 8.417399653426499428e-01 4.140498665445235815e-01
2.731971639061642199e-01 6.639240146456253377e-01 1.464388505989766831e-01 8.240548550644860581e-01 3.910552777174565731e-01
3.013282044958827122e-01 6.516567893340295958e-01 1.633014755723118105e-01 8.050264297689824211e-01 3.653368427414563357e-01
3.388462448500277335e-01 6.429708348554249442e-01 1.835028670731067568e-01 7.964897996640266653e-01 3.469075258627208336e-01
3.610355603133689195e-01 6.394553739926581715e-01 2.111893039017730400e-01 7.931277909648967173e-01 3.291198946534280023e-01
3.878850910045944511e-01 6.364065004897200284e-01 2.459088405822509316e-01 7.913992440508353932e-01 3.145184841587860269e-01
4.193778447367700335e-01 6.329027211773412542e-01 2.758244896031870064e-01 7.877307466946721348e-01 3.104941357432001170e-01
4.409540630563484331e-01 6.293520278770344811e-01 3.028608810201929291e-01 7.724281158204496789e-01 3.115466774328255473e-01
4.405637443028605493e-01 6.250796045486478603e-01 3.277618281658690180e-01 7.359802841824827357e-01 3.117838038462751316e-01
4.310409200156984921e-01 6.228584346558596607e-01 3.463952666834502203e-01 6.977048528189744303e-01 3.101975387824520425e-01
4.329480330382067810e-01 6.230169491426748030e-01 3.696662017632013630e-01 6.669975652248292253e-01 3.095159979879043566e-01
4.620262115676693759e-01 6.210895063845747188e-01 4.038073009340188979e-01 6.548262076201154525e-01 3.093292776034344826e-01
4.943562917257154354e-01 6.187436911365142844e-01 4.335639037478607460e-01 6.573337052741174968e-01 3.037886420632863183e-01
5.241322727360633316e-01 6.239534238767630026e-01 4.567259021377846340e-01 6.602699215737031224e-01 2.967871199430770490e-01
5.591677767190840198e-01 6.410527173077023022e-01 4.693365945115993143e-01 6.536401110915466273e-01 2.976957934140023743e-01
5.857673685429144461e-01 6.465204282664059887e-01 4.747585764965381316e-01 6.208663931183477924e-01 3.021607956968380138e-01
5.926048051931094296e-01 6.382536451127286403e-01 4.775608040412604449e-01 5.834815416680623201e-01 3.049201302465083252e-01
5.793325550248750178e-01 6.256051784372664848e-01 4.858598978757281972e-01 5.396452880436467536e-01 3.157929333842007247e-01
5.783031280429342669e-01 6.274119659446992792e-01 5.168727238652666145e-01 5.220971547430819371e-01 3.411760195328782386e-01
5.895189720216901241e-01 6.247795341961444038e-01 5.462020091054189397e-01 5.183476324259813639e-01 3.737343970337291266e-01
5.575218298345667733e-01 6.083383207499128975e-01 5.511897687601784446e-01 5.141588545672751698e-01 4.093506932954141808e-01
5.212181807050386695e-01 6.015057721894750964e-01 5.318944213531108245e-01 5.149688961278615640e-01 4.156881520879225911e-01
4.911241092581773438e-01 5.825535102963140810e-01 5.116930521954973221e-01 5.078574021918588199e-01 4.351218203328497403e-01
4.818684429016191761e-01 5.546617612180996248e-01 4.992048091632533824e-01 4.993927460579030142e-01 4.588557297297041759e-01
4.673264670234393292e-01 5.235894666637996853e-01 4.834881782106615900e-01 4.935681402665121897e-01 4.693743620840314379e-01
4.529044432715879087e-01 4.898069532082449107e-01 4.783396987508016784e-01 4.766643712171468317e-01 4.700766247721331892e-01
4.611000943251422068e-01 4.547782702666421928e-01 4.977903800310665150e-01 4.595511110079148476e-01 4.766266517704051964e-01
4.843415418411711748e-01 4.244534843056809725e-01 5.053549221159309157e-01 4.632894195755199451e-01 4.978537790801449980e-01
5.042468093940072338e-01 3.968616173238213585e-01 4.977621740119925753e-01 4.688890599201946952e-01 5.168865389597450122e-01
5.249663271354634286e-01 3.681823779325273382e-01 4.872553072643291405e-01 4.714254042995488780e-01 5.365018521392133088e-01
5.501798150882822869e-01 3.370062069484113798e-01 4.788127926988239302e-01 4.713870285459249576e-01 5.680160503864037924e-01
5.681925763944040142e-01 3.211984572800429816e-01 4.858888556365161260e-01 4.713102285159129767e-01 5.983014817897734927e-01
5.898108272968299870e-01 3.073306891815171249e-01 5.043035760595271366e-01 4.715418393190952684e-01 6.354250015606359714e-01
6.142445311084465676e-01 2.913777151964885848e-01 5.207010842113429794e-01 4.687799381280390310e-01 6.726339618310941404e-01
6.318279090265387365e-01 2.690132563061563009e-01 5.150484669315537056e-01 4.639299975173764023e-01 6.990148969457120609e-01
6.549611389527607574e-01 2.383655945270381216e-01 4.943252317510532512e-01 4.641495659769439563e-01 7.170925082105360504e-01
6.960195383665745972e-01 2.211761311160198307e-01 5.007406422430538129e-01 4.508562834997418278e-01 7.167603439113739983e-01
7.262289096712690739e-01 2.120255882645946666e-01 5.101042055296169941e-01 4.223558086454875515e-01 6.986489003861491298e-01
7.440119533404410124e-01 2.016103347743664620e-01 5.169986289148811309e-01 3.853680300692666760e-01 6.890063805412975917e-01
7.607034727317044664e-01 1.918914658728761435e-01 5.185032520123696864e-01 3.373331027830175355e-01 6.736298437361487590e-01
7.833595294701982681e-01 1.800449699775555912e-01 5.169119014900530606e-01 2.926746202409661324e-01 6.608888369403256302e-01
8.006687760353088379e-01 1.709942370653152466e-01 5.156961083412170410e-01 2.585555016994476318e-01 6.511546969413757324e-01
