2.099598497152328491e-01 7.175976037979125977e-01 1.506956070661544800e-01 7.852171063423156738e-01 4.764776825904846191e-01
2.482677822230878462e-01 6.764431990302793851e-01 1.615217230348106325e-01 8.267379307684233902e-01 4.625108206118834220e-01
3.119676791187278031e-01 6.592019020290373899e-01 1.608196196077952833e-01 8.081103548006498549e-01 4.070774571217666282e-01
3.494939521678727679e-01 6.590436659338959613e-01 1.803897550709644415e-01 7.746969717028449054e-01 3.643422819814655100e-01
3.837387067446449418e-01 6.778308967442759903e-01 2.297861047255413125e-01 7.262721733304088323e-01 3.102589072473150855e-01
4.008257069238227444e-01 6.938524850114445863e-01 2.672732948890823024e-01 6.813543670012530695e-01 2.840944520736553014e-01
3.983580817257181828e-01 6.621358173375543332e-01 3.219993390508711362e-01 6.306823604990445808e-01 3.047786499000084692e-01
4.282047866234666711e-01 6.316965855867374691e-01 3.844331920076244358e-01 5.984206996374662468e-01 3.360747931798634403e-01
4.780728822194225125e-01 6.215961881542962919e-01 4.428907253688278978e-01 5.779756853794817406e-01 3.360377147256449759e-01
5.230599025930645629e-01 6.219966942522053843e-01 4.836398035602766932e-01 5.498976997119652266e-01 3.107256183776370695e-01
5.658864568820188845e-01 6.174915120662609613e-01 5.049183257745721853e-01 5.185934321839614780e-01 2.756757803076814728e-01
6.338275134105644248e-01 5.760738575146994167e-01 5.357682954483135029e-01 4.798215839670142424e-01 3.021833997351382473e-01
6.764871405799685045e-01 5.198370950337269925e-01 5.612651876541955298e-01 4.527056526124386138e-01 3.602880977432836862e-01
6.944041916188762320e-01 4.788823193603021222e-01 5.716560213946342284e-01 4.326698855224366813e-01 3.986553067500375747e-01
6.864975809521430827e-01 4.234669011220141832e-01 5.675014349698801475e-01 4.108430913810748875e-01 4.531750860242756418e-01
6.564555317013445190e-01 3.781273627652707581e-01 5.541635809398554047e-01 4.049225909503436083e-01 5.046916699330269429e-01
6.287217462227138176e-01 3.425784846269053219e-01 5.405769585199654559e-01 4.102546372523273588e-01 5.533071941885910894e-01
6.295515232265131988e-01 3.011091639451134450e-01 5.275478353198105319e-01 4.288595572493656416e-01 6.243771481192259554e-01
6.565629463157047763e-01 2.754581625295721703e-01 5.228794834540860803e-01 4.466627064958308968e-01 6.738784832340770636e-01
6.702446015034425608e-01 2.267293251086459349e-01 5.374069378455177404e-01 4.566230672236594734e-01 7.390715571290848995e-01
7.101018306958382098e-01 1.974312668285986005e-01 5.107815199875036516e-01 4.038214761276305298e-01 7.066977367500892893e-01
7.648445166180677379e-01 1.815099908466694112e-01 5.132344394047891889e-01 3.151065318217994848e-01 6.723278561785976937e-01
8.006687760353088379e-01 1.709942370653152466e-01 5.156961083412170410e-01 2.585555016994476318e-01 6.511546969413757324e-01
