2.099598497152328491e-01 7.175976037979125977e-01 1.506956070661544800e-01 7.852171063423156738e-01 4.764776825904846191e-01
1.920287622023752749e-01 6.977694754536066801e-01 1.404098108411336865e-01 7.780233757729462241e-01 4.581375907688304827e-01
1.896710516533788027e-01 6.622997655803395389e-01 1.258945672807148253e-01 7.773036849866723497e-01 4.407235412945239017e-01
1.946479051977605124e-01 6.470938915637156619e-01 1.391362803550761640e-01 7.554539279735874580e-01 4.204431924367129092e-01
2.105981679713826438e-01 6.467483501758749531e-01 1.585405260209262479e-01 7.432125528100255174e-01 3.951046691989548720e-01
2.369206059425878474e-01 6.433169058277556918e-01 1.754934721053279800e-01 7.385124525039197252e-01 3.715203277451673003e-01
2.700332941663080577e-01 6.390456443252021668e-01 1.932945561079826846e-01 7.358909140864141607e-01 3.500391985735500922e-01
3.008614194236814421e-01 6.370945225461633887e-01 2.099585036853835185e-01 7.348767568398063554e-01 3.333782162498369894e-01
3.350529604288618457e-01 6.363760590527944849e-01 2.297480951734256760e-01 7.349217485468516609e-01 3.194341385139825018e-01
3.672044579606679737e-01 6.349804059022475800e-01 2.498272854677067445e-01 7.343221343569538151e-01 3.114382366084971210e-01
3.944683276791881577e-01 6.314151068014705048e-01 2.680987681698562830e-01 7.311599269270123713e-01 3.085185442236081377e-01
4.189878344254419629e-01 6.206291418786454850e-01 2.901922461315457058e-01 7.159593121704385110e-01 3.057724061561927775e-01
4.229412375206291208e-01 6.101476155690879200e-01 3.101980618939051415e-01 6.882379983920721145e-01 2.970576675989571314e-01
4.154833783232994571e-01 6.098205230187705439e-01 3.286180729088224450e-01 6.621157187613762041e-01 2.868278996156349292e-01
4.118028307952505962e-01 6.164660018789726026e-01 3.552283437334491367e-01 6.360518262460459482e-01 2.793063161153018226e-01
4.167257065149244100e-01 6.192615780012821203e-01 3.839922906696277560e-01 6.100125082775939012e-01 2.792211112570242570e-01
4.270622513704153134e-01 6.138473222591922518e-01 4.060752792362425923e-01 5.820890270902397967e-01 2.869867634755206565e-01
4.390246798958649110e-01 6.051887013251352476e-01 4.188387996976590810e-01 5.538077741011808719e-01 2.994004906401370181e-01
4.499521038250277605e-01 5.976331904287678354e-01 4.252711756608870131e-01 5.285156956199295042e-01 3.127868923142125279e-01
4.639957528026567579e-01 5.871646396337851792e-01 4.284175892942684860e-01 5.033430648782584171e-01 3.332065242590434573e-01
4.846804688267642991e-01 5.722052087002783560e-01 4.301033834750860874e-01 4.897000827754255381e-01 3.595774134922611331e-01
5.076527436503505131e-01 5.565271890489421613e-01 4.342382242787866664e-01 4.879714043103715593e-01 3.831686319938912844e-01
5.240952119346585780e-01 5.407464252918759984e-01 4.432976742173281859e-01 4.870249635623691842e-01 4.032115847711328360e-01
5.205907399986072770e-01 5.209550425625767422e-01 4.666995732198467861e-01 4.748411007151756014e-01 4.256064967831690860e-01
5.108174737716566494e-01 5.072853537866099938e-01 4.888010919236412399e-01 4.641343409350047189e-01 4.433214825115006086e-01
5.071694922235909786e-01 4.916453893353276983e-01 5.116905738790479274e-01 4.616004329302583198e-01 4.695347548773984303e-01
5.056976217693049946e-01 4.724976035229698779e-01 5.249890081134869213e-01 4.705733096190300446e-01 5.042593786924112198e-01
5.088618203152946995e-01 4.541109299743650296e-01 5.278026507481291540e-01 4.832182079037047884e-01 5.356172394213253307e-01
5.329850071215516127e-01 4.285633333292563352e-01 5.305072016787273359e-01 4.859368430719684939e-01 5.533347366533838407e-01
5.494001433891282371e-01 3.980976649632139708e-01 5.209305358302558364e-01 4.681616854726670107e-01 5.482475166304282554e-01
5.519696629964224721e-01 3.732191829274490447e-01 4.996984088987847517e-01 4.518047407954340344e-01 5.479181122512624125e-01
5.492602680989802089e-01 3.543648261740743322e-01 4.765807637277553188e-01 4.394778573001763555e-01 5.577299443388427092e-01
5.448462301492350557e-01 3.363620437819459519e-01 4.580120237808357198e-01 4.270874878812274122e-01 5.821610063893339904e-01
5.459286463297052805e-01 3.146562579726157605e-01 4.564616039881460030e-01 4.175809925605497575e-01 6.154135668788945912e-01
5.533963200601060839e-01 2.909684914053923266e-01 4.670696071426376772e-01 4.166339837930086998e-01 6.412004824560324501e-01
5.702722145284613298e-01 2.645831968598789663e-01 4.700476762521067498e-01 4.300708896207959264e-01 6.549285452227537885e-01
5.608078391719280020e-01 2.450774393670756002e-01 4.878512270478969071e-01 4.026064821018902617e-01 6.578325809205747277e-01
5.796604466587208515e-01 2.405902928506313543e-01 5.018236387468459903e-01 3.837316983178849505e-01 6.756229826399423599e-01
6.064221348331187977e-01 2.371570015121290675e-01 5.076813433634057571e-01 3.638927808991658241e-01 6.731186399375689300e-01
6.410997328468898138e-01 2.267954762537295887e-01 5.104969170478216300e-01 3.432837239224143522e-01 6.669749186395071971e-01
6.720353765866189377e-01 2.160871219977302249e-01 5.116193997002687066e-01 3.267060981448789980e-01 6.636744195701514970e-01
7.090648580189801153e-01 2.031278483759445808e-01 5.128154137096211374e-01 3.070580136574140862e-01 6.600246072133132413e-01
7.399715986521667732e-01 1.922861157089180983e-01 5.137873468294062995e-01 2.906934891959637723e-01 6.570319402821286348e-01
7.738013799874350340e-01 1.804190136494044083e-01 5.148512016468735908e-01 2.727812709275622693e-01 6.537562384184852915e-01
8.006687760353088379e-01 1.709942370653152466e-01 5.156961083412170410e-01 2.585555016994476318e-01 6.511546969413757324e-01
