2.099598497152328491e-01 7.175976037979125977e-01 1.506956070661544800e-01 7.852171063423156738e-01 4.764776825904846191e-01
1.848316469413186502e-01 7.050595636879589678e-01 1.210460962986427136e-01 8.038516539136403294e-01 4.807002779477789756e-01
2.105211832593186783e-01 6.779387991052147067e-01 1.043893921044849460e-01 8.022916365081514956e-01 4.535300350103886324e-01
2.553528770255689140e-01 6.839512830853317071e-01 1.308643706536202211e-01 7.901420456503881473e-01 4.397457254212345235e-01
2.894535272997140751e-01 6.758768917593421799e-01 1.625091941514864857e-01 7.732425874598083393e-01 4.241262965420594666e-01
3.108728148423172133e-01 6.763184187022232008e-01 1.944950520568429764e-01 7.571569876667392229e-01 4.028990902613234226e-01
3.401703816757243870e-01 6.725533913664507590e-01 2.290272251916181945e-01 7.308421401049971511e-01 3.756516197939567259e-01
3.664981391010001532e-01 6.737624091262991444e-01 2.521563255090822353e-01 7.185911170925973757e-01 3.519758603303630995e-01
4.049609035133752699e-01 6.683844598674650861e-01 2.559833800991245800e-01 6.987749163407345199e-01 3.173176952917213800e-01
4.066138583638622128e-01 6.700272915181887390e-01 2.748265371197664564e-01 6.623495834788873937e-01 2.897521806147405066e-01
4.163378150803431765e-01 6.725429213294463748e-01 3.171043039765152893e-01 6.459445459389472344e-01 2.855768746150135762e-01
4.363370477062945008e-01 6.703667646675423031e-01 3.677055053562655607e-01 6.388849466631969509e-01 2.856316565229112259e-01
4.474876177494674367e-01 6.546724708043415442e-01 4.002768389924594716e-01 6.312140854193203365e-01 2.867776476153756637e-01
4.588917178905995709e-01 6.209260318425395830e-01 4.368686905600085990e-01 6.145214762877420078e-01 2.935408109591821635e-01
4.720139182988873361e-01 5.948187249856958791e-01 4.819210456688092781e-01 5.929420077412435042e-01 3.043011680163284494e-01
4.785156735040786979e-01 5.750698495860985249e-01 5.163071484874932615e-01 5.690296750584956653e-01 3.177182565038633721e-01
4.783233071229998634e-01 5.474090152861589287e-01 5.269256510181574704e-01 5.351782649235368172e-01 3.480117047388257556e-01
4.908500466718868638e-01 5.217667151190482633e-01 5.200823185920090408e-01 5.024791979977693002e-01 3.830621449452320526e-01
5.109463120892913102e-01 5.044058996848143073e-01 5.132449469389873675e-01 4.730477569170994379e-01 4.094371656156305939e-01
5.597761064411330700e-01 4.963818818454258652e-01 5.180650447572229256e-01 4.577939781496082050e-01 4.300229077660186472e-01
6.056083783894711248e-01 4.821881731914145486e-01 5.314766696164279214e-01 4.559297203534813936e-01 4.408144229076494391e-01
6.342570875983559731e-01 4.436799629776144727e-01 5.436495888704145907e-01 4.417287514304440998e-01 4.543566728551290956e-01
6.352521688087955365e-01 3.968473944862557778e-01 5.554218643953812151e-01 4.276858410093931084e-01 4.836012582779000701e-01
6.237556054426920404e-01 3.682826075122916376e-01 5.703421985090996182e-01 4.278500582190876145e-01 5.183679289172472560e-01
6.144354066758739297e-01 3.488113691322319299e-01 5.820233260296581168e-01 4.341579204215115229e-01 5.555912808396766822e-01
6.260918242980346715e-01 3.257039593779834652e-01 5.784125153297366984e-01 4.461422083240632608e-01 6.026597192179681262e-01
6.333046643900400730e-01 3.124140932381128666e-01 5.718524285882137237e-01 4.581229373439715813e-01 6.496737632432099119e-01
6.272080830721807887e-01 3.073421830893840467e-01 5.729851748661239919e-01 4.665009829329224700e-01 6.929653394492546470e-01
6.431665956627010683e-01 2.921573174469499490e-01 5.758582941948335865e-01 4.706251682353403964e-01 7.328968565925086942e-01
6.798420405113710929e-01 2.665114001548228861e-01 5.648098698815778862e-01 4.601249415893115535e-01 7.529960880404604762e-01
7.082761915880333436e-01 2.397132989400486136e-01 5.425012620412938968e-01 4.319521836402077652e-01 7.678001285566482537e-01
7.239610649152371513e-01 2.333743947808044616e-01 5.451858586207480872e-01 4.227265299823037004e-01 7.185855592277793358e-01
7.296454084359235148e-01 2.058902696677152866e-01 5.219939573662125687e-01 3.950098287240945139e-01 6.903241987454433737e-01
7.516744622687673294e-01 1.909289472723651737e-01 5.163463587521592846e-01 3.502672301478400585e-01 6.758680093110457365e-01
7.803358609667372381e-01 1.792672536338896783e-01 5.159659659096278439e-01 2.966163835033790441e-01 6.614108602151376193e-01
8.006687760353088379e-01 1.709942370653152466e-01 5.156961083412170410e-01 2.585555016994476318e-01 6.511546969413757324e-01
