2.099598497152328491e-01 7.175976037979125977e-01 1.506956070661544800e-01 7.852171063423156738e-01 4.764776825904846191e-01
2.535316944621908708e-01 7.101891594128458829e-01 1.787325724253621129e-01 7.910030959385416782e-01 4.651317389677233072e-01
2.879459094069904967e-01 6.872278078187057382e-01 1.899274203861374410e-01 8.142799956500497149e-01 4.422732542266856748e-01
3.214375540829836897e-01 6.695223406260313315e-01 2.179844630657421511e-01 7.955867412450465803e-01 4.172206585906198528e-01
3.414921321507701224e-01 6.686095200265944616e-01 2.469828613714830645e-01 7.563257422912362804e-01 3.987532633664835346e-01
3.542490759066119765e-01 6.718740306818284935e-01 2.668658251722936248e-01 7.259842517250165717e-01 3.835617352524605672e-01
3.782098878547234255e-01 6.709128365159464646e-01 2.911837257351855834e-01 6.951201777353498423e-01 3.546887584077488276e-01
4.067831970058993218e-01 6.600767458222207562e-01 3.262747710934588152e-01 6.652158662916242138e-01 3.412016778722790078e-01
4.311709510823704683e-01 6.448415423763218524e-01 3.663526107818881883e-01 6.365838373685048790e-01 3.445048604873994225e-01
4.448969994906623038e-01 6.249397261190414721e-01 4.014558901112519340e-01 6.088583236964524303e-01 3.548899050176547720e-01
4.563082792318138292e-01 6.014241578316591452e-01 4.270464938283795586e-01 5.785317138520232882e-01 3.694730765057463451e-01
4.708976261694712839e-01 5.772275779928103256e-01 4.428965649400638527e-01 5.460515724435249796e-01 3.870737215073959403e-01
4.924443694058660004e-01 5.531553382285209208e-01 4.577512423911726525e-01 5.102156403231874471e-01 4.088357527728658236e-01
5.185426461648913188e-01 5.377720880334100340e-01 4.745695494693250027e-01 4.854559486334568685e-01 4.256039607543831149e-01
5.526279090698773544e-01 5.237283571535915616e-01 4.952714440568293242e-01 4.686369647399068472e-01 4.370832874311134097e-01
5.954531413641273030e-01 5.049827022145665367e-01 5.192740735027574495e-01 4.557007145430397310e-01 4.442957370878523049e-01
6.299454047571746429e-01 4.818716374517298950e-01 5.384517583325859613e-01 4.441055162501384990e-01 4.464315665827068291e-01
6.650961104312664851e-01 4.363615761367931611e-01 5.591881492530530462e-01 4.265472534692745232e-01 4.501292664100163265e-01
6.873416218195194105e-01 3.905913787384286961e-01 5.674155879843139072e-01 4.190788700011764956e-01 4.725829352234514058e-01
7.060666287818679887e-01 3.662045315298485537e-01 5.651282100137656750e-01 4.257243629344155678e-01 5.150489838034614243e-01
7.171636685196655092e-01 3.418525311793019772e-01 5.561373851237465527e-01 4.360855671604050854e-01 5.721975109718955288e-01
7.194879825664544093e-01 3.233612279564878622e-01 5.491978388978496772e-01 4.425607634258135747e-01 6.106546264879109120e-01
7.153965356117368835e-01 2.992860789403631872e-01 5.421299900917033732e-01 4.474232989308808417e-01 6.549546185071933868e-01
6.902647338006243638e-01 2.700710359813880412e-01 5.336005628284524738e-01 4.479429645569980023e-01 7.018159483296293466e-01
6.610793320250174521e-01 2.482101653195639135e-01 5.279050970447475288e-01 4.413924733632153541e-01 7.239631158819449519e-01
6.359174499887935150e-01 2.080046015452022001e-01 5.246856969878855859e-01 4.021351751815510633e-01 7.221382288792432824e-01
6.723129195164752048e-01 2.014541671828101732e-01 5.272467790587166414e-01 3.646619719952552963e-01 7.005854437234488863e-01
7.164671433699747460e-01 1.920240955796404803e-01 5.250512017618029770e-01 3.204356720387966928e-01 6.821801046072792918e-01
7.650299189461724492e-01 1.798952535714400114e-01 5.196557089679284536e-01 2.847466630530612886e-01 6.642863908876445178e-01
8.006687760353088379e-01 1.709942370653152466e-01 5.156961083412170410e-01 2.585555016994476318e-01 6.511546969413757324e-01
