2.099598497152328491e-01 7.175976037979125977e-01 1.506956070661544800e-01 7.852171063423156738e-01 4.764776825904846191e-01
2.541181077388117715e-01 7.392466098626193638e-01 1.603877041649576785e-01 8.391068823292487933e-01 4.550677998251306255e-01
2.707208279947515006e-01 7.375750298431239527e-01 1.710984059232077414e-01 8.141219648650870333e-01 3.845448817007339759e-01
2.753261809114003755e-01 7.417579961083580198e-01 1.903967585599188883e-01 7.769192369606675586e-01 3.052990025444469735e-01
3.170740290522542359e-01 7.054053732789150599e-01 2.086089087893991112e-01 7.409561661075056982e-01 2.384319330009022075e-01
3.663799592407133709e-01 6.926247674650848341e-01 2.768219319443573911e-01 7.024408755424610407e-01 2.298811380503272550e-01
4.149564360011839814e-01 6.953071709726087457e-01 3.460900644163170115e-01 6.774790061757932635e-01 2.203389153751044716e-01
4.928119929373198094e-01 6.755396449293268324e-01 3.988095847691254248e-01 6.788464694373731456e-01 2.217342511008613959e-01
5.554176071864702635e-01 6.351485243937347036e-01 4.505009384885632073e-01 6.264640630093893936e-01 2.097474244744682859e-01
5.838412679414783923e-01 6.392919695208029163e-01 5.133610562242505448e-01 5.762174445361443187e-01 2.258927715891262122e-01
6.314793778668843505e-01 6.073128468890219844e-01 5.762459651417517481e-01 5.094502926168674728e-01 2.577582905432658222e-01
6.804336613748606100e-01 5.542134522411705788e-01 6.202154847888643463e-01 4.559726354152345840e-01 2.856350235587629682e-01
6.742640676488071971e-01 4.881139280912262790e-01 6.311282698234554900e-01 4.193171150372358436e-01 3.542257650257643609e-01
6.641908007725494389e-01 4.354728483478349510e-01 6.123235998087745990e-01 4.075396164558989232e-01 4.428198888161063995e-01
6.887646888163585501e-01 4.067441557708136313e-01 6.006075775539085893e-01 3.999180900960245810e-01 5.255937852781803477e-01
6.596299523239367302e-01 3.605305757739764583e-01 5.869618428324157033e-01 4.195710559976011389e-01 6.253786378625616482e-01
6.666423536736784117e-01 3.068773559665370909e-01 5.740819479368309830e-01 4.266845263516094722e-01 6.801119229984980974e-01
7.033535722333806861e-01 2.372031430743043179e-01 5.552787352124419762e-01 3.983835940562790445e-01 6.927359117147140477e-01
7.605288523499718067e-01 1.947489796533990458e-01 5.309890045145599924e-01 3.134855637217983104e-01 6.671237292239491357e-01
8.006687760353088379e-01 1.709942370653152466e-01 5.156961083412170410e-01 2.585555016994476318e-01 6.511546969413757324e-01
