2.099598497152328491e-01 7.175976037979125977e-01 1.506956070661544800e-01 7.852171063423156738e-01 4.764776825904846191e-01
2.425559879945736741e-01 7.077938250261283093e-01 1.556633846805322852e-01 7.764336354646419469e-01 4.653617211792370201e-01
2.489824622134046428e-01 6.959300078194854411e-01 1.579694236056803092e-01 8.053942762710085690e-01 4.419804622992945520e-01
2.719228039042187461e-01 6.847439224326427043e-01 1.528051345425855412e-01 8.289141094414854694e-01 4.245461420639363714e-01
3.005277057286070419e-01 6.731377667091247297e-01 1.582264832007764521e-01 8.338067468867775833e-01 4.030182812359382472e-01
3.256576843885953809e-01 6.631833278104285467e-01 1.725876050457153810e-01 8.298773042347774576e-01 3.811806353992015506e-01
3.561443867549251019e-01 6.525165867934290542e-01 1.954910701146996832e-01 8.214534148952288284e-01 3.569554477026427586e-01
3.738912653803393993e-01 6.381571491873929691e-01 2.035000829542877032e-01 7.987304025088247661e-01 3.322131400017547254e-01
4.085915138213087050e-01 6.299789235380793828e-01 2.324444469818802705e-01 7.908060903968899824e-01 3.331770514806290384e-01
4.273489318801168557e-01 6.284512012838520123e-01 2.633671647444467134e-01 7.756735451871690223e-01 3.326668763397304107e-01
4.419748617287592163e-01 6.295189319287696206e-01 2.959946626341102283e-01 7.536356718836186852e-01 3.302879208602952366e-01
4.535272079935724898e-01 6.312269431981435419e-01 3.231089310467752940e-01 7.300610078312681495e-01 3.254262721207866194e-01
4.683915996090839973e-01 6.311502640973752909e-01 3.501718190615686344e-01 6.993544415171082385e-01 3.168419890128472693e-01
4.793427479682352832e-01 6.265240705838780455e-01 3.663282022445375485e-01 6.650968107555479403e-01 3.071380795861730073e-01
4.778446176335678919e-01 6.181014547569275708e-01 3.734110147121767476e-01 6.215357998023159913e-01 2.999961100087699672e-01
4.825298693318331722e-01 6.177135231508661395e-01 3.937208348795460666e-01 5.880433622463026033e-01 2.998801695646359233e-01
5.018887782118033325e-01 6.239592886597908894e-01 4.177724373891145704e-01 5.819461305191115930e-01 3.016695925447098192e-01
5.270858967027962638e-01 6.307687836536967074e-01 4.437820127074421084e-01 5.770951043037326755e-01 3.084926816911707781e-01
5.518441851770952145e-01 6.329715373760801400e-01 4.668998121673088586e-01 5.663786940953654536e-01 3.246247960969770863e-01
5.686531465387998363e-01 6.272637596281438466e-01 4.822210854980143457e-01 5.505509873392657738e-01 3.480667719235269186e-01
5.779093872965673784e-01 6.131899668118876434e-01 4.928665750325330608e-01 5.314862554535018102e-01 3.789866374302765517e-01
5.776421854547868495e-01 5.948029556647818072e-01 4.986417907103002922e-01 5.171490721242122390e-01 4.071281393503151103e-01
5.710203033355089053e-01 5.707069988690611773e-01 5.029685126853524757e-01 5.041916099534244911e-01 4.350634927169257926e-01
5.609540867724824853e-01 5.461381722754518053e-01 5.037877277046233226e-01 4.928550517531588571e-01 4.559642810198594187e-01
5.526961970722574780e-01 5.198141760710688342e-01 5.017835578124897333e-01 4.814502865061781600e-01 4.730444382417124394e-01
5.529904411531866293e-01 4.881064627743145756e-01 4.993847941222239184e-01 4.702041902566969633e-01 4.888267356211120629e-01
5.654297572209515677e-01 4.610031456609377520e-01 5.000364285763553296e-01 4.642291267751905703e-01 4.978736217265799513e-01
5.889209951727985004e-01 4.321845560846601098e-01 5.042832569625406158e-01 4.624130864727597490e-01 5.037384365469501635e-01
6.153024214221924915e-01 4.081766130752792487e-01 5.113931776679035979e-01 4.654560998061975652e-01 5.081558547415052640e-01
6.308544750848392724e-01 3.778627119045035454e-01 5.186915610873661375e-01 4.668566492625565445e-01 5.231829905546105941e-01
6.158657183655225076e-01 3.480558734172475299e-01 5.178889136165346629e-01 4.622808108882647260e-01 5.440697783917667341e-01
5.935225540224708940e-01 3.256648614572653089e-01 5.111062747005790108e-01 4.602450628609953132e-01 5.610677200320035585e-01
5.736819375934473220e-01 3.042367209397913164e-01 4.995496826627914833e-01 4.621097471428100567e-01 5.829339988999385769e-01
5.557980491020158009e-01 2.829828910656280172e-01 4.816735087694454243e-01 4.657618606842820475e-01 6.162418488293581742e-01
5.490565653820336234e-01 2.689629826494613352e-01 4.691523319763337696e-01 4.656852215348128987e-01 6.467810086090256538e-01
5.564543122055449764e-01 2.514155520349166117e-01 4.567228033126843889e-01 4.590270923271159154e-01 6.807255826592333303e-01
5.836038291476011164e-01 2.353279344840727982e-01 4.531439208392000206e-01 4.447281597532781738e-01 6.948290530436106449e-01
6.107535678117362865e-01 2.229648666876439533e-01 4.637818906820134757e-01 4.230110466743153830e-01 6.915223405343980945e-01
6.253026403399453148e-01 2.110556492170116982e-01 4.799138488222879362e-01 3.949791119178753251e-01 6.891698091492660661e-01
6.448783431051700044e-01 1.991163806923881285e-01 4.863659344528703521e-01 3.640307032513195873e-01 6.894262154839380097e-01
6.771720658236287660e-01 1.933304669918099183e-01 4.912928005179627022e-01 3.377313132464047629e-01 6.822793217560411128e-01
7.098501294158802155e-01 1.872859042813862229e-01 4.976439465875549528e-01 3.164084991434503724e-01 6.739699180880587281e-01
7.440919377648654853e-01 1.811433755467770912e-01 5.044502433786098861e-01 2.945958943025840382e-01 6.653677812029081817e-01
7.765066788849728230e-01 1.753285985722113083e-01 5.108933712128678195e-01 2.739471618563949495e-01 6.572246353336820279e-01
8.006687760353088379e-01 1.709942370653152466e-01 5.156961083412170410e-01 2.585555016994476318e-01 6.511546969413757324e-01
