2.099598497152328491e-01 7.175976037979125977e-01 1.506956070661544800e-01 7.852171063423156738e-01 4.764776825904846191e-01
2.491853490706252283e-01 7.109396111076223823e-01 1.453116435198253675e-01 7.863212753777982789e-01 4.686171518213780307e-01
3.001805135500605903e-01 7.022838785376415149e-01 1.383122142937295296e-01 7.877567518536332525e-01 4.583980579652499054e-01
3.354006056914863310e-01 6.715105190745643826e-01 1.464814995547803200e-01 7.961043319290508347e-01 4.360984663961361418e-01
3.370147850211488993e-01 6.760746626903777479e-01 1.691350051009496980e-01 7.637517081054759904e-01 4.015893451165245542e-01
3.351624500615555946e-01 6.787385609228272498e-01 1.909972409459446685e-01 7.397516256734291140e-01 3.780762051320296080e-01
3.343163304807613700e-01 6.827911996136134531e-01 2.274186926115806529e-01 7.124379294259667317e-01 3.468793496302829404e-01
3.489603810165605724e-01 6.903344576783061459e-01 2.633788636800363792e-01 7.122254116764762388e-01 3.113604089372443706e-01
3.890460339578148408e-01 6.880496491426253414e-01 2.859741149442820984e-01 7.142338550264494268e-01 2.959652346071701134e-01
4.092347664518609096e-01 6.843458240230075873e-01 3.243400305378791870e-01 6.988873369542987213e-01 2.850267424709642672e-01
4.198184886095391311e-01 6.845132641852046396e-01 3.662740684753810760e-01 6.871019766706711884e-01 2.793643332542893321e-01
4.508968479935879792e-01 6.957402750964951643e-01 4.038158479181974680e-01 6.826183638950397148e-01 2.840419916703565972e-01
4.862236042467359409e-01 7.099304092961848944e-01 4.334073403410581560e-01 6.755477441346091627e-01 2.709250081875393401e-01
4.893263618961007366e-01 6.819773335043032292e-01 4.448515148061563118e-01 6.510914582876672352e-01 2.488436245423501780e-01
4.811833167570055969e-01 6.383490608940215472e-01 4.432023010360273685e-01 6.373813663433232080e-01 2.490504480220750994e-01
4.864074892874432066e-01 6.065735548653344855e-01 4.548983327377836283e-01 6.162562985885756683e-01 2.611188990015667621e-01
5.000280445606728463e-01 5.935625159401493045e-01 4.823091965181295349e-01 5.881207077149125384e-01 2.814895279153825647e-01
5.224947275824558535e-01 5.809032365903011863e-01 5.011293181251770257e-01 5.696711775321409155e-01 3.087955069885583992e-01
5.399847332229342767e-01 5.575263680229443075e-01 4.970470203461275771e-01 5.551390800798259306e-01 3.416323389534168808e-01
5.217530584163745377e-01 5.390594593377455723e-01 4.807504864392636024e-01 5.319759496810735344e-01 3.670339072234521383e-01
4.944556257307616276e-01 5.286819198365771966e-01 4.788332149205929977e-01 4.968420878589938638e-01 3.919762647883154316e-01
5.116566058574821829e-01 5.116563836225515027e-01 5.057260006546633324e-01 4.684727762957751063e-01 3.962528482406588726e-01
5.351199052585019489e-01 4.843087069112639309e-01 5.170721904928977652e-01 4.367788997225677261e-01 4.073084033032124407e-01
5.666704535797841835e-01 4.688023784715462106e-01 5.216591652792009759e-01 4.194593141547150461e-01 4.340264760105314590e-01
6.136403054297674409e-01 4.622677968081734812e-01 5.376034120208036393e-01 4.144980574342532753e-01 4.542141944528399478e-01
6.501678707575936356e-01 4.500168333560711775e-01 5.622261735170479557e-01 4.088804119934594250e-01 4.698498574774059300e-01
6.573261854657705960e-01 4.247116534330943605e-01 5.702576738988561766e-01 4.054686176906145967e-01 5.053842571793238925e-01
6.631947070554968793e-01 3.923584033215521405e-01 5.652293372423625728e-01 4.226136890653732769e-01 5.461135957376271888e-01
6.827379344079829160e-01 3.705065484372930262e-01 5.730190265977186392e-01 4.314387486362348811e-01 5.800984221617943026e-01
7.108872279829185903e-01 3.500249452032915265e-01 5.761492206476575006e-01 4.347550604548566788e-01 6.121585754644467414e-01
7.137593007507891940e-01 3.201340567533123571e-01 5.633573024193752055e-01 4.376972797805956938e-01 6.478209886875430090e-01
7.114326309584287911e-01 2.943314145039959140e-01 5.672000259699810920e-01 4.531996394993240695e-01 6.854391970526940714e-01
6.973132402386339468e-01 2.615143639636047235e-01 5.508481298079067612e-01 4.634241747242676124e-01 7.196073368148946381e-01
6.923643930298651883e-01 2.382113415343942442e-01 5.256429838051984715e-01 4.410929075422361789e-01 7.221045694723496888e-01
7.100422395167776957e-01 2.166856055738739240e-01 5.208564215071702641e-01 4.047145934886594021e-01 7.164002984321199419e-01
7.305128397348885638e-01 2.046254701985375235e-01 5.273862958923044575e-01 3.636820283439523571e-01 7.009027305978526856e-01
7.449587897165312889e-01 1.936747377956611893e-01 5.241252723144954606e-01 3.208159975604369385e-01 6.803049971177004274e-01
7.768924336620308679e-01 1.806739980237257182e-01 5.192935726701863874e-01 2.851275216143400182e-01 6.635956893571738346e-01
8.006687760353088379e-01 1.709942370653152466e-01 5.156961083412170410e-01 2.585555016994476318e-01 6.511546969413757324e-01
