2.099598497152328491e-01 7.175976037979125977e-01 1.506956070661544800e-01 7.852171063423156738e-01 4.764776825904846191e-01
2.427458126094480528e-01 7.054178893125604421e-01 1.725324060083169575e-01 8.029215934085413009e-01 4.577855642767211242e-01
2.973975551500540049e-01 6.943424066307379849e-01 1.786717542523605651e-01 8.098113065590104576e-01 4.413264687503364869e-01
3.325275240606874183e-01 6.909308011067871735e-01 2.217245585793663765e-01 7.931212354692579458e-01 4.271800941729815282e-01
3.386316830364419772e-01 6.522823417125435119e-01 2.559454475030318865e-01 7.896784677462662660e-01 3.946295403174477912e-01
3.591630933504590950e-01 6.543552206442851960e-01 2.854429775989716367e-01 7.520171540875707494e-01 3.580398502207333689e-01
3.755242663674301928e-01 6.579162742108478623e-01 3.105167293806646023e-01 7.156878756753595194e-01 3.432420767745873458e-01
3.974887582824488397e-01 6.612070206004686534e-01 3.394838244698064056e-01 6.840219945020357128e-01 3.397386625532259341e-01
4.230742076876289337e-01 6.562159846090567239e-01 3.805202174187728437e-01 6.463985331081717467e-01 3.450765934282516434e-01
4.401011823872233997e-01 6.271599306385859940e-01 4.163859080779133692e-01 6.136212547609752876e-01 3.578088513434370954e-01
4.557388073893234304e-01 5.928876825784565874e-01 4.308223403099974980e-01 5.822201129535212738e-01 3.680879798961135818e-01
4.791389994712614842e-01 5.693130303357836208e-01 4.405822899490231537e-01 5.298713981821195906e-01 3.785508525412361047e-01
5.007339041524839773e-01 5.567023710997246466e-01 4.463701900965962865e-01 4.914946325835228835e-01 3.890956360240254153e-01
5.290906516294042738e-01 5.406392466131082486e-01 4.606282138746826127e-01 4.554116387783446740e-01 4.060040200107787878e-01
5.597526877848285620e-01 5.208465907134730566e-01 4.917122736835288221e-01 4.324908908615086034e-01 4.296688786003056149e-01
5.836142527730905361e-01 5.023862815322088782e-01 5.280719568529915753e-01 4.131954359746127237e-01 4.448696095358136149e-01
6.191348309824465934e-01 4.801331695348351469e-01 5.597049834193257301e-01 3.949075095418289605e-01 4.472861307778607243e-01
6.622328612720140839e-01 4.434133853347414500e-01 5.731428729313458037e-01 3.922527447980019843e-01 4.562124860978682972e-01
6.834606261621517520e-01 3.972171117372361726e-01 5.684610776114138453e-01 4.080870119541778474e-01 4.831725914840617198e-01
6.848944711017379561e-01 3.619387931809963654e-01 5.718206536138745744e-01 4.285684573841732625e-01 5.406300643108573611e-01
6.972485081965293929e-01 3.406598748263811594e-01 5.772782564896660196e-01 4.336175589154218635e-01 5.809503039406951341e-01
7.149664736172878232e-01 3.172085659708424599e-01 5.774060739791612162e-01 4.458163063779270741e-01 6.294855814728790300e-01
7.082456325928087049e-01 2.953008456029446727e-01 5.588800338679107416e-01 4.620250643759495901e-01 6.776475883809629508e-01
6.756660806711881628e-01 2.788221511205739578e-01 5.415520935422848403e-01 4.663084310178429170e-01 7.026918519748476255e-01
6.282515562187256375e-01 2.505739954272852565e-01 5.241600428722111849e-01 4.543990199451464207e-01 7.224892500518736993e-01
6.374849580633558110e-01 2.100678921792051013e-01 5.123591199275162600e-01 4.075147931958680858e-01 7.376394995636904595e-01
6.763588912098223993e-01 1.978338856734147277e-01 5.112396233842567694e-01 3.657893391960445606e-01 7.258718949697146039e-01
7.205564423331634050e-01 1.891586471089206078e-01 5.121563050633775038e-01 3.273678206294455828e-01 7.018005557890288904e-01
7.681523642096196314e-01 1.783669025495656646e-01 5.142593545251056275e-01 2.864854045946438887e-01 6.717111022719061131e-01
8.006687760353088379e-01 1.709942370653152466e-01 5.156961083412170410e-01 2.585555016994476318e-01 6.511546969413757324e-01
