2.099598497152328491e-01 7.175976037979125977e-01 1.506956070661544800e-01 7.852171063423156738e-01 4.764776825904846191e-01
1.885776180720734885e-01 6.961276713223777390e-01 1.323620342843443154e-01 7.752873579777795898e-01 4.661479229271432989e-01
1.711353901844991088e-01 6.670486167141441713e-01 1.169694417340784720e-01 7.690265241924290063e-01 4.522509932498569030e-01
1.835843662228822115e-01 6.400058283201077725e-01 1.117978637550175874e-01 7.706686016649387794e-01 4.330786477895047781e-01
2.122916602597186009e-01 6.375421840692641062e-01 1.294682882932229884e-01 7.693946827973350278e-01 4.153698546086090904e-01
2.400127605007162379e-01 6.396782033471939410e-01 1.504138069539004419e-01 7.535855760201005671e-01 3.920800103684221050e-01
2.647138766831637624e-01 6.328181488461210868e-01 1.649762361612021611e-01 7.499988845870846355e-01 3.677793311341188698e-01
2.918061644771872687e-01 6.231703053307952045e-01 1.808823502384363791e-01 7.556902944925700805e-01 3.449273333669686248e-01
3.183473624758501597e-01 6.191481260270991216e-01 2.044958323564715075e-01 7.508644766841808815e-01 3.271587318680862499e-01
3.388464996247082528e-01 6.211401942789660513e-01 2.332747687891476573e-01 7.368737678241472633e-01 3.200786968879059669e-01
3.625394007639256011e-01 6.250046835920267663e-01 2.636873397758517368e-01 7.284941036636969347e-01 3.208628720497739284e-01
3.964450014820845025e-01 6.245313635311794398e-01 2.938807304769773809e-01 7.275937661961326963e-01 3.279297083833846993e-01
4.206707550674428919e-01 6.204389211426261097e-01 3.267445400676733946e-01 7.073298995082155649e-01 3.300529602144169350e-01
4.152929749750406963e-01 6.168411906471676920e-01 3.436641545687375010e-01 6.768239472616333074e-01 3.203551189357434215e-01
4.034035943869488938e-01 6.097966920195674323e-01 3.554797811353022641e-01 6.413237814367700462e-01 3.059689199480337685e-01
3.949168014495368917e-01 6.036705809159288449e-01 3.662560525841198067e-01 6.099347377660397918e-01 2.894103745846181019e-01
3.866050236066411738e-01 5.932847925486185447e-01 3.859005462851385349e-01 5.769578343874504078e-01 2.719514265947340914e-01
3.891661237615089419e-01 5.799867369786850801e-01 4.151024769041808948e-01 5.496285071124662469e-01 2.784950853293055584e-01
4.139508870488778358e-01 5.706418338162606574e-01 4.395326094525802141e-01 5.439839378032947925e-01 2.959673042194927994e-01
4.407984313765648809e-01 5.607388093177823052e-01 4.514317647671912126e-01 5.384933847913374594e-01 3.170279439081121198e-01
4.575833244820524115e-01 5.431588974527314928e-01 4.471772534624864903e-01 5.121469204073375581e-01 3.435393851814532717e-01
4.580383682345327556e-01 5.279047839485663252e-01 4.376054262284980179e-01 4.856383974821263938e-01 3.596041496382071934e-01
4.587785247903093389e-01 5.090054969945512209e-01 4.329557059437526556e-01 4.628621956083895372e-01 3.812858462472320520e-01
4.689405463236958616e-01 4.876206441468445840e-01 4.378421278881966527e-01 4.533510648680660893e-01 4.101061244984267051e-01
4.813736951169975131e-01 4.642281672885038013e-01 4.503971030847878643e-01 4.568800585521809454e-01 4.398299191602083047e-01
4.904318605537379971e-01 4.449936546246752722e-01 4.675639560677447015e-01 4.647967008153046087e-01 4.656004628521567268e-01
5.012204042239506441e-01 4.329394761824427729e-01 4.878396877804372922e-01 4.716259619168552963e-01 4.888460006247768996e-01
5.147373773048610213e-01 4.195198559975729102e-01 5.103643789934277919e-01 4.779729998629532739e-01 5.204841873647227946e-01
5.182962266253996475e-01 4.027729778356777812e-01 5.236768136741596358e-01 4.817172086711408729e-01 5.549630940236032206e-01
5.180222263122070681e-01 3.848379136748550366e-01 5.305579489242083779e-01 4.816200990421456440e-01 5.920254619935237939e-01
5.280219828083608791e-01 3.662448263023175832e-01 5.356313945909012553e-01 4.778395521582464167e-01 6.264048248565425858e-01
5.588245083382822331e-01 3.456311101614567005e-01 5.190516639225919437e-01 4.637652548294030619e-01 6.362893623847566404e-01
5.633421082653718992e-01 3.420662955779890657e-01 4.940398449411155801e-01 4.477611825404677615e-01 6.169353875211025517e-01
5.479744206867551704e-01 3.197446472229478753e-01 4.762907522953211403e-01 4.213949240191955936e-01 6.150734250508096412e-01
5.413406390107899924e-01 2.950106492263452895e-01 4.943180319139804380e-01 4.150910170827633028e-01 6.372613927870185435e-01
5.455056715524447819e-01 2.821678254728237079e-01 5.125848392387719610e-01 4.159218588478107992e-01 6.650570381181002411e-01
5.609462661403727957e-01 2.692948474862566499e-01 5.249759865259765457e-01 4.166499062875047010e-01 6.934915107444460380e-01
5.899794350845567470e-01 2.512900397564842847e-01 5.340365919433797126e-01 4.120659378831736386e-01 7.085792271780345652e-01
6.210703080058825876e-01 2.388846996082709950e-01 5.456375741009140690e-01 4.025233363518678220e-01 7.076871434739557820e-01
6.665363651645345167e-01 2.284976580971908311e-01 5.492531796666306754e-01 3.843672616635845363e-01 7.109518458520941442e-01
7.082098755702561643e-01 2.179524114339303487e-01 5.474469032150528491e-01 3.636933924017693442e-01 7.012796108883095902e-01
7.404953347371117101e-01 2.053096388889505131e-01 5.412142892592683996e-01 3.367163293216999809e-01 6.876813478886854014e-01
7.622931665574191884e-01 1.937000436903494327e-01 5.330398723060787436e-01 3.105372140755170984e-01 6.752917871908791225e-01
7.839742776298289639e-01 1.808719186879398366e-01 5.232411465515738325e-01 2.811690478081133038e-01 6.616550282759289248e-01
8.006687760353088379e-01 1.709942370653152466e-01 5.156961083412170410e-01 2.585555016994476318e-01 6.511546969413757324e-01
