2.099598497152328491e-01 7.175976037979125977e-01 1.506956070661544800e-01 7.852171063423156738e-01 4.764776825904846191e-01
1.956477153385030032e-01 6.930653889109796850e-01 1.528738411290441190e-01 7.605498586967491814e-01 4.658436602621393585e-01
2.025198333631272329e-01 6.685551227308448308e-01 1.531013583445730297e-01 7.871833853004691628e-01 4.483612664943335546e-01
2.338905336332883500e-01 6.639635551251326095e-01 1.536509089983546517e-01 7.774063444233507703e-01 4.292599376998714189e-01
2.326967282106116863e-01 6.602278629356732598e-01 1.704660381644187428e-01 7.474322543026624688e-01 4.121377902960989270e-01
2.465398729736004713e-01 6.468970831533265020e-01 1.844010978507922005e-01 7.262143906829173767e-01 3.873116576589437643e-01
2.697453173370616963e-01 6.393952872190137304e-01 2.062361789979031690e-01 7.226929332993050625e-01 3.691096483491665414e-01
2.963779581698452459e-01 6.363871498681438199e-01 2.309324577272346690e-01 7.274507491667699943e-01 3.544828092854832025e-01
3.229954287467610707e-01 6.351299692776304351e-01 2.541127549079008063e-01 7.337917597552154891e-01 3.423125719800978461e-01
3.459557751544763970e-01 6.346029252153868594e-01 2.718319692152961764e-01 7.380558378486397064e-01 3.339835607948825058e-01
3.758011514103880568e-01 6.348278408868458511e-01 2.909824570808917654e-01 7.387170495000048298e-01 3.268079850186546564e-01
4.053886947920823380e-01 6.377610768354370352e-01 3.166732610271971726e-01 7.234309738363782216e-01 3.204896955062713215e-01
3.997373778602776317e-01 6.365797719442743974e-01 3.425746692819713335e-01 6.973574767283106102e-01 3.093961630336118374e-01
3.922934925145927232e-01 6.292553405422203205e-01 3.609690763959107485e-01 6.712877820668772255e-01 2.931533295899120817e-01
3.995720069670611885e-01 6.245712644642928968e-01 3.762890763333002209e-01 6.371766090168397012e-01 2.785012938955149786e-01
4.204608029081042253e-01 6.199513193249797105e-01 3.955483793775803614e-01 6.068893873582527076e-01 2.731741391112791351e-01
4.474267272774998805e-01 6.279941107106019604e-01 4.187081559683901166e-01 5.929648742177382470e-01 2.784847303157043097e-01
4.686804614936586066e-01 6.326252852627580747e-01 4.362425629973694652e-01 5.818068994123937188e-01 2.909027021508638899e-01
4.861013293604397045e-01 6.282551480520780496e-01 4.538133224188947712e-01 5.642108519121133980e-01 3.109461195435606062e-01
5.025648899028827277e-01 6.204031261924878304e-01 4.715220906003679269e-01 5.456981665417766081e-01 3.360126105169531918e-01
5.179570121636557500e-01 6.149877996638952737e-01 4.814767388740794352e-01 5.271050747048621199e-01 3.636063139656237064e-01
5.203573628352065050e-01 6.040205284999342616e-01 4.728321604958241053e-01 5.039883182052096178e-01 3.996418818161220354e-01
5.127778221410183024e-01 5.803770896133726431e-01 4.625094016207067504e-01 5.079414897609788593e-01 4.265370627307614737e-01
5.148306922337175795e-01 5.537579800469001334e-01 4.586466577436116854e-01 5.196117781631527377e-01 4.435336409684503822e-01
5.222490129573542639e-01 5.226317776061226716e-01 4.581559172264895730e-01 5.245902828072387392e-01 4.550879647411928408e-01
5.267645944671208724e-01 4.899629656113432263e-01 4.626850330071043960e-01 5.138269895225403561e-01 4.652484671337604460e-01
5.148372864406827176e-01 4.664773632265674652e-01 4.650609359431528977e-01 4.915401296109346285e-01 4.782949955752689442e-01
4.995845875804518221e-01 4.513879588488932115e-01 4.803330032980526187e-01 4.710419474286927088e-01 4.866797076793353272e-01
5.158877705874479469e-01 4.381747381551784337e-01 5.153753061062580354e-01 4.639050923760927314e-01 4.972956478626012200e-01
5.306186363501144143e-01 4.122190698468773951e-01 5.194363603564837728e-01 4.611853175424230900e-01 5.220754664138482770e-01
5.414742797252309892e-01 3.887873716810666957e-01 5.126447440468629990e-01 4.652874835713933788e-01 5.427461176017057687e-01
5.508621035303818969e-01 3.627743154368565093e-01 4.988019830617944628e-01 4.730691740703249493e-01 5.667379522154230020e-01
5.543238050027917696e-01 3.404247716234123367e-01 4.852789338898738092e-01 4.771701409131533511e-01 5.921737209722948148e-01
5.557939851794791997e-01 3.167420841065319292e-01 4.770276399255337085e-01 4.744277639409125169e-01 6.194337970785435132e-01
5.590956291035747983e-01 2.888060179524522542e-01 4.752127049556471028e-01 4.641192625209565326e-01 6.433219516434592888e-01
5.684301738664393477e-01 2.592875616497736790e-01 4.794225386639083264e-01 4.486352379646840749e-01 6.602174754375759180e-01
5.879052984926728120e-01 2.368201602026733799e-01 4.902330781519128600e-01 4.355460692433600345e-01 6.721068497037407941e-01
6.140843972261167405e-01 2.255849467038487099e-01 5.051141145708869518e-01 4.281573543249712066e-01 6.804757673563603948e-01
6.473145954002222924e-01 2.193334409443793709e-01 5.208086214702948302e-01 4.190197107023758138e-01 6.840660959330752133e-01
6.794340935124558722e-01 2.140182191453091076e-01 5.274382946632137914e-01 4.019353167531009574e-01 6.800282126013977857e-01
7.096082318464597138e-01 2.053473250276837969e-01 5.233406507689385423e-01 3.739442129995126929e-01 6.720231399894082136e-01
7.331333147809195872e-01 1.945985229885748014e-01 5.149725637272750678e-01 3.427990759311871916e-01 6.653586085794945815e-01
7.562400128979807068e-01 1.839362641791148223e-01 5.114633879266353711e-01 3.116505419200534255e-01 6.600028355594541596e-01
7.807039651467787555e-01 1.768099543078271441e-01 5.137940643351767145e-01 2.824146497438521641e-01 6.551307566322432940e-01
8.006687760353088379e-01 1.709942370653152466e-01 5.156961083412170410e-01 2.585555016994476318e-01 6.511546969413757324e-01
