2.099598497152328491e-01 7.175976037979125977e-01 1.506956070661544800e-01 7.852171063423156738e-01 4.764776825904846191e-01
2.358755142404275473e-01 7.043756231211349972e-01 1.390131479084419364e-01 7.985679374521895690e-01 4.645123774654140725e-01
2.614579432924860058e-01 6.888801006025966345e-01 1.181315160265226510e-01 8.065024747564426555e-01 4.475245304692280213e-01
2.927837210127518519e-01 6.775361794882652777e-01 9.934460838513978209e-02 8.264275509287002386e-01 4.417595203208956045e-01
2.937647481795415683e-01 6.479949387604153621e-01 1.188875961169369028e-01 8.030916030652542892e-01 4.300338430557515412e-01
3.050275015167595583e-01 6.343519649757081158e-01 1.414949865170136711e-01 7.840793659188077802e-01 4.148673323824307313e-01
3.329171950677778380e-01 6.319239174960168404e-01 1.739389632719537393e-01 7.781407564220442774e-01 3.964241534210263262e-01
3.517300589746851225e-01 6.444686398835224317e-01 2.110937566918918429e-01 7.847944854024346828e-01 3.854605874483338357e-01
3.652248245925703296e-01 6.579761935874745005e-01 2.409614818697800032e-01 7.819201306013484620e-01 3.764387068150056304e-01
3.821775232617326545e-01 6.692302384403127080e-01 2.698862176799707302e-01 7.616168317962047629e-01 3.617546777062902175e-01
3.955622764251556789e-01 6.751707050425318490e-01 2.899908228835337276e-01 7.432887000552950152e-01 3.483876317721183447e-01
4.124794118182710800e-01 6.822923200522220677e-01 3.163537241836395508e-01 7.236030432474856999e-01 3.284670938297540310e-01
4.258663820084964691e-01 6.909198128555762430e-01 3.423763016301614726e-01 7.079144884358907763e-01 3.080774126972296578e-01
4.353491527004856310e-01 6.983788523647046498e-01 3.699218223436617214e-01 6.836107714826731296e-01 2.897488742281990048e-01
4.469264689933437618e-01 6.862834282195500180e-01 4.008056215558554181e-01 6.569701779916460316e-01 2.831738408944633467e-01
4.687695265507942910e-01 6.709245616658527922e-01 4.286146187234264326e-01 6.649813974382318138e-01 2.775184999327534041e-01
4.958196480958095842e-01 6.489503565114909112e-01 4.607536864863936432e-01 6.520909961594192339e-01 2.636572914940391588e-01
4.839348524433794707e-01 6.287760410041921544e-01 4.684638131259469818e-01 6.176084825879151197e-01 2.755126536895626255e-01
4.915450461830299100e-01 6.109335639533446383e-01 4.765932640817608368e-01 5.919804313803843643e-01 3.036625318671943852e-01
4.974729919447106186e-01 6.037767701705420986e-01 4.805542834235780880e-01 5.775133432817211032e-01 3.325304406493149179e-01
4.872671424698778453e-01 6.029354770304191646e-01 4.689747930522236707e-01 5.756431602716178819e-01 3.691767050443281462e-01
4.686607130732474702e-01 5.851954900313313113e-01 4.618148731257318840e-01 5.694675180771838763e-01 3.998301167792169819e-01
4.687571105009800121e-01 5.610068824998470927e-01 4.758932123121793478e-01 5.529517494125775201e-01 4.171287336779060939e-01
4.874977832032751923e-01 5.366550216418112251e-01 4.971008564869174307e-01 5.367234700350207444e-01 4.371946628226264786e-01
5.106255896381236559e-01 5.275464991798954895e-01 5.183334036273475887e-01 5.200717981923366207e-01 4.476985381623871940e-01
5.171445137974639561e-01 5.049418867715134152e-01 5.330273051943269502e-01 4.908178326807187686e-01 4.543399220431973418e-01
5.233355809467841180e-01 4.798637669309688825e-01 5.372972809742058153e-01 4.657089021215626845e-01 4.732639839001117621e-01
5.430110762162414506e-01 4.605797018034349932e-01 5.454568086609080657e-01 4.496288272753801163e-01 4.972640854557983658e-01
5.611250196376662558e-01 4.402093453352095564e-01 5.523831696161847216e-01 4.412858672595061371e-01 5.183082513548606940e-01
5.745086266619842119e-01 4.142557977223562116e-01 5.539006994822199825e-01 4.366776939266209800e-01 5.424647192026920139e-01
5.869230007088566126e-01 3.863741130820999015e-01 5.497728043581765478e-01 4.343369853998627628e-01 5.685225979135246632e-01
6.048901771752395184e-01 3.559042142914755624e-01 5.423579802800337912e-01 4.333759955148563381e-01 5.932673868406291851e-01
6.279862470365669136e-01 3.251304558014398993e-01 5.371603591365872177e-01 4.348184887818674071e-01 6.138206163780600688e-01
6.537257507798247547e-01 2.955215844607910203e-01 5.404478693707659431e-01 4.389051550305561045e-01 6.386451464358013919e-01
6.784873698427472677e-01 2.784665745680818261e-01 5.499979556318802532e-01 4.378973206436623800e-01 6.646967212090972854e-01
7.128549923881565276e-01 2.677952821928868965e-01 5.639365214577379826e-01 4.246123815429393988e-01 6.762841576536033905e-01
7.124599499788422108e-01 2.550836426424042402e-01 5.637768433900182119e-01 3.930355318692503874e-01 6.397455144744645938e-01
7.201510545080073156e-01 2.279978883370853138e-01 5.586097589161234112e-01 3.591057991822073081e-01 6.501874937006931754e-01
7.364373095379997958e-01 2.091294732584900729e-01 5.500075502723354992e-01 3.374178862599978568e-01 6.632975439737789358e-01
7.593033392052754849e-01 1.922689307845285855e-01 5.365935926198029948e-01 3.088584366780972590e-01 6.647958573635500690e-01
7.827603362618092975e-01 1.800920811505485886e-01 5.245947477276018400e-01 2.802490324500214181e-01 6.571581526144134600e-01
8.006687760353088379e-01 1.709942370653152466e-01 5.156961083412170410e-01 2.585555016994476318e-01 6.511546969413757324e-01
