2.099598497152328491e-01 7.175976037979125977e-01 1.506956070661544800e-01 7.852171063423156738e-01 4.764776825904846191e-01
2.328651237810709651e-01 7.012472465005364919e-01 1.421065844705071968e-01 8.182461143124083458e-01 4.748874483004379976e-01
2.581570049060684102e-01 6.819896366152907730e-01 1.364893527408903018e-01 8.386141057425151590e-01 4.433453150562937095e-01
2.718280811905069427e-01 6.576817669238590458e-01 1.366015989670035513e-01 8.262989014352966066e-01 3.989725393131205999e-01
2.957977701419777783e-01 6.519828484154273074e-01 1.568389120534726122e-01 8.057982694991362438e-01 3.688913476294291560e-01
3.291072311407732265e-01 6.581112010977269167e-01 1.894700490036782536e-01 7.842837260740463945e-01 3.475153983333496566e-01
3.442899655366432055e-01 6.672642363833343193e-01 2.343878525776707522e-01 7.495369311179359562e-01 3.202455856932933109e-01
3.271124277875332442e-01 6.666645443281535854e-01 2.627975253413745160e-01 7.157489367982859951e-01 3.040789745639463360e-01
3.423831178002876285e-01 6.574582362162738614e-01 2.973880536240633421e-01 6.754204362925322336e-01 3.004488687027722649e-01
3.606296682803319387e-01 6.570813666212680371e-01 3.211712253894535296e-01 6.571281322095102739e-01 2.902203676880667493e-01
3.878849234967274850e-01 6.608087916378467819e-01 3.558146488253707274e-01 6.248209521786222131e-01 2.682734535842096757e-01
4.084461889704283921e-01 6.639060467328777859e-01 3.813009248403914087e-01 5.979456436837804478e-01 2.514541188353497936e-01
4.225824244128155160e-01 6.439619521196799923e-01 4.261222293221503254e-01 6.031281326282340594e-01 2.322601111204298518e-01
4.459024536525888482e-01 5.998016632256998326e-01 4.374451186436171257e-01 5.841189170754661486e-01 2.344146866370497850e-01
4.701158948233867818e-01 5.710300066791242912e-01 4.545341834179582041e-01 5.560686235105353203e-01 2.482206626778486469e-01
4.950672083369632714e-01 5.537444428610098779e-01 4.777800487815174191e-01 5.249797253143529963e-01 2.765321800377570916e-01
5.004752630856008633e-01 5.426615159022903923e-01 4.772387878368742897e-01 4.964175553998568247e-01 3.082643502849446437e-01
5.413076949654855863e-01 5.253210712580819175e-01 4.825502729620373965e-01 4.794713059666368959e-01 3.406228825481666944e-01
5.845593886357801638e-01 5.241768735921954470e-01 4.988722087638610692e-01 4.905288510728341156e-01 3.422004172400444078e-01
6.304348732480518080e-01 5.292281446214766039e-01 5.223652916941087243e-01 5.019052311584746295e-01 3.560047254051860732e-01
6.578620804254734500e-01 5.262166795775874428e-01 5.541261321998769418e-01 5.028309971905188247e-01 3.998965601761527711e-01
6.571771663802719043e-01 5.089672058958257805e-01 5.716369564281843507e-01 4.898999544417896868e-01 4.490083737832814559e-01
6.546129221231061779e-01 4.787331034674548458e-01 5.747396913556203080e-01 4.776922994323399285e-01 4.867057481984843337e-01
6.506525124877188260e-01 4.377479338521758634e-01 5.734964569594734884e-01 4.764196071342852723e-01 5.275497607234242992e-01
6.464340249913975711e-01 4.007683166422992826e-01 5.724633612295914054e-01 4.883084442411372850e-01 5.687169442431997401e-01
6.457738455052220994e-01 3.718189772854377795e-01 5.742321929933522640e-01 4.982832739605628225e-01 6.098006917311762365e-01
6.555150080864432516e-01 3.408122131832476698e-01 5.817793564485239655e-01 4.921947736671568596e-01 6.543446607472437337e-01
6.825820634431369882e-01 3.087591060825849998e-01 5.944715911416345033e-01 4.731214931895002529e-01 6.844624559641085959e-01
7.123739273986179343e-01 2.580060430372140279e-01 5.866041354196961377e-01 4.441601504802702993e-01 6.970160297424433660e-01
7.085790530533490061e-01 2.283833957730693198e-01 5.570012140194591233e-01 4.265093457769259522e-01 6.964628709933218254e-01
7.168980707031601396e-01 2.051541507913754447e-01 5.261119303315079376e-01 3.872706657948047915e-01 6.850142927256692715e-01
7.512839179525827582e-01 1.925716288569181978e-01 5.196968682548857021e-01 3.329606250281390567e-01 6.731601147847764421e-01
7.802690263327027864e-01 1.799073616316836932e-01 5.173487302991934822e-01 2.892905478537616260e-01 6.602446292310394371e-01
8.006687760353088379e-01 1.709942370653152466e-01 5.156961083412170410e-01 2.585555016994476318e-01 6.511546969413757324e-01
