2.099598497152328491e-01 7.175976037979125977e-01 1.506956070661544800e-01 7.852171063423156738e-01 4.764776825904846191e-01
2.437990519833869718e-01 7.305632874071290583e-01 1.576666503185576440e-01 8.364737547617402402e-01 4.340972378932003162e-01
2.910493702618104361e-01 7.545075466605524195e-01 1.789051293564445089e-01 7.803509635716958659e-01 3.591267560702134931e-01
3.223509002460204775e-01 7.538198179755466466e-01 1.858717170117430706e-01 7.280392653322179664e-01 3.085912805428873140e-01
3.519466533688399013e-01 7.152058286073901261e-01 2.486863431485409059e-01 7.097349655700135873e-01 2.387283075450480629e-01
3.955826501536260364e-01 7.053288512095384766e-01 3.016651920614607518e-01 6.849026833910908385e-01 2.255186416833771523e-01
4.516189900332056584e-01 6.820152329549828973e-01 3.678636702356320454e-01 6.542347662393649399e-01 2.121438965592803150e-01
5.177730818576536942e-01 6.401442872312845811e-01 4.402811526606155157e-01 6.132694277450295717e-01 2.032438058557264893e-01
5.612315643564007583e-01 6.216613384656083374e-01 4.870112673326818520e-01 5.747786443575028104e-01 2.128788279405598449e-01
6.056432825270644527e-01 6.160538975521311356e-01 5.401371815899304041e-01 5.242261412161499656e-01 2.373999361829987054e-01
6.415126512260111991e-01 5.894983014843484526e-01 5.847345414762231686e-01 4.698368612192688754e-01 2.628249602347725311e-01
6.705409227930561045e-01 5.340227060538237369e-01 6.078990723009042307e-01 4.222022226664229883e-01 3.134165764952007160e-01
6.931749048075722675e-01 4.835789759516875286e-01 6.044392020403931420e-01 4.057573219731746561e-01 3.731507154243184909e-01
6.963045902831677125e-01 4.411475291164964618e-01 5.981055679177538220e-01 4.131288092768384823e-01 4.413193992658567266e-01
6.490726818092973360e-01 4.058049740446332820e-01 6.011551660586965662e-01 4.385715728190229257e-01 5.273565597754857892e-01
6.336102673452070899e-01 3.680316912911772986e-01 5.878879116717996567e-01 4.353363818407054442e-01 5.889808611471754052e-01
6.519537348765782614e-01 2.984581241545400943e-01 5.641308142075491805e-01 4.192392965056714327e-01 6.719715793566152229e-01
6.911947217713353409e-01 2.199591174037601737e-01 5.477475399189816185e-01 4.014460142235735107e-01 7.118592439987977416e-01
7.530027455891237231e-01 1.839118326333063491e-01 5.257114675834841933e-01 3.108483446793812166e-01 6.760431522669513305e-01
8.006687760353088379e-01 1.709942370653152466e-01 5.156961083412170410e-01 2.585555016994476318e-01 6.511546969413757324e-01
