2.099598497152328491e-01 7.175976037979125977e-01 1.506956070661544800e-01 7.852171063423156738e-01 4.764776825904846191e-01
2.577285659304475729e-01 7.095067761751142621e-01 1.727858927479677120e-01 8.001542673118727800e-01 4.590969494179399923e-01
3.090205997840037022e-01 7.018780789804626163e-01 1.845551359443706740e-01 7.796288881042928720e-01 4.696256858339405982e-01
3.592972525426024744e-01 6.965885956574843219e-01 2.062963416856778420e-01 7.442239986039816957e-01 4.522688307140229624e-01
3.851287121651642553e-01 6.935509019101990802e-01 2.294155746811999963e-01 7.110756672065687845e-01 4.176297166862733556e-01
4.065514830743108265e-01 6.832293023275523014e-01 2.559525753609713239e-01 6.855504152961110487e-01 3.829446506638899961e-01
4.378218322519773498e-01 6.679987338517614504e-01 2.912786337223743360e-01 6.607651406993602095e-01 3.506612077911724912e-01
4.382668942940781132e-01 6.595078532768452462e-01 3.470602957612193284e-01 6.466914909922327759e-01 3.474397671492562290e-01
4.462561643291479974e-01 6.399090978158559206e-01 4.089191068166230236e-01 6.105155482985483717e-01 3.564711843448551409e-01
4.727960342786298731e-01 6.159005280244412850e-01 4.354522493773739233e-01 5.736807458939480187e-01 3.582440847968476616e-01
5.138928522662524756e-01 5.882823872288867051e-01 4.628827236922037347e-01 5.474112217855514606e-01 3.627168083274677213e-01
5.507768486735794555e-01 5.694444529379333320e-01 4.899597094745519188e-01 5.253620347087609721e-01 3.711728015365922673e-01
5.875389203723793141e-01 5.516444659444059706e-01 5.179880517357282610e-01 4.956684314609570707e-01 3.836587423972729338e-01
6.308606989261020814e-01 5.272090475239581409e-01 5.419605527888708973e-01 4.615805414193210887e-01 4.024985606453619913e-01
6.654239035426856574e-01 4.988299054589402370e-01 5.525720623953485067e-01 4.377570230751037794e-01 4.251398106262608834e-01
6.847497580499810610e-01 4.624547124091374917e-01 5.588857413738321789e-01 4.218878325625726178e-01 4.536686955579349867e-01
6.898289348145402178e-01 4.155963183672736205e-01 5.645567074630982729e-01 4.146017592604960278e-01 4.891511762415310383e-01
6.897044744789556647e-01 3.736146751137290334e-01 5.657709689589315305e-01 4.172331824671885458e-01 5.363844058658771008e-01
6.902641764544624747e-01 3.528295050433871149e-01 5.587936664455062097e-01 4.220933833504884602e-01 5.942294448407734464e-01
6.908203757292008529e-01 3.327432323403368142e-01 5.470489234927917721e-01 4.208991617286409470e-01 6.426912423414706810e-01
6.800061636478819116e-01 3.067075041526318158e-01 5.295702628676351997e-01 4.166138757679679339e-01 6.876418294577748558e-01
6.381133967865545431e-01 2.699330442339282765e-01 5.021150276358085085e-01 4.238025231119995628e-01 7.254751716270191331e-01
6.192178359330416937e-01 2.339458733950611213e-01 4.928937863161202970e-01 4.436949437335150903e-01 7.492747940750678071e-01
6.742897494560783356e-01 2.162187203760011778e-01 5.207537184172327249e-01 4.434895718120376862e-01 7.470980655553421945e-01
7.152900410983978885e-01 2.022716992470367792e-01 5.300935989545264571e-01 3.938041015368273223e-01 7.233705417915160529e-01
7.414809958271124657e-01 1.908134785913149500e-01 5.198055389927992431e-01 3.333845204173498389e-01 6.917600922097402183e-01
7.768051178101224030e-01 1.789850690308868453e-01 5.173529714339789587e-01 2.887254814102733769e-01 6.675262059145855575e-01
8.006687760353088379e-01 1.709942370653152466e-01 5.156961083412170410e-01 2.585555016994476318e-01 6.511546969413757324e-01
