2.099598497152328491e-01 7.175976037979125977e-01 1.506956070661544800e-01 7.852171063423156738e-01 4.764776825904846191e-01
1.799824265170438808e-01 7.065998028836292244e-01 1.477485655948247156e-01 7.884276021497099718e-01 4.697419878449094477e-01
1.437905605315154822e-01 6.933221127301505415e-01 1.441905903386123400e-01 7.923036469064630438e-01 4.616099559507867989e-01
1.269234937546227515e-01 6.638318285874298397e-01 1.315348418961551080e-01 7.861696310621424377e-01 4.415600816455237387e-01
1.593719490156671748e-01 6.539732860419762428e-01 1.282097809426855639e-01 7.757069946773625935e-01 4.341779074154724083e-01
1.982180959486247729e-01 6.503161252439082496e-01 1.334724190376233577e-01 7.732757493559543338e-01 4.267026683724526870e-01
2.350839636045516656e-01 6.458627422801475060e-01 1.429355302308211728e-01 7.886699449613668866e-01 4.154182641587675362e-01
2.686017274864927473e-01 6.399219642410919340e-01 1.555055159707489087e-01 7.982454557106292148e-01 4.014439562423721131e-01
2.987615694317599657e-01 6.373148224907345671e-01 1.724717704650145511e-01 7.981503310127044948e-01 3.808077271725953117e-01
3.242073375320552731e-01 6.385940045084385064e-01 1.915422999271022553e-01 7.929937804049883576e-01 3.589147348977845819e-01
3.481932619335297296e-01 6.410032807924819220e-01 2.111481470485155609e-01 7.877418491067386119e-01 3.414302848615536345e-01
3.799649708684066374e-01 6.427127538204400192e-01 2.411712942772459844e-01 7.853750629446236697e-01 3.313293133215099440e-01
3.990955415187426580e-01 6.413588433572259273e-01 2.700302311038826897e-01 7.726400008808996800e-01 3.288647267193501866e-01
4.114433909226550279e-01 6.399908428951951445e-01 3.034530520357747174e-01 7.512103680039721176e-01 3.306614359010417448e-01
4.172181665314321219e-01 6.434460592352470032e-01 3.353822758271640114e-01 7.317611701784413336e-01 3.336823746565980020e-01
4.167902963065052147e-01 6.573761612301747270e-01 3.687589381090073948e-01 7.112582591052555303e-01 3.322805174774428050e-01
4.120949684518034895e-01 6.642095055183921959e-01 3.823486229346506615e-01 6.791301413342342164e-01 3.180113849217645616e-01
4.267288404690393611e-01 6.513600641420806969e-01 3.852404036096019335e-01 6.507661081004739723e-01 2.970783790339008856e-01
4.506632141077951403e-01 6.336851244067915889e-01 3.898838882119470828e-01 6.273473172640547935e-01 2.826319198795270160e-01
4.739653957635184822e-01 6.258507797984805832e-01 4.031571569093587160e-01 5.997932247241580805e-01 2.901653393973171458e-01
4.809368114474552036e-01 6.305921012268451697e-01 4.187554281929653510e-01 5.787139562264582704e-01 3.164530539200113290e-01
4.685352801441441950e-01 6.346268253107557600e-01 4.301616446743795619e-01 5.613642984385149859e-01 3.466064635878582934e-01
4.640031419918551059e-01 6.229450078031648630e-01 4.497293300328679688e-01 5.396642267106405155e-01 3.763879905516777091e-01
4.891594121284910113e-01 6.092154288650012406e-01 4.738777756333235613e-01 5.329275955577031931e-01 3.908451188862784864e-01
5.210225146577976973e-01 5.963716550501765301e-01 4.976458788989107651e-01 5.322845111276789387e-01 4.027957480426260228e-01
5.385545844030220630e-01 5.700010266647536072e-01 5.069873612851591993e-01 5.346898309295543550e-01 4.282355420660582390e-01
5.412465501937990808e-01 5.379856501691893111e-01 5.054721654359052296e-01 5.424374703267886844e-01 4.512360972928070035e-01
5.339870801823458635e-01 4.986013374910061580e-01 5.052126768693394609e-01 5.289224583139681135e-01 4.689169974854737744e-01
5.216354038406160187e-01 4.716070531664509069e-01 5.040171682166499911e-01 5.027995053415802440e-01 4.768279814482555556e-01
5.139766844418898195e-01 4.530206369260838528e-01 5.026635946269045752e-01 4.808926574177940227e-01 4.830385454324060968e-01
5.135683324118659465e-01 4.249689693939880386e-01 5.013203616144603636e-01 4.503795715397808097e-01 4.977780250510301374e-01
5.285579696336775157e-01 3.974323286167707470e-01 4.999071817279104879e-01 4.294576459735375829e-01 5.188312986715110098e-01
5.401811878657282184e-01 3.748091011402076012e-01 4.857601890470660266e-01 4.332472215527763959e-01 5.452319122037226906e-01
5.114422584593196763e-01 3.567686132866736415e-01 4.762925869235766774e-01 4.429867791730284221e-01 5.601949039169403788e-01
5.200945164286471245e-01 3.199443851168784492e-01 4.879589251845752873e-01 4.472083505002066861e-01 5.891788159555082505e-01
5.415618706191100973e-01 3.017934776565067700e-01 4.909067487646694428e-01 4.493874557986397567e-01 6.099026488822266723e-01
5.621994761547759456e-01 2.804565681204240768e-01 4.917710321609771174e-01 4.452475530398192216e-01 6.348324348996833288e-01
5.828259865556200126e-01 2.560356688689601756e-01 4.928497640699116000e-01 4.313572990789882877e-01 6.604101809372961984e-01
6.101787556444715488e-01 2.316571366817780919e-01 4.986002901523629016e-01 4.082496536571557089e-01 6.783797052370924563e-01
6.383368819310789588e-01 2.158502610693662505e-01 5.060818498811717747e-01 3.844483480749190107e-01 6.816113313019619424e-01
6.660163991616928625e-01 2.040067755656451431e-01 5.110347051534801510e-01 3.586765209001053778e-01 6.787928745988655033e-01
7.033636794143404147e-01 1.922147886273856687e-01 5.144840312080599665e-01 3.271006869351382740e-01 6.722309952252716325e-01
7.383221055072181072e-01 1.842360550122382201e-01 5.152555835879863988e-01 3.016208391344223361e-01 6.645451031994010771e-01
7.725839479399189136e-01 1.769591775755261776e-01 5.154976685229966105e-01 2.779548150627214609e-01 6.571865708922811633e-01
8.006687760353088379e-01 1.709942370653152466e-01 5.156961083412170410e-01 2.585555016994476318e-01 6.511546969413757324e-01
