2.099598497152328491e-01 7.175976037979125977e-01 1.506956070661544800e-01 7.852171063423156738e-01 4.764776825904846191e-01
1.812044895312490689e-01 7.174773959334835860e-01 1.398602630115797774e-01 7.933243747793025102e-01 4.696940435108746259e-01
1.846800044110010475e-01 6.793554207296289560e-01 1.424393823866633435e-01 8.043755317666798632e-01 4.786260903020702617e-01
2.150066637460464336e-01 6.646037367787712702e-01 1.443634976426304561e-01 7.932696509323711176e-01 4.636730770951916769e-01
2.323212332435776462e-01 6.570710073848832211e-01 1.478919638554468396e-01 7.793899763986481544e-01 4.298729440277396785e-01
2.377072448875981736e-01 6.577480619095633640e-01 1.684343292174634299e-01 7.627362693380561609e-01 4.050433246368346230e-01
2.650673368115575856e-01 6.582264280224490172e-01 1.940105725942686543e-01 7.532408174856117800e-01 3.856349409831728581e-01
2.937285357209763470e-01 6.570997318490234829e-01 2.164340314361553053e-01 7.497044683399418652e-01 3.720073680873609012e-01
3.175364617895166663e-01 6.554962620145389218e-01 2.355692445566293647e-01 7.484793655348251917e-01 3.603454112311036406e-01
3.450370255680463294e-01 6.548101334923209782e-01 2.573934794599699316e-01 7.503129989592092208e-01 3.468942624537758035e-01
3.731798183232911126e-01 6.562015418807783940e-01 2.803304507267596613e-01 7.556740120990762533e-01 3.345123788991548608e-01
3.939496883805443384e-01 6.555919794225032460e-01 3.072158840995759532e-01 7.525354412186143760e-01 3.252130729495321670e-01
3.986933852049990845e-01 6.495940721252595473e-01 3.360797583356118778e-01 7.275709071877052292e-01 3.175972257408668509e-01
3.944138425593944897e-01 6.424378991976038566e-01 3.517936338488848458e-01 6.963055992178145415e-01 3.093410492795977129e-01
3.951349791958915225e-01 6.341100792648007856e-01 3.651939154168653556e-01 6.627901475172668366e-01 2.967504702655361370e-01
4.062765556214190665e-01 6.262929569785387063e-01 3.800184916250288203e-01 6.354854628879580414e-01 2.816451427912013972e-01
4.312013190048964995e-01 6.214947262682405382e-01 3.969254859086007170e-01 6.190353335323504069e-01 2.690562725153356483e-01
4.681280827051216287e-01 6.253580311641502298e-01 4.168912804332554622e-01 6.055952637379848902e-01 2.792261398267822381e-01
4.766694185507505677e-01 6.289218657555327718e-01 4.276263195131818073e-01 5.829846680962146310e-01 2.996536672021027914e-01
4.720854351014786010e-01 6.264089284389107171e-01 4.345729519878385738e-01 5.555469828659914677e-01 3.162868158065301749e-01
4.712044078643583545e-01 6.161533833006440641e-01 4.462841071672433158e-01 5.279441717856296901e-01 3.351864625825636823e-01
4.843064281257293269e-01 6.045291884606135424e-01 4.643169667160495506e-01 5.148771385256005750e-01 3.592667682614952285e-01
5.006210310636027838e-01 5.915845054349808674e-01 4.797515023370757525e-01 5.184024654612390259e-01 3.881585812796699009e-01
5.077615616745249083e-01 5.682135875540998970e-01 4.771682759718890443e-01 5.342206442385682985e-01 4.168180066148903240e-01
5.117813729943996304e-01 5.431423120031606544e-01 4.612886223962467391e-01 5.426735550082725235e-01 4.377962635416084991e-01
5.195281276353446165e-01 5.137013973551408652e-01 4.514257697217296528e-01 5.395714889236937761e-01 4.588141636589866401e-01
5.273448218378596897e-01 4.915125085842622088e-01 4.587599300899459775e-01 5.236802496687624764e-01 4.723233223670390557e-01
5.264490719777853434e-01 4.715859562574293840e-01 4.686235309320264109e-01 4.952407029401570959e-01 4.809240443854859715e-01
5.210215758742879899e-01 4.492695688234853435e-01 4.771081748180510673e-01 4.688321165525741741e-01 4.865571979491346011e-01
5.323220062488792648e-01 4.169808424252149370e-01 4.962947432154108940e-01 4.597405742168092502e-01 5.015651625191238638e-01
5.486247412106167731e-01 3.941056176795411647e-01 5.041390668758364280e-01 4.694690607448376851e-01 5.223255301106475290e-01
5.645786998861548334e-01 3.700254804418744992e-01 5.056010730273089449e-01 4.773963067161696716e-01 5.477943796658114595e-01
5.703165265997349742e-01 3.488137345948952861e-01 5.016404618121593773e-01 4.796135709108167444e-01 5.766609503629904765e-01
5.721483715154681571e-01 3.235240033440279217e-01 5.000717163642302010e-01 4.749000476383375968e-01 6.077182197187450674e-01
5.842545787140278613e-01 2.938674878586292616e-01 5.057024707846908829e-01 4.593772163488979987e-01 6.122069196775129507e-01
5.776287973630302996e-01 2.718277944767148457e-01 4.924208383184747184e-01 4.437294248055477230e-01 6.332002794503569509e-01
5.777140457873107815e-01 2.522051279589762052e-01 4.908561096155318326e-01 4.312016186586700717e-01 6.650612815355735341e-01
5.981637142408714469e-01 2.336853083566675371e-01 5.021976018485880822e-01 4.224959226006900770e-01 6.832116434267357929e-01
6.221609802123492239e-01 2.142608884977028338e-01 5.121436992937233867e-01 4.077031498661231601e-01 6.891127619274840521e-01
6.477934817461012962e-01 1.993152376998005848e-01 5.172830986299397082e-01 3.842635621481425567e-01 6.876694021662488332e-01
6.790387731738012356e-01 1.911121889176976008e-01 5.180111653291418206e-01 3.576904491900216865e-01 6.807744041856063077e-01
7.141097279419610366e-01 1.852642201972224956e-01 5.173846544975214679e-01 3.291522650568241559e-01 6.722612372852134754e-01
7.451702923128904477e-01 1.801393543494382021e-01 5.167828605815090182e-01 3.038264618927389860e-01 6.646967988047652875e-01
7.762515672742228423e-01 1.750177386620056508e-01 5.161742377340038379e-01 2.784729915426500391e-01 6.571127034684748347e-01
8.006687760353088379e-01 1.709942370653152466e-01 5.156961083412170410e-01 2.585555016994476318e-01 6.511546969413757324e-01
