2.099598497152328491e-01 7.175976037979125977e-01 1.506956070661544800e-01 7.852171063423156738e-01 4.764776825904846191e-01
1.932238432695852215e-01 6.966173517772057400e-01 1.315601145610865996e-01 8.100653119549678927e-01 4.635095810386939963e-01
2.004660830669002525e-01 7.088635966657128584e-01 1.095044164236397971e-01 8.491069094965655317e-01 4.568759497165516548e-01
1.869108688300640808e-01 7.051432742151981792e-01 1.103319748468568617e-01 8.076877213345106110e-01 4.171495832041762220e-01
1.862496336549696874e-01 6.891390448659584500e-01 1.183116735126230334e-01 7.680155495738795191e-01 4.171642931086624873e-01
2.072592190907383558e-01 6.738274469607058448e-01 1.305812328654792354e-01 7.367585285933814232e-01 4.226916469928061471e-01
2.541783955597191058e-01 6.648380642455369305e-01 1.467251657809103549e-01 7.229608883799848451e-01 4.261509300360997177e-01
3.033417429454649539e-01 6.601249934295755351e-01 1.611112749358611929e-01 7.234473819019695551e-01 4.259902998610766156e-01
3.451305428476115766e-01 6.551579464205291581e-01 1.878530992371917341e-01 7.156754858246312523e-01 4.201643116542803091e-01
3.595470976939166285e-01 6.538640534033064444e-01 2.278706065928849112e-01 6.990987550075835610e-01 4.054704774716632043e-01
3.645770833686292067e-01 6.570323568766701650e-01 2.640696617878761643e-01 6.881000635489031847e-01 3.877975243823378881e-01
3.804414052821240011e-01 6.643983345413086994e-01 3.053613408983629207e-01 6.803635322880383640e-01 3.634359457802960880e-01
4.058983228026014634e-01 6.714372684746328090e-01 3.472384085032591550e-01 6.708172086588378713e-01 3.351330912035381249e-01
4.305165795245606830e-01 6.706435719238964532e-01 3.795916439514979146e-01 6.598040197118320016e-01 3.096274408532215250e-01
4.576822878461022093e-01 6.591367952081169657e-01 4.082583268658310782e-01 6.490041843672712529e-01 2.856429348339979968e-01
4.905121562583159012e-01 6.395035252089413813e-01 4.355452108805202283e-01 6.319747195621374658e-01 2.681786089266902096e-01
5.196803675856539462e-01 6.268499771787032770e-01 4.564062577435373802e-01 6.116271458291899776e-01 2.646803087907032004e-01
5.490072800023152455e-01 6.230409150148387143e-01 4.770987790680565332e-01 5.892419141412480466e-01 2.749260128967728201e-01
5.741688951075404335e-01 6.230172737557109208e-01 4.964534641382662983e-01 5.693833914666043272e-01 2.968891085123817608e-01
5.911303519062856004e-01 6.159896525696014757e-01 5.133843090976938361e-01 5.519562894604275183e-01 3.320152419345190897e-01
5.935902459710625800e-01 6.001913164054394345e-01 5.239301524315269631e-01 5.443701804240009823e-01 3.694054543359554521e-01
5.857039583025854812e-01 5.791366872363631346e-01 5.291441505562330949e-01 5.491753633435464410e-01 4.104900356847982490e-01
5.744646413306198074e-01 5.552809932131179682e-01 5.249337129654254586e-01 5.608273657023171710e-01 4.551632016082498011e-01
5.660316238075274731e-01 5.341858289248864189e-01 5.156915442453977594e-01 5.660685441815646035e-01 4.868368854097867016e-01
5.559330217822763265e-01 5.032691810154680256e-01 5.052451354399587480e-01 5.424834327280666502e-01 4.997585367907763643e-01
5.563923559439609701e-01 4.953383436335107581e-01 5.101389577146208110e-01 5.052630792828952666e-01 4.763955979378330929e-01
5.633678226202246675e-01 4.818488690769185401e-01 5.131801426013209433e-01 4.656782283563808966e-01 4.639592192296138062e-01
5.656796048986423298e-01 4.473276498303601079e-01 5.101974103182027598e-01 4.360405054877407038e-01 4.817172795292792298e-01
5.798554237416202461e-01 4.068028519354106032e-01 5.123184657007403553e-01 4.227667535619910044e-01 5.076790465353482329e-01
6.123637156283544547e-01 3.844210122136517693e-01 5.216202987996987339e-01 4.132639074079412778e-01 5.137761134504758020e-01
6.151970028193344264e-01 3.528446575552271480e-01 5.295975863029714903e-01 3.933367397454746728e-01 5.373109472011982080e-01
6.070725173738837910e-01 3.282914752850308315e-01 5.249322733904888683e-01 3.975987561537878689e-01 5.786780096887440550e-01
6.191074355677446128e-01 3.109900408373555414e-01 5.255603770493941784e-01 4.120173235467696204e-01 6.139781280619813764e-01
6.413825380634651241e-01 2.946911955628296886e-01 5.295288176854763273e-01 4.228789175678321355e-01 6.455088390401502174e-01
6.756993777791495681e-01 2.845738043978603415e-01 5.398965840253583393e-01 4.281290421253011735e-01 6.689694747640069217e-01
7.101700227037098800e-01 2.668100633507892727e-01 5.531490414922493049e-01 4.235534670656754819e-01 6.899894290319522616e-01
7.220851510891730385e-01 2.295236883416300611e-01 5.563781484018676116e-01 4.006815180642408492e-01 6.975471173682092907e-01
7.525719432253121788e-01 2.072175381485562018e-01 5.547982090860947846e-01 3.652312829577153419e-01 6.942623964777137058e-01
7.749443099428023896e-01 1.905454861719384496e-01 5.420921847827682161e-01 3.303529149839008472e-01 6.895301896789947094e-01
7.894952890775167598e-01 1.794863716004236054e-01 5.271613109540118636e-01 2.897408898840729830e-01 6.678231893431494370e-01
8.006687760353088379e-01 1.709942370653152466e-01 5.156961083412170410e-01 2.585555016994476318e-01 6.511546969413757324e-01
