2.099598497152328491e-01 7.175976037979125977e-01 1.506956070661544800e-01 7.852171063423156738e-01 4.764776825904846191e-01
2.690052199463575655e-01 7.040349680871917926e-01 1.412427516974025521e-01 8.419437804906961809e-01 4.443270737536773041e-01
3.075493682756992309e-01 7.185600011766400952e-01 1.440852053969950697e-01 8.148973411883929652e-01 3.564463672573733311e-01
2.988279690439362701e-01 7.327704571369522135e-01 1.583023888194373119e-01 7.554945348746440192e-01 3.085280996614125915e-01
3.216822862611822820e-01 6.935514108407300204e-01 2.432006644370343640e-01 6.840082592623391022e-01 3.131494391477365746e-01
3.760833911033907295e-01 6.795214436782620604e-01 3.125850404255491877e-01 6.533664192908473778e-01 2.958384681701718422e-01
4.570619470528433093e-01 6.582789110202960092e-01 3.734434019053339271e-01 6.424796108404922101e-01 2.517246645496784563e-01
5.041359736623931553e-01 6.521946394644271283e-01 4.509883410950233928e-01 6.378853584708980007e-01 2.250101333939429071e-01
5.740408596185198054e-01 6.354134621255900228e-01 4.952371797526354813e-01 6.060523967957132108e-01 2.524812694656027867e-01
6.299756462125509771e-01 6.167301225306267565e-01 5.223124070091939020e-01 5.680038818910155829e-01 2.807644225119426129e-01
6.833945965016688939e-01 5.560398370487887876e-01 5.817020028300948775e-01 5.022305307946537400e-01 3.229635360260625920e-01
7.252468182571644162e-01 4.919911943713451974e-01 5.927913524283384694e-01 4.388966468126347942e-01 3.842640843742800572e-01
7.438967948416718157e-01 4.406219424630605230e-01 5.894440619331022813e-01 4.005844332873508273e-01 4.324387634669726310e-01
6.707946307275389763e-01 4.156550423848215936e-01 5.373319366628120930e-01 4.111203273091044719e-01 4.719634529169531856e-01
6.029369221551241775e-01 4.184998251843067285e-01 5.253325951589429277e-01 4.250862197759157635e-01 4.870379233207152714e-01
5.439473624985643463e-01 4.012616165105060695e-01 5.151807802294005034e-01 4.372893943137411976e-01 5.275339298953674039e-01
5.541725304800245722e-01 3.290306047123932598e-01 5.140238538986167116e-01 4.349707249443457990e-01 6.234749881569336960e-01
6.229619649635260714e-01 2.729667984078609777e-01 5.411713423326480754e-01 4.427062860332161010e-01 6.851249876004527062e-01
6.693319189360931176e-01 1.972553314453359963e-01 5.009591150711001362e-01 4.062643030485161288e-01 6.934185643422720036e-01
7.569484316118708644e-01 1.798184436824118715e-01 5.095348383459433750e-01 3.140451113021458518e-01 6.684018783366295624e-01
8.006687760353088379e-01 1.709942370653152466e-01 5.156961083412170410e-01 2.585555016994476318e-01 6.511546969413757324e-01
