2.099598497152328491e-01 7.175976037979125977e-01 1.506956070661544800e-01 7.852171063423156738e-01 4.764776825904846191e-01
2.153986051189883677e-01 7.144831738681322042e-01 1.327753152304678719e-01 8.146847431950885454e-01 4.645643675489836699e-01
2.503885264600786975e-01 6.947753438006094573e-01 1.435064772042781156e-01 8.192639330705542289e-01 4.601435320451088828e-01
2.690828759912653467e-01 6.728997655965229807e-01 1.480228496679385775e-01 8.182356228374508822e-01 4.340646326491773288e-01
2.818256350055493020e-01 6.684343176617296711e-01 1.604268708962809653e-01 8.083308253803461740e-01 4.020121477004594546e-01
3.015784024304071775e-01 6.677747123506880822e-01 1.676749619853900586e-01 7.977996832012210771e-01 3.753461258242916099e-01
3.325590646351777036e-01 6.605964708203722058e-01 1.818114939231017801e-01 7.887941666659957773e-01 3.581465748856412223e-01
3.662293808915021986e-01 6.570560296372507381e-01 2.070705877965910158e-01 7.839684452968891382e-01 3.474796381086299180e-01
3.940315163225159845e-01 6.597585527672410466e-01 2.349306102191122125e-01 7.795025558544762534e-01 3.396154581181447529e-01
4.174858910328613781e-01 6.635172263502396861e-01 2.633214950548604105e-01 7.731722477255893455e-01 3.346836804282958822e-01
4.425815060835339154e-01 6.647638749365678557e-01 2.945468425058984652e-01 7.664649936745119296e-01 3.331362780826863101e-01
4.660860122976511200e-01 6.629547862886642218e-01 3.208998018297966048e-01 7.638069358406833764e-01 3.339754642447104183e-01
4.848293674377347484e-01 6.612187108380885858e-01 3.497518826722743612e-01 7.559825939165489839e-01 3.303333405006684820e-01
4.812349527619486089e-01 6.588857045803965251e-01 3.683903609634735510e-01 7.297120437539514892e-01 3.202552669063533086e-01
4.704982815205258073e-01 6.475288923377627848e-01 3.737745882844479284e-01 6.976108987415096108e-01 3.168609985877885449e-01
4.732361234908394332e-01 6.345287717520440296e-01 3.883870190408440504e-01 6.647892532999924997e-01 3.212213224889043373e-01
4.849028049702085452e-01 6.286332173422549685e-01 4.082686215158171095e-01 6.322993558515016543e-01 3.299682029115770243e-01
5.028210433416038239e-01 6.287327253813442818e-01 4.308600032045350470e-01 5.961459402287206943e-01 3.404518743609017406e-01
5.182168371558218967e-01 6.289916818156127132e-01 4.502400648095286617e-01 5.631241541604269374e-01 3.469766947209214081e-01
5.246869226187018675e-01 6.232339149912631271e-01 4.652352283992375326e-01 5.321595894253051684e-01 3.526699612092957237e-01
5.178078810119075559e-01 6.007678230737651948e-01 4.769122756978922406e-01 5.022015343901242712e-01 3.759637210363239168e-01
5.122425886617498758e-01 5.796899778434907446e-01 4.838501985709843245e-01 4.904819795815419381e-01 4.049455241724564947e-01
5.099016286257993524e-01 5.616979355324798195e-01 4.908261191286095726e-01 4.837481653169846130e-01 4.312373444526225175e-01
5.080980931365779441e-01 5.413271802182832992e-01 4.976179275806715818e-01 4.685338589838142220e-01 4.574874646505091014e-01
5.016194543093188685e-01 5.165525479830337385e-01 4.898504115937449832e-01 4.548211641865993471e-01 4.779180723793302610e-01
4.974269443402946078e-01 4.857853307902512685e-01 4.695667224060423028e-01 4.585198388119335888e-01 4.896342154467613339e-01
5.032533977621901355e-01 4.569435251828950495e-01 4.565782145592991448e-01 4.643603787903450297e-01 4.966934975474384117e-01
5.221421576633683559e-01 4.245854397432485827e-01 4.513835861308652664e-01 4.669542702189228844e-01 5.052231031010152584e-01
5.420525177361613656e-01 4.010062292215397228e-01 4.496989666455926127e-01 4.687182641433512154e-01 5.129552715087786208e-01
5.740835832291519836e-01 3.792304898003129310e-01 4.572014660837370181e-01 4.691362190906205876e-01 5.206086532857876481e-01
6.066060201667687890e-01 3.672847831188743584e-01 4.761356960132847593e-01 4.645497431057584725e-01 5.243930874193887259e-01
6.248291207601655017e-01 3.467206296350489048e-01 4.941255396233080743e-01 4.518907030097900623e-01 5.397862922981873091e-01
6.122814598581657330e-01 3.257910292357020232e-01 4.910383997837178272e-01 4.472156174063913747e-01 5.716644500828954589e-01
6.020897682824850605e-01 3.125477325773777237e-01 4.877354738216848618e-01 4.497667941710513095e-01 6.035993461337678667e-01
6.048350588571695940e-01 2.998677291348672558e-01 4.947698521577247321e-01 4.570803540485237071e-01 6.395124297128923496e-01
6.247609465396858353e-01 2.898579822570866993e-01 5.148747760345587787e-01 4.664585367830313412e-01 6.652901356696141466e-01
6.216787918374702127e-01 2.756078458511073137e-01 5.343837347143873817e-01 4.643869999273015914e-01 6.887937907906936941e-01
6.293016638084548697e-01 2.472082095056260809e-01 5.164375845816037147e-01 4.454626899874559731e-01 6.989731645037696728e-01
6.605312162612849702e-01 2.297890869852685647e-01 5.114616980863475604e-01 4.358972263118445212e-01 6.942835187983606993e-01
6.821796576155119141e-01 2.098436803278136975e-01 4.996572785884692003e-01 4.108332021533552258e-01 6.858803372048055680e-01
7.003252941482976945e-01 1.968965970758158879e-01 4.958595860548307144e-01 3.740484589725982523e-01 6.806090989581071726e-01
7.234371412027617021e-01 1.900029721144817774e-01 4.993675278070302537e-01 3.466460767646711849e-01 6.742057051086841613e-01
7.512575479492947794e-01 1.828443138954463365e-01 5.048383076147874293e-01 3.148133059402283274e-01 6.660581458443047831e-01
7.787485842916257450e-01 1.762512599395832658e-01 5.108792866782595476e-01 2.835130245905971291e-01 6.577662803860475638e-01
8.006687760353088379e-01 1.709942370653152466e-01 5.156961083412170410e-01 2.585555016994476318e-01 6.511546969413757324e-01
