2.099598497152328491e-01 7.175976037979125977e-01 1.506956070661544800e-01 7.852171063423156738e-01 4.764776825904846191e-01
2.274885266480059509e-01 7.216947963320843318e-01 1.492139063598698911e-01 8.318417479685807914e-01 4.663442354066175688e-01
2.645517592673785612e-01 7.493975144836307889e-01 1.378165717045989891e-01 8.708524983212423409e-01 4.660494064475406151e-01
2.820492095563159607e-01 6.970696651730428073e-01 1.316269600917823190e-01 8.484363490853094047e-01 4.300952015342860979e-01
3.089198070405808072e-01 6.648682140323973755e-01 1.390268009864012166e-01 8.181722271674506386e-01 4.026998114925497974e-01
3.362418214593909105e-01 6.472318697566504797e-01 1.626942134528441830e-01 7.915702730487205185e-01 3.658665198970161847e-01
3.773558075739492645e-01 6.580024176192085239e-01 2.024492764714583559e-01 7.685740366070162866e-01 3.520852342908911137e-01
4.056985328063451024e-01 6.733818785080976088e-01 2.360998902968816093e-01 7.454469534178297385e-01 3.260134765197586493e-01
4.184697615716371777e-01 6.811890108740100702e-01 2.573975372285565721e-01 7.253097158351945462e-01 2.952266884855562767e-01
4.206746993520990019e-01 6.769148697192785002e-01 2.876130309939898821e-01 6.865127134401148856e-01 2.584632485779111422e-01
4.098694832309284219e-01 6.615014757745690810e-01 3.246358890481069182e-01 6.481461435217177325e-01 2.447499600511921225e-01
4.273408327543534724e-01 6.488786517498656981e-01 3.756042107040659661e-01 6.333847210091538837e-01 2.386316654083296962e-01
4.517903678160150038e-01 6.147358380020518931e-01 4.232898935260004936e-01 6.059667687847331008e-01 2.303305953552352292e-01
4.742294945199044265e-01 5.855377595416090264e-01 4.502904160101038333e-01 5.676242037506950000e-01 2.461199833876717979e-01
4.780693981873191389e-01 5.628904179620632942e-01 4.586312213866935994e-01 5.300711110133312642e-01 2.963589609078174369e-01
4.611391342718194064e-01 5.533285984956097803e-01 4.555851510348201683e-01 4.917297296476954016e-01 3.449889432804171818e-01
5.061514683306919116e-01 5.470574858418717490e-01 4.673392626061969590e-01 4.623305914460373311e-01 3.555732595896027304e-01
5.719470113366290631e-01 5.432782802802590405e-01 4.845565057676413656e-01 4.584206602192633095e-01 3.508264907358993323e-01
6.083137581954511930e-01 5.446263616486857195e-01 4.971467405243979454e-01 4.720464712946491059e-01 3.596031674640408626e-01
6.475467678633872737e-01 5.401379066587943534e-01 5.244609904714012671e-01 4.892514772896136566e-01 3.924720680301128639e-01
6.538726338955185291e-01 5.234338231666476604e-01 5.545197870472535762e-01 4.924297673696808597e-01 4.397726374363629120e-01
6.420765031485520247e-01 5.043871759304406899e-01 5.785766578225370882e-01 4.912839283688744674e-01 4.818107424733890642e-01
6.296540800866706755e-01 4.660091577698801113e-01 6.043677780573715186e-01 4.771240576630187968e-01 5.093420195847608856e-01
6.363083977229448962e-01 4.174892138365058347e-01 6.194776029492422564e-01 4.557025663893488066e-01 5.376699723585401935e-01
6.608462841422308998e-01 3.805600237288438437e-01 6.153889150859557233e-01 4.483468569561454009e-01 5.775980130194287021e-01
6.898660089002452978e-01 3.494497375417324747e-01 6.018080108360981395e-01 4.558225765053653955e-01 6.174845328520637278e-01
7.095301444477072339e-01 3.203168157517090608e-01 5.921879893714563359e-01 4.671357030179685288e-01 6.521963968598294414e-01
7.229602198267127688e-01 2.775499167624350116e-01 5.818306646478322852e-01 4.747143922441114938e-01 6.967954689030378956e-01
7.285538492009684397e-01 2.323098508803923268e-01 5.563399809298168464e-01 4.632026268655458079e-01 7.249534069268857017e-01
7.320881754632453386e-01 2.050403633670070669e-01 5.376391105755622402e-01 4.233574627202176810e-01 7.110232998911040214e-01
7.480698683155552198e-01 1.912284205955756544e-01 5.266341517300265895e-01 3.685335553117272678e-01 6.848945787566471655e-01
7.813921994462601495e-01 1.796622624333523155e-01 5.179642973607201384e-01 3.046983072917194835e-01 6.644935983809314717e-01
8.006687760353088379e-01 1.709942370653152466e-01 5.156961083412170410e-01 2.585555016994476318e-01 6.511546969413757324e-01
