2.099598497152328491e-01 7.175976037979125977e-01 1.506956070661544800e-01 7.852171063423156738e-01 4.764776825904846191e-01
2.214968626633999071e-01 7.213576909125419823e-01 1.378744551203714974e-01 8.108163179483225402e-01 4.620896861024382796e-01
2.425422651998932200e-01 6.976067447315444925e-01 1.227973183405324936e-01 8.354593253317036394e-01 4.428098691529852027e-01
2.599655394109928186e-01 6.657864247713386474e-01 1.355345761954050432e-01 8.291888556071330685e-01 4.221735897564165008e-01
2.753246663174697684e-01 6.641112305955025885e-01 1.485312527156950335e-01 8.193417212779757763e-01 3.933116287913346887e-01
3.018734503177019080e-01 6.669144758026650521e-01 1.605528113161578119e-01 8.044795793355682401e-01 3.661249516956470162e-01
3.316871200436414813e-01 6.560741599144297442e-01 1.734708297836102531e-01 7.810616593812942376e-01 3.615229956647263987e-01
3.495697089633554855e-01 6.352506759492005939e-01 1.948870674371695477e-01 7.823648650698100671e-01 3.366231842058285406e-01
3.598058837130729271e-01 6.308049041247636435e-01 2.231583504701962484e-01 7.953776952174198556e-01 3.142904798169972591e-01
3.984737580477388796e-01 6.333286779743769745e-01 2.541951419020060943e-01 7.954152035674436627e-01 3.151101194746448453e-01
4.316885955255227447e-01 6.350654810354599000e-01 2.845572110143131939e-01 7.860381340471437328e-01 3.156550466874422645e-01
4.537206641307636179e-01 6.344457693066374304e-01 3.135038576319212900e-01 7.671862901190884543e-01 3.156213055334636253e-01
4.485208405987331504e-01 6.343443725174666703e-01 3.317279732635747269e-01 7.371416398497592226e-01 3.119352073376002732e-01
4.419893353883434517e-01 6.338719246536896890e-01 3.557773247438845154e-01 6.988659697198692511e-01 3.080938917616835582e-01
4.519977764111915985e-01 6.333623432374283491e-01 3.843515711312230909e-01 6.722537992382705552e-01 2.974771019785560910e-01
4.717903095729658602e-01 6.313811959471059554e-01 4.137069103384011792e-01 6.595663609481335898e-01 2.836358993534782158e-01
4.958903827230577988e-01 6.267069423852761334e-01 4.442155825352031018e-01 6.497642774884556660e-01 2.740609080276684706e-01
5.237175362139504520e-01 6.215430120637247535e-01 4.672581225683954953e-01 6.343663448350276290e-01 2.711189811906055125e-01
5.464425924233855536e-01 6.197746642891046598e-01 4.727115642903712556e-01 6.047948457233547348e-01 2.759406769861392217e-01
5.553161308917320405e-01 6.221962958573891145e-01 4.692987579476411431e-01 5.651962807096989616e-01 2.899154811390065034e-01
5.561643981575995488e-01 6.276182030728411076e-01 4.823386957107988482e-01 5.342737179018052229e-01 3.140852782622132189e-01
5.711400448253065587e-01 6.276783745964229499e-01 5.070619039018531282e-01 5.228639054265965536e-01 3.419887182787859636e-01
5.819033718187006654e-01 6.187269556839839479e-01 5.191450520956814030e-01 5.114662603640393046e-01 3.780492067514750198e-01
5.428568507881708083e-01 6.129881389516151913e-01 5.117108691832131795e-01 5.037850306246818288e-01 4.049099446279375014e-01
5.101035440182648539e-01 6.031215759234114238e-01 5.056918227527688048e-01 5.047981828137578786e-01 4.232610880239442985e-01
4.840317325302431195e-01 5.784371507905710086e-01 5.031516776277461522e-01 5.018236817540380201e-01 4.494842891791572259e-01
4.656843660898218884e-01 5.476995750996663803e-01 4.939542603449086910e-01 4.883364326053528659e-01 4.618363755759473666e-01
4.491778194243356004e-01 5.114478265013657765e-01 4.844397458961610115e-01 4.741893117988988937e-01 4.731427968080254010e-01
4.482104107634137802e-01 4.752966598676651722e-01 4.847801969444771597e-01 4.694893282052150507e-01 4.897149147200677288e-01
4.681691741278173335e-01 4.414872616178404652e-01 4.891254362497301500e-01 4.738735537550674004e-01 5.096669009642939008e-01
4.926831992100053625e-01 4.092291460503525991e-01 4.838717121448769531e-01 4.789402752411455744e-01 5.285189374661634076e-01
5.189557857463411583e-01 3.755869079730191351e-01 4.758009513871060969e-01 4.796098156521471090e-01 5.424621849764811321e-01
5.461037072607332066e-01 3.549814110849074944e-01 4.888630819793647886e-01 4.745048315603971334e-01 5.483024496328920971e-01
5.752139232973106919e-01 3.353205000245650935e-01 5.094685354813518474e-01 4.696085313514572479e-01 5.673909702114018350e-01
5.976667532251204173e-01 3.199133274870939458e-01 5.215560185528089754e-01 4.671064420338397194e-01 5.963729897458827089e-01
6.206336389186831726e-01 3.061125442941806662e-01 5.276020147040192398e-01 4.639159036606437803e-01 6.294267195422786898e-01
6.449040718847192100e-01 2.859807409741425555e-01 5.228744687728701379e-01 4.578931817132519400e-01 6.676255811661985229e-01
6.556525744287107216e-01 2.604576414880676039e-01 5.070101930131950541e-01 4.473064625830042718e-01 6.913607970186985696e-01
6.698122075612185089e-01 2.292529850026468197e-01 4.908653209600657985e-01 4.299645043038303194e-01 7.068736775464590227e-01
7.128849371871778251e-01 2.158518203230859189e-01 4.938436903096511399e-01 4.197429200474259159e-01 7.093448055367606031e-01
7.517070904811301579e-01 2.091469256521636400e-01 5.026706670970033652e-01 4.037830734083394102e-01 7.025468680154128842e-01
7.799542396664673749e-01 1.989967562606883289e-01 5.089838321527823117e-01 3.710404725054853858e-01 6.913994725552079501e-01
7.930861316325951149e-01 1.887516990221532742e-01 5.122247218071139807e-01 3.303312144636760261e-01 6.767728810569018094e-01
7.973820228428216694e-01 1.786913400385499728e-01 5.141914102217539639e-01 2.896672142553537999e-01 6.622590879632332950e-01
8.006687760353088379e-01 1.709942370653152466e-01 5.156961083412170410e-01 2.585555016994476318e-01 6.511546969413757324e-01
