2.099598497152328491e-01 7.175976037979125977e-01 1.506956070661544800e-01 7.852171063423156738e-01 4.764776825904846191e-01
2.493422723996947532e-01 7.038181455852516866e-01 1.505006137702822044e-01 7.923412528464655047e-01 4.701069502328752980e-01
2.832651202845775651e-01 6.824755095817491846e-01 1.452188481775333606e-01 7.944895515484251547e-01 4.562028962583747349e-01
3.074947670592609872e-01 6.604600861998841665e-01 1.421019895961032342e-01 7.780083223885895238e-01 4.154578023123466357e-01
3.372737091088768846e-01 6.611970305285472804e-01 1.582279765566268759e-01 7.662510959160204749e-01 3.837942051056488779e-01
3.629648840275653821e-01 6.636260364856291227e-01 1.789542078771495237e-01 7.486649008794665772e-01 3.483493469963962474e-01
3.806746216472232658e-01 6.646307253229896128e-01 1.991984585559880283e-01 7.317819619620808957e-01 3.195488190187503186e-01
3.706135263641265332e-01 6.661863687500866327e-01 2.384233571816800068e-01 7.217968140909359898e-01 2.940580026354289167e-01
3.793384418047319739e-01 6.599503178304494400e-01 2.716396978324775446e-01 7.025770851418026153e-01 2.728565956925221303e-01
4.092432425797282169e-01 6.521496809921972782e-01 3.060954221660721064e-01 6.793438023788377356e-01 2.600791579657363850e-01
4.374454154371437142e-01 6.486945440937376128e-01 3.401010354615182085e-01 6.658287345037590121e-01 2.575466062193505490e-01
4.576853287660281877e-01 6.473906801844492298e-01 3.830768619031448274e-01 6.595133971509268278e-01 2.567713316636024423e-01
4.645883125210003017e-01 6.415532616456772752e-01 4.282125402088843846e-01 6.523286888808255135e-01 2.554783466018629157e-01
4.717085459516516810e-01 6.221992397390796459e-01 4.651490665561989202e-01 6.333055374950200545e-01 2.517556887808398147e-01
4.871798786566907125e-01 5.979976910403652646e-01 4.906780905505041535e-01 6.081736060628784024e-01 2.493360760884266170e-01
5.077184311422133778e-01 5.717463854751656527e-01 5.129595730473549553e-01 5.790474555180331606e-01 2.581342665240105583e-01
5.125302156952828980e-01 5.456143525937875438e-01 5.113276351574783662e-01 5.513705765785659185e-01 2.904731853234363559e-01
5.084839871575450587e-01 5.237808070515523884e-01 4.979904106168671629e-01 5.181084849560848582e-01 3.219743536406645679e-01
5.106630810321274305e-01 5.056567865671316442e-01 4.950340874640085098e-01 4.797075692986879636e-01 3.429315557825098337e-01
5.197249728228027221e-01 4.826447934684985897e-01 4.988864887245180735e-01 4.394322341733554738e-01 3.759577489499117964e-01
5.433366504226880833e-01 4.577466810998931379e-01 5.135189759190080805e-01 4.255229903636256750e-01 4.158125646464115865e-01
5.735847036433814328e-01 4.353540949300558349e-01 5.284243508399127931e-01 4.322564250641924288e-01 4.432503066176569639e-01
5.990683380192332042e-01 4.147848239146325056e-01 5.358324596701637965e-01 4.371752359905492491e-01 4.675970467917613949e-01
6.201886862383936272e-01 3.921431689250383101e-01 5.390591455461887227e-01 4.408533635879893220e-01 5.064658823949772515e-01
6.235825994939033778e-01 3.793808033106448874e-01 5.408195866734887280e-01 4.457964585348517805e-01 5.429135431035655435e-01
6.181369107505514382e-01 3.671606042565064287e-01 5.457774829319911314e-01 4.568483192827900163e-01 5.898113866274109496e-01
6.136220291685717809e-01 3.545032199912232507e-01 5.520054194151384763e-01 4.671286067814316434e-01 6.317042332625155687e-01
6.286413495731019152e-01 3.314536782415254401e-01 5.645709684840883869e-01 4.678804222008636216e-01 6.748234999743949469e-01
6.511750846779310598e-01 3.175519616884009966e-01 5.791252377911163540e-01 4.598724387777129441e-01 7.033150808382420127e-01
6.778796444518400133e-01 2.929889172064131797e-01 5.812117855337710637e-01 4.494123318841580228e-01 7.292931041040291440e-01
6.949972600057031658e-01 2.678229926020412877e-01 5.626792091587026201e-01 4.328860926570978207e-01 7.326815994817128530e-01
7.165949174874450822e-01 2.417709008376518753e-01 5.349685180242209626e-01 4.033817957773564999e-01 7.141158537727303468e-01
7.472262073350067757e-01 2.227726057452830977e-01 5.314227044204336003e-01 3.810736129424083796e-01 6.958598673450125949e-01
7.731620168307558050e-01 2.066662527000330818e-01 5.231858955543238210e-01 3.399349358944543376e-01 6.831941546698612200e-01
7.891262830813323692e-01 1.870153000210569572e-01 5.189942880794103930e-01 2.935825129958696267e-01 6.640162986536739531e-01
8.006687760353088379e-01 1.709942370653152466e-01 5.156961083412170410e-01 2.585555016994476318e-01 6.511546969413757324e-01
