2.099598497152328491e-01 7.175976037979125977e-01 1.506956070661544800e-01 7.852171063423156738e-01 4.764776825904846191e-01
1.828090038122902328e-01 7.063522942287956408e-01 1.415277801864841256e-01 7.858698640058751073e-01 4.583433645253386923e-01
1.736143676186679974e-01 6.990754560081469116e-01 1.401773783204491031e-01 8.080533439937315210e-01 4.245990627100320047e-01
1.978271812596087698e-01 6.936024443024865205e-01 1.531187348964349049e-01 8.217530560500828640e-01 4.133433417085579653e-01
2.041038394252395749e-01 6.635372562117091144e-01 1.576912897111980294e-01 7.954810712427802244e-01 4.161959318687982190e-01
2.032144243905183445e-01 6.428763739718178494e-01 1.601693719153093609e-01 7.723573208026413006e-01 3.960188698333095281e-01
2.032156433018031672e-01 6.374384873683621722e-01 1.654388664988509228e-01 7.647955117936607872e-01 3.586416279804283125e-01
2.260074917900803115e-01 6.364251655013078990e-01 1.916629564198649160e-01 7.704643964540160983e-01 3.608779872700690894e-01
2.669819288365917753e-01 6.355358512636526402e-01 1.988793721297580086e-01 7.645545184098672120e-01 3.613313238303052510e-01
3.016693473919306867e-01 6.320884805407911422e-01 2.061985095026412085e-01 7.534498357139718383e-01 3.534528045940493191e-01
3.347517286574571704e-01 6.315849601915042300e-01 2.177859683491484011e-01 7.420575970668710220e-01 3.437395707663679079e-01
3.629465425805197265e-01 6.356733854556617658e-01 2.374407571590005928e-01 7.281712604148591339e-01 3.323295289975198297e-01
3.780179654384614452e-01 6.399090127442198517e-01 2.620160098666041715e-01 7.101542828392235496e-01 3.214979163746497504e-01
3.869268329619346414e-01 6.392938015772341442e-01 2.870552664100434748e-01 6.901551750353683845e-01 3.128671624454514855e-01
3.979337981700330484e-01 6.343213658765560758e-01 3.130808817803050204e-01 6.699733873351306768e-01 3.061647545612559695e-01
4.101874555645962928e-01 6.248158567965441668e-01 3.424372008918999399e-01 6.449563021651103512e-01 2.993843486408971355e-01
4.190865645056222610e-01 6.110717681877988472e-01 3.674328365360036153e-01 6.182780189063225018e-01 2.925359761385574187e-01
4.275650620686412551e-01 5.957458431274332833e-01 3.892940949608463264e-01 5.939066300601658632e-01 2.878951974569189387e-01
4.273095439926114514e-01 5.809460193695941133e-01 4.055342302949022093e-01 5.644853798279708679e-01 2.898320109006123912e-01
4.198089924754639934e-01 5.707321569254117932e-01 4.119434144468056003e-01 5.354656729389710712e-01 2.962770605473752372e-01
4.154204244014148006e-01 5.590856155239549707e-01 4.181708710577984323e-01 5.020105102767441485e-01 3.131674234709637683e-01
4.270181064239430002e-01 5.480662463421430708e-01 4.340233730829462511e-01 4.833054150283831452e-01 3.354978121480084452e-01
4.432880031743798854e-01 5.334958090499284378e-01 4.563697216213324914e-01 4.772252806828129468e-01 3.585669675788938915e-01
4.383347125814267553e-01 5.067423545479299296e-01 4.537644450728622325e-01 4.666383583582052186e-01 3.900709444093520273e-01
4.487176800359095052e-01 4.869694556687665377e-01 4.555217131815404996e-01 4.565473780995722430e-01 4.196793714103357886e-01
4.681037752297132482e-01 4.732111524890068033e-01 4.693896461860442848e-01 4.520232728592634142e-01 4.413193337861348042e-01
4.918755084028831326e-01 4.608830568111825232e-01 4.885904378282718286e-01 4.538136310413929952e-01 4.606668911752042073e-01
5.151428026879142363e-01 4.484747653883345841e-01 5.044101624992181065e-01 4.628726042545959207e-01 4.812578751846608993e-01
5.371752173407211561e-01 4.338551940839177612e-01 5.133115880440674017e-01 4.733555261782911305e-01 5.072382725826259930e-01
5.613822336231834020e-01 4.162778423618563872e-01 5.214797654401434057e-01 4.752392318718438591e-01 5.376008724788706727e-01
5.824812260390610508e-01 4.010084520389420870e-01 5.328621654900475013e-01 4.678623997227002729e-01 5.610322122720337035e-01
6.029824635430617308e-01 3.821239769582156498e-01 5.451666218021865573e-01 4.588148695437568314e-01 5.891309588295794430e-01
6.155452697253521732e-01 3.621360691129980602e-01 5.535221819594008386e-01 4.518142110682572543e-01 6.188222169915232884e-01
6.227668154747568741e-01 3.386203435818560536e-01 5.588066835401952481e-01 4.452242892537067731e-01 6.531322884252822591e-01
6.249164331651234638e-01 3.111013041527546652e-01 5.578911527871021070e-01 4.375502348570062261e-01 6.824973248781794899e-01
6.170590131232711606e-01 2.785444144867171290e-01 5.413575997826627351e-01 4.275065894485956530e-01 6.924017224302114748e-01
6.016347364746380544e-01 2.568335433382698541e-01 5.184339298254554418e-01 4.199653651003392163e-01 6.895596137338653175e-01
5.956873795613025768e-01 2.348648250034256202e-01 4.969605843617510565e-01 4.054659558167583167e-01 6.714418395266676942e-01
6.271838272201343267e-01 2.172446927923988025e-01 5.053143729660667383e-01 3.940961019377639540e-01 6.657972749347902397e-01
6.569232699000577824e-01 2.074276946205124983e-01 5.139644962288192342e-01 3.841080637847051893e-01 6.703627447272457740e-01
6.893510951732526593e-01 1.959607628729491124e-01 5.208772852504804929e-01 3.636684585214516874e-01 6.734268581406394061e-01
7.166675560867267203e-01 1.877683574132484046e-01 5.229363210719772947e-01 3.395461787594067915e-01 6.717438711100560678e-01
7.458932718469964973e-01 1.811611104784185966e-01 5.217387304295798556e-01 3.119018762686400770e-01 6.660132401754016440e-01
7.767171833344334031e-01 1.754398887236703342e-01 5.183383555509953888e-01 2.818821812925176862e-01 6.576518671809454819e-01
8.006687760353088379e-01 1.709942370653152466e-01 5.156961083412170410e-01 2.585555016994476318e-01 6.511546969413757324e-01
