2.099598497152328491e-01 7.175976037979125977e-01 1.506956070661544800e-01 7.852171063423156738e-01 4.764776825904846191e-01
2.522957337317769388e-01 7.201681765136935809e-01 1.640199152576877206e-01 8.337441121225174223e-01 4.783673754586153515e-01
2.985915523904018043e-01 6.872677052989445423e-01 1.792818439187189583e-01 8.547058591392522331e-01 4.434057164195377987e-01
2.954573298065467646e-01 6.400999282467000340e-01 1.769227164714129719e-01 8.071669303783655103e-01 3.925084112019990301e-01
3.461753830741408633e-01 6.507342423705434475e-01 1.675476866191969727e-01 7.498272431193150345e-01 3.333534784089183800e-01
3.614013407340115336e-01 6.523784779580481530e-01 2.118766424683042604e-01 7.175079916984407058e-01 2.997952321957608190e-01
3.677864374962899197e-01 6.496838773712957371e-01 2.680022492542690205e-01 6.797564863385767708e-01 3.014055842168385513e-01
3.694471495219039947e-01 6.431273017005614268e-01 3.275840772876072449e-01 6.307827733917144020e-01 3.448932965380758775e-01
4.178341852395796585e-01 6.437930246397035594e-01 3.828478062895638856e-01 5.844748063906408664e-01 3.447701274539667349e-01
4.687770465239816664e-01 6.375584403560576874e-01 4.258657054081010362e-01 6.124863312569411855e-01 3.495004209348680502e-01
5.226248393846946172e-01 6.201902595213341085e-01 4.708286689653598533e-01 6.038794751457295940e-01 3.453968262323386385e-01
5.774460589358477725e-01 6.004600579024870211e-01 5.076083292796572666e-01 5.380318758486022368e-01 3.397154701848129621e-01
6.215056344172293912e-01 5.803911121629402592e-01 5.375491845095716759e-01 4.914286491607993690e-01 3.548259854404891556e-01
6.523241095989547045e-01 5.459720458666669218e-01 5.641095068167042426e-01 4.566378057707904392e-01 3.790659124987605377e-01
6.720342813104096535e-01 4.843888326708809533e-01 5.858852922606688773e-01 4.276701746480969790e-01 4.234448612913478960e-01
6.429436941509804049e-01 4.067002216290422911e-01 5.684821395411853162e-01 4.224305690836886451e-01 4.772822130379327787e-01
6.535137299463995575e-01 3.562931859118102507e-01 5.644755978356897907e-01 4.233694369704963378e-01 5.404531095739673052e-01
6.487589613187548787e-01 3.068529590537580898e-01 5.542908656617397956e-01 4.332753585343979696e-01 6.007626417792490958e-01
6.572195435935040964e-01 2.625042429771565766e-01 5.395912321769283926e-01 4.478290575939945506e-01 6.583209268243584988e-01
6.806522320249580593e-01 2.222264403184932846e-01 5.257626219611186702e-01 4.653559436058583021e-01 7.205218662759285131e-01
7.248716025534019947e-01 1.997426059077336280e-01 5.235737576734127430e-01 4.466646556194701079e-01 7.603813163739538972e-01
7.623865142418384533e-01 1.976383846520846643e-01 5.276507891869883782e-01 3.777304771904423930e-01 7.298808170689244923e-01
7.853778181490165267e-01 1.816366212813632641e-01 5.204711271826569785e-01 3.061571700952145925e-01 6.826000121089048633e-01
8.006687760353088379e-01 1.709942370653152466e-01 5.156961083412170410e-01 2.585555016994476318e-01 6.511546969413757324e-01
