2.099598497152328491e-01 7.175976037979125977e-01 1.506956070661544800e-01 7.852171063423156738e-01 4.764776825904846191e-01
1.798743333841303360e-01 7.206707610566172040e-01 1.388532001350161194e-01 7.905387830592228715e-01 4.554379934790089290e-01
1.507414969318551234e-01 6.955682832667746673e-01 1.374230997122719844e-01 7.961012079414063747e-01 4.512600090971041755e-01
1.571688108527953820e-01 6.596784447275496621e-01 1.304049078335073053e-01 8.088138883933558843e-01 4.595408021024872669e-01
1.840552503702969911e-01 6.396766227377177483e-01 1.124894620274878160e-01 8.261501487473383865e-01 4.631806755848055790e-01
2.199265864678836835e-01 6.346898075052390675e-01 9.943889254333249106e-02 8.411804235330727630e-01 4.721600334184954950e-01
2.565271309725421500e-01 6.397717732621851505e-01 1.093107822182911998e-01 8.381976100436323573e-01 4.659128691923256071e-01
2.462630568225600280e-01 6.425007728472440505e-01 1.258683128997074574e-01 8.119553405676027680e-01 4.445207284443261075e-01
2.275055183794114644e-01 6.382005848230171141e-01 1.446993720908631986e-01 7.853523534465852718e-01 4.160219747820855241e-01
2.508640078293528086e-01 6.387369080876036387e-01 1.593402818423424183e-01 7.790548120975229196e-01 3.977562253640084533e-01
2.834383765370405706e-01 6.402643343739664594e-01 1.761271488568507126e-01 7.750387742715542094e-01 3.786420779044448182e-01
3.157319584172821325e-01 6.426335352286512981e-01 1.997427375936096650e-01 7.728951855293630935e-01 3.596153490554497845e-01
3.437807294493955834e-01 6.455649182250221552e-01 2.252167218586776931e-01 7.725245306607035900e-01 3.447062761537472153e-01
3.658451299278093760e-01 6.458250199855127827e-01 2.627713919080730265e-01 7.683110674114425054e-01 3.364133394269352428e-01
3.750235878984040094e-01 6.453647466626909468e-01 2.986822295975671282e-01 7.586774421791141476e-01 3.360072102600948352e-01
3.809050855925543710e-01 6.472590720975961442e-01 3.270971217781853402e-01 7.468430325616615129e-01 3.363265163794423862e-01
3.999866978315678723e-01 6.492709805554330860e-01 3.590310225325269999e-01 7.224371103909154046e-01 3.271001830298899682e-01
4.243509581186024615e-01 6.451411748722274409e-01 3.783879142842401788e-01 6.943454795902110899e-01 3.108039006157931050e-01
4.444300030609214525e-01 6.384776956449962348e-01 3.881487347425767176e-01 6.642267885141510675e-01 2.961101325978534038e-01
4.570990183692081321e-01 6.308891707098932544e-01 3.912599842751930401e-01 6.265593614521074439e-01 2.927205965029239798e-01
4.601801739069442676e-01 6.253024802907315438e-01 3.954002807792503793e-01 5.950572434488462514e-01 3.093247704899844686e-01
4.640223584817971259e-01 6.212170363595462819e-01 4.150731718950596005e-01 5.756458332517857546e-01 3.415746094524492182e-01
4.754391644114869253e-01 6.163127539670981703e-01 4.420985134261672944e-01 5.647065087840771325e-01 3.685686594665141813e-01
4.993695896839686066e-01 6.087431936111241670e-01 4.698924851679601722e-01 5.578667899218348047e-01 3.856259881392568589e-01
5.233794349433997795e-01 5.898557997091313787e-01 4.893137079748102747e-01 5.640215486736221973e-01 4.055025450587920743e-01
5.048467006863239792e-01 5.599387451100384938e-01 4.906785626904585640e-01 5.515575664046450388e-01 4.288138033075846178e-01
5.002011351224583402e-01 5.341603695796630635e-01 4.952567221456652957e-01 5.307181155030320507e-01 4.482334308923069388e-01
5.005585086284959351e-01 5.074344170995700454e-01 5.027238509260167909e-01 5.046205890729500432e-01 4.673211852464477234e-01
4.967002961746778689e-01 4.800877915613069868e-01 5.085064782119320670e-01 4.777136278100097555e-01 4.825257193135977229e-01
4.925033069110369421e-01 4.510056648625374587e-01 5.091864623132491552e-01 4.523511396882435309e-01 4.928394623427565513e-01
5.000130112417252581e-01 4.148727852421016937e-01 5.048600179106553787e-01 4.374646085498695713e-01 5.102761786975539282e-01
5.244009625563411658e-01 3.883411051492001165e-01 5.085875539460381622e-01 4.389759815459474135e-01 5.315606924955629253e-01
5.416966308491607540e-01 3.664158212079408616e-01 5.109913405161773392e-01 4.459383892133628180e-01 5.609385142282322656e-01
5.550427201681532585e-01 3.437642437003778362e-01 5.102237365762312127e-01 4.498689349469408016e-01 5.894342951537969721e-01
5.840364105818691698e-01 3.240767414050590989e-01 5.218781907353652327e-01 4.416471372433093401e-01 6.117098314674542792e-01
5.957373690846455849e-01 3.061506450897309439e-01 5.221881853064583856e-01 4.379659873147529470e-01 6.471383600299184247e-01
5.978408384669480213e-01 2.852547508503525120e-01 5.058726104273193469e-01 4.413434781885473002e-01 6.798177866976671258e-01
6.099512253542666018e-01 2.563831873711143183e-01 4.858433542563873053e-01 4.416707662977544246e-01 6.994933297587846432e-01
6.455127927334363136e-01 2.385739469145664038e-01 4.993386296580531458e-01 4.365710358931278456e-01 7.022854655020499548e-01
6.616103395266963449e-01 2.180453002313592070e-01 4.976531741453991686e-01 3.943568963152010998e-01 6.971692662325684742e-01
6.876927099574603464e-01 2.085407554908800809e-01 5.008612882579924763e-01 3.678709323823186605e-01 6.894282752753323473e-01
7.140104358077222768e-01 1.999008862047657042e-01 5.040536046399808345e-01 3.420432664305181336e-01 6.805327410522108433e-01
7.486821408876751516e-01 1.884077694649569368e-01 5.085329243873929483e-01 3.083939395178932896e-01 6.687924500975322983e-01
7.803096776716891281e-01 1.778137555430084338e-01 5.128908495223214459e-01 2.780733192106866758e-01 6.580620251498602302e-01
8.006687760353088379e-01 1.709942370653152466e-01 5.156961083412170410e-01 2.585555016994476318e-01 6.511546969413757324e-01
