2.099598497152328491e-01 7.175976037979125977e-01 1.506956070661544800e-01 7.852171063423156738e-01 4.764776825904846191e-01
2.024104762960545478e-01 6.936098461593006581e-01 1.492230909639301328e-01 7.982321073234145414e-01 4.522056173422119296e-01
1.866502399995801642e-01 6.865493604713623910e-01 1.493840551101892622e-01 8.019757012506696370e-01 4.127775829222264381e-01
1.899065041084854744e-01 6.714182115841196286e-01 1.517903976956020140e-01 7.761272768999795124e-01 4.003249798984558905e-01
1.892879124798962087e-01 6.555063664664652068e-01 1.497699556388580044e-01 7.407189830676939035e-01 3.874960332465423041e-01
2.076419854385661012e-01 6.453730876468289912e-01 1.587197072454438751e-01 7.253601915475100803e-01 3.614281360982265490e-01
2.556342509845547784e-01 6.433009724408903507e-01 1.825361917895705066e-01 7.239438209795215906e-01 3.568114252123086860e-01
2.861929334033029848e-01 6.428815227264650378e-01 2.011258628529361270e-01 7.233019692607275397e-01 3.522258848981487667e-01
3.214674002069319858e-01 6.424304440493814328e-01 2.233255665428029724e-01 7.249265686570621758e-01 3.470791186809261131e-01
3.554137035574454484e-01 6.408691534761489228e-01 2.448736622983765099e-01 7.290447812376218417e-01 3.414449196572346690e-01
3.854115078404684591e-01 6.372657489981363721e-01 2.702768836338557135e-01 7.243466010027383994e-01 3.296703534745288877e-01
3.971852009113523430e-01 6.366798066235682674e-01 3.007943528416992529e-01 7.010625692065366454e-01 3.147839915673950606e-01
4.001249188714919303e-01 6.348624485468811196e-01 3.208160591377358095e-01 6.752015459811649967e-01 3.018913571110137806e-01
4.029379360719634873e-01 6.273032626158042691e-01 3.414848384455916874e-01 6.416644099941887225e-01 2.869735856462727885e-01
4.046867153833561548e-01 6.115221799434022998e-01 3.604320958652587059e-01 6.106887758922916465e-01 2.809153269714134704e-01
4.107366609339695440e-01 5.917179497454004844e-01 3.815021275963920711e-01 5.843979055129514544e-01 2.935667423327503189e-01
4.233929930630990213e-01 5.728803417763537187e-01 3.962255051394967253e-01 5.595795856640354282e-01 3.175116117500477730e-01
4.354513368740645096e-01 5.573624509140251426e-01 4.065924227644859279e-01 5.389987245672995808e-01 3.360385251653465466e-01
4.513517382165276870e-01 5.396280662696840702e-01 4.234453850099296202e-01 5.132070932717063272e-01 3.535077117908105304e-01
4.635505971545937909e-01 5.214890649440139248e-01 4.431402797991220721e-01 4.905172505802750105e-01 3.743704294956227696e-01
4.673916821267313226e-01 5.007308657212309333e-01 4.576956632221442223e-01 4.742007159021495721e-01 4.025979096058487361e-01
4.680393262622909445e-01 4.778362811814244049e-01 4.676853891903481331e-01 4.653613493043941562e-01 4.363469896509435952e-01
4.767447030912587147e-01 4.593871412055119396e-01 4.810063948567825931e-01 4.652416811861097012e-01 4.679334212133410276e-01
4.978217486571664407e-01 4.510851126445865056e-01 5.014553283245470894e-01 4.755705263728320364e-01 4.935116964882792501e-01
5.240170157026411424e-01 4.529940571408381245e-01 5.224308838622623297e-01 4.916504659278857492e-01 5.122427919600798241e-01
5.499075559351757070e-01 4.557624390915932522e-01 5.423134566377113552e-01 5.014415109509249291e-01 5.300300351723836734e-01
5.538203851088466800e-01 4.474472860947021902e-01 5.606745885728523504e-01 4.981356515498459037e-01 5.661471146049449343e-01
5.520172149397224448e-01 4.383495364759535384e-01 5.729487088554332530e-01 4.997424207134886776e-01 6.055343364335461498e-01
5.649699194868385010e-01 4.210809756449413466e-01 5.821806190949595505e-01 5.031727101098067978e-01 6.396622512140088812e-01
5.839461743465022003e-01 3.932587587382298522e-01 5.828097870043693618e-01 5.018991974216396867e-01 6.616132018641793788e-01
5.927256668519192973e-01 3.576000209012484832e-01 5.695211659208367916e-01 4.957166989034610394e-01 6.760106428386617461e-01
5.844537605254699342e-01 3.300256647088481432e-01 5.474590949187239097e-01 4.884634972790150020e-01 6.873510711709784893e-01
5.816823519991165536e-01 3.143697012975470439e-01 5.300105937361638819e-01 4.627950302362830448e-01 7.096463882999607398e-01
5.832065928749038397e-01 3.021891248782448969e-01 5.340400942341386736e-01 4.287514922809225193e-01 7.080483891560053200e-01
5.679002582842541669e-01 2.854582462871093074e-01 5.273444322576551491e-01 3.970807071884602801e-01 6.950750544071137016e-01
5.426582080017415821e-01 2.557980915332219163e-01 5.087464434259342250e-01 3.979479623872216876e-01 6.928673076193762048e-01
5.675562709592157917e-01 2.360972335448381920e-01 5.301487338727971510e-01 4.054041662458904849e-01 7.014653302075564145e-01
6.039765156434203641e-01 2.276178653382338879e-01 5.510908450241530643e-01 4.023452205596817488e-01 6.978346429209210111e-01
6.424305195302937310e-01 2.191896892489885451e-01 5.666677461792120063e-01 4.015338730618414620e-01 6.868220005996908961e-01
6.804645015488096638e-01 2.136676133965208502e-01 5.752908545042862976e-01 3.934680351973276480e-01 6.746247722108172917e-01
7.147369209365701526e-01 2.113867076971014947e-01 5.682474944415341067e-01 3.707004760901881357e-01 6.634530734369611382e-01
7.399176291831687236e-01 2.035419206016718385e-01 5.529150092535848326e-01 3.447498875526596729e-01 6.576121959070493350e-01
7.635775902422435868e-01 1.916205771925880708e-01 5.410734468250563145e-01 3.159474472329715788e-01 6.564057094631118305e-01
7.843273808174612283e-01 1.800816568582012667e-01 5.268766923229523114e-01 2.838408746049384535e-01 6.534681541435877206e-01
8.006687760353088379e-01 1.709942370653152466e-01 5.156961083412170410e-01 2.585555016994476318e-01 6.511546969413757324e-01
