2.099598497152328491e-01 7.175976037979125977e-01 1.506956070661544800e-01 7.852171063423156738e-01 4.764776825904846191e-01
2.211693868653355211e-01 7.028415908219832753e-01 1.294447166822249862e-01 8.236880820667333847e-01 4.676536429787657156e-01
2.551413157251777308e-01 6.833672995136915729e-01 1.275580292002514715e-01 8.456203795287748903e-01 4.364715365992461460e-01
2.864388163163875123e-01 6.809835967711505011e-01 1.642763218670816872e-01 8.075335035120760896e-01 4.049781062390264141e-01
3.092225119962017654e-01 6.883756070923277015e-01 1.713550848554764028e-01 7.702411769672139474e-01 3.620057669150368307e-01
3.183355832286981490e-01 6.900801344390126157e-01 1.940581916213206248e-01 7.393917984001036059e-01 3.251619769441563834e-01
3.383198180082203077e-01 6.831295536261228207e-01 2.345311940053321775e-01 7.203100866581715334e-01 3.064992860573990674e-01
3.621622866676808550e-01 6.701689793610009493e-01 2.853696685104644137e-01 6.998592301521657788e-01 3.002691636232557859e-01
3.765115690600550069e-01 6.515968977631055870e-01 3.287333679529259034e-01 6.729706486830391299e-01 3.173079186314923250e-01
3.923371594878796165e-01 6.357694197898675625e-01 3.615649381371645044e-01 6.536695839454349510e-01 3.420863847110343636e-01
4.281412098563773805e-01 6.191550751992300761e-01 3.997359255048232307e-01 6.324104164371244785e-01 3.578953518850575000e-01
4.583535832502926288e-01 5.938716619411381625e-01 4.266800000128290749e-01 5.893629533560349465e-01 3.566681376422199401e-01
4.680636219197119030e-01 5.692468807785669993e-01 4.442929284638360010e-01 5.391721280348178436e-01 3.657450962075807221e-01
4.832374546145813965e-01 5.505000861438097415e-01 4.652146206523855576e-01 4.987283642991091615e-01 3.898585825260610371e-01
5.081777904972789583e-01 5.362803891091506570e-01 4.867163308288089407e-01 4.701252748678014237e-01 4.082798203567787332e-01
5.544964911943224273e-01 5.163319659188072563e-01 5.114946340478109255e-01 4.430655474429381346e-01 4.109287919968812042e-01
6.013985140144989527e-01 4.904172972747907755e-01 5.248291275160202884e-01 4.294292743304964355e-01 4.100065009834388818e-01
6.394099741812602211e-01 4.588515103130184070e-01 5.391790062281135443e-01 4.207346164724009574e-01 4.236424168157170711e-01
6.642338053028390421e-01 4.304493929027392585e-01 5.504376182150868546e-01 4.132025857270279490e-01 4.406562857229868735e-01
6.927362682235743696e-01 3.955423985839467971e-01 5.584941908474951866e-01 4.139155439732521979e-01 4.811326770666892183e-01
7.046266459086634182e-01 3.793223771483881790e-01 5.631859702811745638e-01 4.282643838654919266e-01 5.179249711069736639e-01
7.104083374652726546e-01 3.582974716841053064e-01 5.698482094124958097e-01 4.508582762262881016e-01 5.679764484470740671e-01
7.117388499833370297e-01 3.308558793740150050e-01 5.695174763307306876e-01 4.626924189824149769e-01 6.172190990744257366e-01
7.158320743741131142e-01 2.996584787061575272e-01 5.646042898504646246e-01 4.656039848042030638e-01 6.597087636566802971e-01
7.131503136898804662e-01 2.529493673084832750e-01 5.560752903093956201e-01 4.602621412560899961e-01 6.998062748352459339e-01
6.805248907353457222e-01 2.207468077293187614e-01 5.386639785370370692e-01 4.435682861061616133e-01 7.175671478754485078e-01
6.504018766082280134e-01 2.041337381229825221e-01 5.156833246930385695e-01 4.257613519126910440e-01 7.349792785202337031e-01
7.025832907881318645e-01 1.987421476524953157e-01 5.322521969042353085e-01 3.982380461286681994e-01 7.217948446402695506e-01
7.392143800697795752e-01 1.888231444779791268e-01 5.355965288718887996e-01 3.513918375849088283e-01 6.983482022307917481e-01
7.758356032883987341e-01 1.775617383577309805e-01 5.244897057704359655e-01 2.968120956017144541e-01 6.713087711418909143e-01
8.006687760353088379e-01 1.709942370653152466e-01 5.156961083412170410e-01 2.585555016994476318e-01 6.511546969413757324e-01
