2.099598497152328491e-01 7.175976037979125977e-01 1.506956070661544800e-01 7.852171063423156738e-01 4.764776825904846191e-01
2.542158640831366778e-01 6.981115288547722342e-01 1.683202213432516692e-01 7.904052537871375517e-01 4.579411538432124895e-01
3.020594481210936433e-01 6.859103524524108320e-01 2.061045711597792596e-01 8.018825656829038362e-01 4.305539185460216522e-01
3.413943519925984327e-01 6.674786840901086871e-01 1.995578458669121091e-01 7.666686995546293515e-01 4.010378062262600629e-01
3.666827734595260457e-01 6.683463257421168313e-01 2.300735241274150245e-01 7.371579743157803399e-01 3.759743643269355950e-01
3.895829708314076933e-01 6.706791690970796971e-01 2.699505186030289883e-01 7.070097055432009725e-01 3.470613503477741890e-01
4.130213137145257729e-01 6.624117583773966311e-01 3.108768512124838734e-01 6.770210672323145884e-01 3.267151917668217886e-01
4.343031765967011459e-01 6.439118235839776938e-01 3.460071791885183656e-01 6.418699814848195517e-01 3.289043298739856569e-01
4.530913038615008159e-01 6.204765978348895095e-01 3.854852815041058256e-01 6.026727513256311397e-01 3.477578019301122980e-01
4.625596315708733197e-01 5.936847277307307769e-01 4.233084824135899260e-01 5.725951442792859281e-01 3.691053296464854583e-01
4.647319088825443423e-01 5.624731125531484688e-01 4.512417558877477863e-01 5.358285416763912679e-01 3.911022131101556387e-01
4.688900996742653149e-01 5.377072137739107305e-01 4.684321366257503394e-01 4.980146353029104578e-01 4.042251593543667587e-01
4.909179108190372953e-01 5.166915307574168059e-01 4.887166190700440449e-01 4.482833517847593652e-01 4.083683873995992974e-01
5.411912040016451098e-01 5.098885890284596822e-01 5.225661091288098525e-01 4.280702548084613368e-01 4.129251866691489581e-01
5.891432450628721895e-01 4.944325915121949300e-01 5.568144381145195831e-01 4.188072680696408590e-01 4.228873140370902339e-01
6.217280755622444088e-01 4.663423691578095220e-01 5.752618292889308815e-01 4.048636816714060171e-01 4.321039383442942250e-01
6.562839794706034624e-01 4.191784844731484827e-01 5.836281128382743155e-01 3.961483336899293550e-01 4.495729002020323883e-01
6.803040804364863803e-01 3.854343631155392469e-01 5.846301326975337220e-01 4.013426713974911353e-01 4.727051438725605736e-01
7.025097134629310069e-01 3.562513186846397728e-01 5.750807355308440449e-01 4.185248546720168328e-01 5.163420127852376140e-01
7.183560049240385048e-01 3.376265137020790230e-01 5.638380086995048446e-01 4.301050854521346056e-01 5.525441442725266272e-01
7.355365430497851076e-01 3.159624450614919589e-01 5.511094141103801691e-01 4.396848092995813140e-01 6.040113209275322914e-01
7.312531668031165832e-01 2.949587970199765707e-01 5.516127754293982388e-01 4.366899009124721176e-01 6.730366614697825822e-01
6.899920791275125920e-01 2.674000640927774453e-01 5.503300539666102775e-01 4.486516886621872979e-01 7.159977523813320088e-01
6.426328854201738272e-01 2.520979805456757261e-01 5.295831943562595567e-01 4.553961395784905664e-01 7.367284951080997901e-01
6.096535561884885990e-01 2.242055919825220733e-01 5.201663325648125946e-01 4.133101738810179282e-01 7.099049538322342867e-01
6.494416747049762684e-01 2.091096669866844560e-01 5.172786851844480838e-01 3.669710580646119435e-01 6.877715706065198331e-01
7.088865706210719653e-01 1.941271159456259832e-01 5.166566001553923870e-01 3.243546790748750852e-01 6.733780774783095779e-01
7.607298468762723198e-01 1.810604847292876796e-01 5.161140653335452022e-01 2.871879438167345699e-01 6.608251773676526719e-01
8.006687760353088379e-01 1.709942370653152466e-01 5.156961083412170410e-01 2.585555016994476318e-01 6.511546969413757324e-01
