2.099598497152328491e-01 7.175976037979125977e-01 1.506956070661544800e-01 7.852171063423156738e-01 4.764776825904846191e-01
2.595466377146182224e-01 7.197799468854005900e-01 1.738924279946950091e-01 7.987746859866297067e-01 4.950209325814636241e-01
3.162918127860422923e-01 7.061436161511986942e-01 1.979458201858012023e-01 7.936243257241962779e-01 5.073330154890146604e-01
3.490757121953640962e-01 6.812842009159195689e-01 2.171969687853022579e-01 7.762911953452695801e-01 4.617566723520595273e-01
3.568747424837467319e-01 6.693787098131456226e-01 2.282817309360479496e-01 7.531110192116872160e-01 4.183964272823197383e-01
3.468151596511115375e-01 6.572824173958643490e-01 2.532659414801958220e-01 7.039698768626276859e-01 3.923149866758528503e-01
3.892160877948722120e-01 6.514947519377456420e-01 2.773997755946250310e-01 6.641714662653618317e-01 3.842859520354179881e-01
4.333581894072568996e-01 6.538447969276007798e-01 3.048042753220799872e-01 6.516343172515639548e-01 3.679403665005636648e-01
4.414909507136234867e-01 6.538055616256206459e-01 3.576519382949083226e-01 6.289436273396472599e-01 3.560372220530101939e-01
4.579113992890443963e-01 6.373999056215234882e-01 4.129495618825341774e-01 5.927071968235121391e-01 3.578073157361352785e-01
4.944025677992104351e-01 6.105908403976524346e-01 4.471512406693284869e-01 5.693937694428687912e-01 3.619716461808387131e-01
5.315093011824595370e-01 5.910841173041974095e-01 4.788978287122484523e-01 5.405045105093905233e-01 3.728047161926138497e-01
5.619407646216565411e-01 5.766785245481517164e-01 5.046611946565793261e-01 5.159905194313113563e-01 3.819377795398997133e-01
5.687145876825113744e-01 5.421880625191068948e-01 5.288342238398753281e-01 4.612170626207682256e-01 3.980652161872390571e-01
5.985832816940614975e-01 5.046751673013032402e-01 5.384282180853194877e-01 4.282251297233086729e-01 4.081520988971090724e-01
6.454499062492606853e-01 4.550312645946346102e-01 5.588122428780133433e-01 4.121685231842737163e-01 4.299167783043655322e-01
6.770880264081422517e-01 4.208417596503302716e-01 5.755855658297674982e-01 4.120395805683197965e-01 4.481338323627709341e-01
6.946225984862314240e-01 3.802436842135673567e-01 5.772652962080921935e-01 4.076835966848454396e-01 4.821342172665091796e-01
7.005873876476320650e-01 3.462903966282277479e-01 5.649761155853051386e-01 4.099602748780333261e-01 5.456595371802801520e-01
7.010503485667446411e-01 3.352786453352032403e-01 5.548746611645825055e-01 4.181180037321147736e-01 5.934833547592091030e-01
6.914411013632258962e-01 3.173824532650417196e-01 5.377034219074823262e-01 4.334693145576255513e-01 6.608175350386951141e-01
6.674813138942969903e-01 2.898770588002432813e-01 5.245068032686028836e-01 4.470567470595745441e-01 7.002251260238724351e-01
6.603072608516841191e-01 2.244591903512268283e-01 5.223915685597025904e-01 4.493217317333767502e-01 7.319419907106532452e-01
7.125117180157044539e-01 2.103146752397443420e-01 5.330616451197870420e-01 4.155091649028412326e-01 7.201916292509645823e-01
7.537152173222406715e-01 1.968913540140524443e-01 5.329961904251979687e-01 3.628948789255644347e-01 6.996356852527157999e-01
7.814665761462169513e-01 1.815851620096781693e-01 5.227711766295305429e-01 3.012262945576177353e-01 6.709815567980276230e-01
8.006687760353088379e-01 1.709942370653152466e-01 5.156961083412170410e-01 2.585555016994476318e-01 6.511546969413757324e-01
