2.099598497152328491e-01 7.175976037979125977e-01 1.506956070661544800e-01 7.852171063423156738e-01 4.764776825904846191e-01
2.325538756468902846e-01 7.040250200475469677e-01 1.301946557183869257e-01 8.026400465574842213e-01 4.633986533006604347e-01
2.459817238757494584e-01 6.899560070068411211e-01 1.454011187989775467e-01 8.036385222980141352e-01 4.332857917778861201e-01
2.655271610388752479e-01 6.801857165458348176e-01 1.608613539565973971e-01 8.017770885670875147e-01 4.081605963827014127e-01
2.836285816221214562e-01 6.737890378861579599e-01 1.661523473710892485e-01 8.052001463960423155e-01 3.672798759223506737e-01
3.061893942760758325e-01 6.661427778782436082e-01 1.745154238523019541e-01 8.092890088707681562e-01 3.406098044896083699e-01
3.390445252883387273e-01 6.589645971495554644e-01 1.956248294627952189e-01 8.094610077783139790e-01 3.247066470891833978e-01
3.652275385179432621e-01 6.544113105854063583e-01 2.185447568234449300e-01 8.058261199466757452e-01 3.191644547986093872e-01
3.888126089103481897e-01 6.526861753778091524e-01 2.464635534991095334e-01 7.950353615792367101e-01 3.185388615256555256e-01
4.064582565392110824e-01 6.548279477093396084e-01 2.836222479830838306e-01 7.771032736330730772e-01 3.224139210594240135e-01
4.178988754638544023e-01 6.552203327830127266e-01 3.226565362508606039e-01 7.563410361454850905e-01 3.262963931391629768e-01
4.266092510961486672e-01 6.517116985246557137e-01 3.543607771800039163e-01 7.303944809834846952e-01 3.271820912321491970e-01
4.324254774178424299e-01 6.464797992067633503e-01 3.744717679287861145e-01 6.982811354637981083e-01 3.268193232828551786e-01
4.354572503792195071e-01 6.415529559571726548e-01 3.851213526713339053e-01 6.636926681343408019e-01 3.288651751509777954e-01
4.395918589183816505e-01 6.370573113243895857e-01 3.926130378608593263e-01 6.291355872224095869e-01 3.351927724600550218e-01
4.551373387952629690e-01 6.329499706627973454e-01 4.056100433209390288e-01 5.910464564306869839e-01 3.462528026251714963e-01
4.761496704458590967e-01 6.316530104383721866e-01 4.197830124116063155e-01 5.662638517519404946e-01 3.542969514226366190e-01
5.029619732009638078e-01 6.328667681474096085e-01 4.358926164642775714e-01 5.500686780728000214e-01 3.598400910388414586e-01
5.351815172506563245e-01 6.353028765157062718e-01 4.539755381937241596e-01 5.414679721093279552e-01 3.657809721832651073e-01
5.656997534724976795e-01 6.327806984378543387e-01 4.726132518217632805e-01 5.350134191763620262e-01 3.808868416011540470e-01
5.771539664492895128e-01 6.188373386039549562e-01 4.875059672532226496e-01 5.232630668562063825e-01 4.081412310739220839e-01
5.596536474393276617e-01 5.976401761181714400e-01 4.918012311760940891e-01 5.102151402036633199e-01 4.334453344780367368e-01
5.357607145983180885e-01 5.756156490116216551e-01 4.912818420450418277e-01 5.001883178688362186e-01 4.514832751779422892e-01
5.111944102962293623e-01 5.466205137240951473e-01 4.884394169481409698e-01 4.858038178074434166e-01 4.637195131883617427e-01
4.903280627059674601e-01 5.154532792424296739e-01 4.760276815518745264e-01 4.722721253364736138e-01 4.656847545626115470e-01
4.846997954972255829e-01 4.836969370926114120e-01 4.573007576649585348e-01 4.674729201050929484e-01 4.716366683599707010e-01
5.055294239994775340e-01 4.534516805746086621e-01 4.514143667991915021e-01 4.660683256505116501e-01 4.896755799069264503e-01
5.321957257166758382e-01 4.340228463633781231e-01 4.609372865256359253e-01 4.634107305259197451e-01 5.037046594485131701e-01
5.632881941730468744e-01 4.141744989225224494e-01 4.763388188086056796e-01 4.613369872428578766e-01 5.138577799530787971e-01
5.880780573019060986e-01 3.956393483188954674e-01 4.890109752364305007e-01 4.613235968924518371e-01 5.195405560900036024e-01
5.869263225275132001e-01 3.587092700103721721e-01 4.858514091855070105e-01 4.609160872962320687e-01 5.380004557826946199e-01
5.669477174592344459e-01 3.402380802121215408e-01 4.689177733694357975e-01 4.593679439233152029e-01 5.584875011775640719e-01
5.513471348579739306e-01 3.224774583940189232e-01 4.534535622537551602e-01 4.560409340664818845e-01 5.869659449761623904e-01
5.476582197172947808e-01 3.008510639869249048e-01 4.473657284973577286e-01 4.524067738022802820e-01 6.217429456081581263e-01
5.534288510366190961e-01 2.774359334872064098e-01 4.517139421707881408e-01 4.525974509765351983e-01 6.545455303726432916e-01
5.678558137756869462e-01 2.555787692470920525e-01 4.647867454510663521e-01 4.560909869246428383e-01 6.796715498145000645e-01
5.969066361401558218e-01 2.386854502671523492e-01 4.847692155623458121e-01 4.590205780114002265e-01 6.944013545640702612e-01
6.355158738086859049e-01 2.295399010341059587e-01 4.997924738132350497e-01 4.549654856652545210e-01 6.911487463382101071e-01
6.725296850942904525e-01 2.229885221313348820e-01 5.170994005872008303e-01 4.349831052703343470e-01 6.939689242651411183e-01
6.724054177485598860e-01 2.114140992115014217e-01 5.101218567068228626e-01 3.994827890381504321e-01 6.845844802556323438e-01
6.957632326900755615e-01 2.038350571515692988e-01 5.113255865173065295e-01 3.713967220682073411e-01 6.769595966972011825e-01
7.258121227802740716e-01 1.957687738942115729e-01 5.132028360829090641e-01 3.417862998632060223e-01 6.700025314597067849e-01
7.551828111786651476e-01 1.867490919420353168e-01 5.144901254328193563e-01 3.106696132499145446e-01 6.629249262874259419e-01
7.815125716219040175e-01 1.776293215682637761e-01 5.151882141988116670e-01 2.805031195378304698e-01 6.561116747708273245e-01
8.006687760353088379e-01 1.709942370653152466e-01 5.156961083412170410e-01 2.585555016994476318e-01 6.511546969413757324e-01
