2.099598497152328491e-01 7.175976037979125977e-01 1.506956070661544800e-01 7.852171063423156738e-01 4.764776825904846191e-01
2.587323848974540930e-01 7.067046258801273906e-01 1.338519611012074506e-01 8.037387181216807397e-01 4.627493784032219448e-01
2.756335090094453322e-01 7.168301069641376255e-01 1.647419777394395768e-01 8.475883552038859792e-01 4.304414857420086338e-01
3.086552137437991172e-01 7.149106594035703477e-01 2.178835862310493920e-01 8.614848713938605407e-01 4.418447869296246444e-01
3.430603761584301026e-01 6.726738177756846904e-01 2.399267722470531106e-01 8.529354470428747170e-01 4.285439245769822048e-01
3.510276138883944852e-01 6.555847970271118097e-01 2.566322609771414243e-01 7.999522802508383101e-01 4.064893088691480250e-01
3.489391917322577918e-01 6.574227273495816259e-01 2.743383857732099029e-01 7.373771023896764643e-01 3.820065431813378654e-01
3.615878016260033467e-01 6.640842071120752754e-01 2.901872270401126275e-01 6.951660446408713945e-01 3.525325509083011011e-01
3.969616303018542181e-01 6.656689936553378262e-01 3.221073625124644679e-01 6.702028978184860764e-01 3.379354987679868971e-01
4.276587055858326325e-01 6.507605901710201701e-01 3.700595242305788068e-01 6.459255725280252936e-01 3.466651837554394211e-01
4.534007244741176113e-01 6.286973546987946193e-01 4.144341112180476294e-01 6.026625851867696282e-01 3.499432043015981986e-01
4.740960106525625162e-01 6.171419978737499035e-01 4.419727978795267576e-01 5.620840180516619711e-01 3.531583436192160530e-01
5.032316682067938807e-01 6.009822539714997358e-01 4.674973807588720942e-01 5.099093815210320457e-01 3.724637271653946646e-01
5.281527156509672194e-01 5.782273670928201881e-01 4.810027309282612906e-01 4.744087931190235641e-01 3.945839646377690135e-01
5.577371644840257714e-01 5.453156630980604547e-01 4.926975311808656777e-01 4.448280176569766597e-01 4.114242984819729831e-01
6.088424235399815254e-01 5.028431787445726275e-01 5.136882838334181356e-01 4.157620719657745267e-01 4.184426379221344305e-01
6.518156601469239364e-01 4.560499802878092979e-01 5.348655643666031523e-01 4.051795155603061249e-01 4.340246712484446268e-01
6.612627525776200166e-01 4.196778433717086032e-01 5.453145385574597048e-01 4.121527119723956689e-01 4.575321183921590706e-01
6.703242546814535130e-01 3.883272562096046765e-01 5.602494619508509022e-01 4.278781510540275446e-01 4.980406752640197388e-01
6.856057258920770225e-01 3.670361753564028717e-01 5.766328358316435976e-01 4.441479832152061547e-01 5.402780995174911727e-01
7.047683484070278448e-01 3.517572993720223251e-01 5.829599154387017368e-01 4.634277777370735540e-01 5.756416724646914451e-01
7.199859087838346161e-01 3.229993187607175797e-01 5.623790907920173110e-01 4.820349671472467512e-01 6.306928619158383986e-01
7.051872831342036463e-01 2.970168066332936618e-01 5.479416356451428660e-01 4.755267021683464712e-01 6.689999022735994005e-01
6.659468143019177111e-01 2.654931966502646623e-01 5.304432668214309476e-01 4.690383663202457587e-01 7.049817463544031382e-01
6.319753071197121708e-01 2.435821676332301233e-01 5.127008251939262351e-01 4.690365154719233209e-01 7.269644772420961187e-01
6.222271379111480316e-01 1.966813127163402342e-01 5.002596242864696396e-01 4.307133771525811228e-01 7.320153680292208476e-01
6.567869020094975196e-01 1.847507118811871907e-01 5.029763144469659997e-01 3.872614270655045376e-01 7.257527661506706362e-01
7.053629753636236899e-01 1.785461820880684947e-01 5.083220047190597501e-01 3.431711884369264554e-01 7.054513034585020437e-01
7.619283413441964026e-01 1.740639938994526514e-01 5.126986414738665676e-01 2.929505591124726416e-01 6.732254851190223599e-01
8.006687760353088379e-01 1.709942370653152466e-01 5.156961083412170410e-01 2.585555016994476318e-01 6.511546969413757324e-01
