2.099598497152328491e-01 7.175976037979125977e-01 1.506956070661544800e-01 7.852171063423156738e-01 4.764776825904846191e-01
2.172586424262364091e-01 6.965298257750655031e-01 1.236505246667900654e-01 7.891077663923278251e-01 4.649722468558231125e-01
2.481229471687194377e-01 6.786247064206127888e-01 1.136108331955991285e-01 7.927079016077495099e-01 4.486422788839623532e-01
2.871576910374766256e-01 6.664560419974787653e-01 1.065409927749227936e-01 8.017750374574291738e-01 4.275307688442043785e-01
2.863676267236789363e-01 6.410948311243110931e-01 1.331040475490156139e-01 7.944941538327117136e-01 4.142018792580223763e-01
3.108521961217808882e-01 6.345404609051443767e-01 1.617733981109570618e-01 7.801235036426070746e-01 4.048245399289870372e-01
3.351866844424580827e-01 6.407316404951247657e-01 1.847473031592697379e-01 7.698603562603498762e-01 3.957520158479805872e-01
3.566354364512007713e-01 6.553625666335137767e-01 2.113369338596571556e-01 7.566459120171981079e-01 3.846229531133171231e-01
3.702350190653703743e-01 6.741816940240654699e-01 2.362539428622440485e-01 7.393719743465715366e-01 3.733512694820478872e-01
3.813093440024993841e-01 6.837624318780682886e-01 2.537646384649998588e-01 7.216917955881875235e-01 3.626310370166561103e-01
4.007103898971411948e-01 6.859766235326917316e-01 2.742415679876587520e-01 7.004369066554368972e-01 3.461838572795319369e-01
4.227985772028219347e-01 6.842893801588919578e-01 2.976463682395220078e-01 6.797431677272429695e-01 3.294328393153698742e-01
4.423527785941391843e-01 6.806638678103015261e-01 3.231910849809896957e-01 6.576378138602496648e-01 3.187550289085739896e-01
4.559374601407447103e-01 6.741555969469659182e-01 3.525608083578165020e-01 6.375323802176773302e-01 3.109526534015018551e-01
4.535680518010093421e-01 6.643424460433933199e-01 3.875279870143198968e-01 6.286626364542312606e-01 3.012990134524026753e-01
4.338447032642472889e-01 6.571198307000897243e-01 4.238485737668318820e-01 6.371209251052475375e-01 3.097311863585684444e-01
4.567783925144334733e-01 6.548680141324276782e-01 4.319622531755659689e-01 6.260728524987093646e-01 3.300895415959342327e-01
4.781844109790661101e-01 6.468536435438070331e-01 4.383449574169978602e-01 5.986022441698115593e-01 3.446534252106903673e-01
4.965641855110219383e-01 6.375822629965458566e-01 4.496627605704394126e-01 5.715733288864159878e-01 3.558889260211554606e-01
5.209314614634884544e-01 6.272273929186577002e-01 4.673708455419899876e-01 5.514341070532138289e-01 3.647283050801648496e-01
5.471458447358183985e-01 6.125732436575956896e-01 4.885241086652075126e-01 5.441775557960537579e-01 3.727043810191692508e-01
5.620167217526238490e-01 5.881988600239521636e-01 5.085014895062894835e-01 5.438335246235199705e-01 3.879824279120279162e-01
5.566848934432123697e-01 5.627214605306380957e-01 5.206715997697737297e-01 5.398254891645198894e-01 4.103700952463514295e-01
5.400020594427661358e-01 5.425830448059235644e-01 5.266850227145264407e-01 5.306038650077710139e-01 4.331175492334444765e-01
5.178048151507496089e-01 5.251930422125333786e-01 5.279792375393160819e-01 5.154858629611895893e-01 4.520798396189857349e-01
4.983167593963783171e-01 5.070943584160804152e-01 5.223299593667305452e-01 4.941312773986485940e-01 4.607956296766355653e-01
5.067397496337329166e-01 4.818767734900583632e-01 5.135502877456137316e-01 4.747450683704196317e-01 4.637957102213748906e-01
5.399410288741960384e-01 4.642382538106625267e-01 5.188076801559200479e-01 4.713427929446243336e-01 4.742186860179631869e-01
5.694057209467282554e-01 4.569350460518643020e-01 5.341652571276387373e-01 4.684033290054060994e-01 4.875255026441487338e-01
6.009330846364467904e-01 4.456360158749902989e-01 5.492419015729608223e-01 4.556641220786255553e-01 5.021489765064718336e-01
6.227501295165283057e-01 4.282819057685801067e-01 5.538100291416264698e-01 4.447574918171455227e-01 5.159019239434693427e-01
6.393163559861007039e-01 4.000431922495304438e-01 5.545817596653915826e-01 4.385476429639105778e-01 5.355668344453208274e-01
6.446397023195874487e-01 3.714766154905245754e-01 5.542673053120653615e-01 4.354246287961772710e-01 5.547878615321159002e-01
6.512585818322832454e-01 3.417304159531093233e-01 5.552721520005674538e-01 4.323223262508085751e-01 5.787588180677087912e-01
6.604172818190247041e-01 3.176068181225777942e-01 5.592394575746113539e-01 4.323548322876388239e-01 6.105653293433743745e-01
6.588344393429054202e-01 2.931301555081243793e-01 5.580813253869381096e-01 4.281194662881644408e-01 6.399055096901402617e-01
6.625019421025672983e-01 2.626039776545669446e-01 5.433643763631947898e-01 4.072262284844029301e-01 6.593423272170093608e-01
6.878976223780759458e-01 2.428427984006332752e-01 5.470663592442486234e-01 3.929792518944308921e-01 6.683318856717587186e-01
7.169406226041665775e-01 2.256522993882459638e-01 5.497296992557139106e-01 3.750664446522364859e-01 6.740350081447245012e-01
7.432139258921809377e-01 2.111861248065917129e-01 5.468202332958272960e-01 3.528979803733635623e-01 6.763290808021801270e-01
7.681862047494406598e-01 1.966071981166310489e-01 5.366674891314624496e-01 3.216141852104643095e-01 6.715530768743747103e-01
7.876143379903465247e-01 1.846216237282285733e-01 5.229573658221046140e-01 2.865092139734606302e-01 6.564468282606116256e-01
8.006687760353088379e-01 1.709942370653152466e-01 5.156961083412170410e-01 2.585555016994476318e-01 6.511546969413757324e-01
