2.099598497152328491e-01 7.175976037979125977e-01 1.506956070661544800e-01 7.852171063423156738e-01 4.764776825904846191e-01
2.448317930422326538e-01 6.970406359411887021e-01 1.451944057081647477e-01 7.802240371667890084e-01 4.679730923399613163e-01
2.740330686141425609e-01 7.016294630655364184e-01 1.396742951167774527e-01 8.123632992046146972e-01 4.774007575976994544e-01
3.040402377270213785e-01 7.003967102572297154e-01 1.562753009506407664e-01 8.026081207005734131e-01 4.547596634343366029e-01
3.364792846586232011e-01 6.935567920686215304e-01 1.746133883322014135e-01 7.888761957172341077e-01 4.319671276075806032e-01
3.709532270610961802e-01 6.892281838473548472e-01 2.001614803969709033e-01 7.787937613258048009e-01 4.116386068747955318e-01
3.971479465872371217e-01 6.886130416396072373e-01 2.194037365185367849e-01 7.640934931393467133e-01 3.911058669700223089e-01
3.998051705052025895e-01 6.976355274481826907e-01 2.406321780067519345e-01 7.330798181725901586e-01 3.604211610089300133e-01
3.919313197551487216e-01 7.041791036781848145e-01 2.601774728036678197e-01 7.115308705901109976e-01 3.411990003686329320e-01
3.957058717274445359e-01 7.042739679119451868e-01 2.921307771784582563e-01 6.902425471261585121e-01 3.162838751704630802e-01
4.203217776013160045e-01 6.934561546995627879e-01 3.239960028570780248e-01 6.858304324127988405e-01 2.935148529264147155e-01
4.511437166452603731e-01 6.846902253021514007e-01 3.561540890815062532e-01 6.854760613819044224e-01 2.778160726820235737e-01
4.736878711829128896e-01 6.813237914060513711e-01 3.853390880473274716e-01 6.784602142357409882e-01 2.672306998705734626e-01
4.922012221865028070e-01 6.716748475511256089e-01 4.192266114135521082e-01 6.579813868562819357e-01 2.502476319963964912e-01
4.933396883023757340e-01 6.513881230063317540e-01 4.414502023730484948e-01 6.317672611321638598e-01 2.383438184266369886e-01
4.867941917301013555e-01 6.221482977371821654e-01 4.548469164809100795e-01 6.052093381194815214e-01 2.413079645509544346e-01
4.859060139053927863e-01 5.896011038592636755e-01 4.566434904257065663e-01 5.788723988815471788e-01 2.627433346750405740e-01
4.963188621789397237e-01 5.585324186562666826e-01 4.574264107295455961e-01 5.503128027602142147e-01 2.914005139881393758e-01
5.055650349374977148e-01 5.396097201801817178e-01 4.651209157688315221e-01 5.289242048861193535e-01 3.081690201911871929e-01
5.141367878521188040e-01 5.179715958479016447e-01 4.780368592680513951e-01 5.007106512105646834e-01 3.290849437001147626e-01
5.189028347866713187e-01 4.953836397965982741e-01 4.957779956729558846e-01 4.654514052998040552e-01 3.578353075755766888e-01
5.244941372356328735e-01 4.795601684332533310e-01 5.119522070048360129e-01 4.375242469544295409e-01 3.915254875483290542e-01
5.506998635447141188e-01 4.695690129874317553e-01 5.249227635493207700e-01 4.279983692827598607e-01 4.217679032325292177e-01
5.997282449921019776e-01 4.593044353191156892e-01 5.376786685773509156e-01 4.318665386303579545e-01 4.440432550934408362e-01
6.366533451747184991e-01 4.454483524691680296e-01 5.478753459445709906e-01 4.349698253846324691e-01 4.629382402932913365e-01
6.661445710645688134e-01 4.255679053277957036e-01 5.568631845928385671e-01 4.409386767356743841e-01 4.907159706148117584e-01
6.866205168455775665e-01 4.016982464078474035e-01 5.652337296150852231e-01 4.469607903945090333e-01 5.260512891249353729e-01
7.016618905483522628e-01 3.787096017172659201e-01 5.721089510754698848e-01 4.485117321789847677e-01 5.620516548316459859e-01
7.090548081171921257e-01 3.575829141118609389e-01 5.725677924691336962e-01 4.518719042241267636e-01 6.020646787917696141e-01
7.073666398916708120e-01 3.410978419190990873e-01 5.643357961491721753e-01 4.647594242256178343e-01 6.482333610874444485e-01
7.185864082784646500e-01 3.160740561360242395e-01 5.691496778101543530e-01 4.574677539885042554e-01 6.730511956529268147e-01
7.274249685883863448e-01 2.774599356373576575e-01 5.754839642513712716e-01 4.396047172760877420e-01 6.870295662123284686e-01
7.228439949555511834e-01 2.426707206023440699e-01 5.663747032811848880e-01 4.177888806102899033e-01 6.904664745363326972e-01
7.149038184925083916e-01 2.128069662352887470e-01 5.444142302068423200e-01 3.921793109354562712e-01 7.021003385360616855e-01
7.240564765159233085e-01 1.967828253462129418e-01 5.228693563688663337e-01 3.528755195481059759e-01 7.049504063926859132e-01
7.489845189368441458e-01 1.877902912828602888e-01 5.166101531500507660e-01 3.133503770869845440e-01 6.840116672059267655e-01
7.793000855380816105e-01 1.779385118657753617e-01 5.160740172387632274e-01 2.812102673616435067e-01 6.647393060211229665e-01
8.006687760353088379e-01 1.709942370653152466e-01 5.156961083412170410e-01 2.585555016994476318e-01 6.511546969413757324e-01
