2.099598497152328491e-01 7.175976037979125977e-01 1.506956070661544800e-01 7.852171063423156738e-01 4.764776825904846191e-01
2.249018956604640629e-01 7.053001810142537353e-01 1.246187876569583991e-01 8.023015355206326582e-01 4.728428546079400663e-01
2.546202575711778993e-01 6.856340200686379394e-01 1.044474087111478683e-01 8.119520703280388441e-01 4.650194405568633393e-01
2.825455192648651526e-01 6.607344329901252422e-01 1.058787565621402277e-01 8.090835985239160921e-01 4.460980174278321719e-01
3.040489211940647363e-01 6.547375597770012101e-01 1.295642013643458212e-01 7.917075402239174275e-01 4.264631124695451025e-01
3.241145646216275211e-01 6.519007746523027835e-01 1.584585357335584754e-01 7.675834650258142045e-01 4.086945762236797730e-01
3.406007020223135728e-01 6.492444928157495854e-01 1.834564712655836760e-01 7.518238098694379756e-01 3.912517395902406214e-01
3.554078003429291810e-01 6.547295032376238000e-01 2.201155301778104922e-01 7.541191136527534145e-01 3.771290519043625777e-01
3.724027307111647533e-01 6.659420478755682105e-01 2.561405461459075328e-01 7.533533165750186944e-01 3.620851165817112194e-01
3.888894631493377552e-01 6.737587868012490100e-01 2.807451291915315505e-01 7.429173484597130228e-01 3.460462147381169751e-01
4.090152007886586616e-01 6.834703094799599032e-01 3.127020244951453920e-01 7.231668588994534241e-01 3.276127482970714322e-01
4.259006622622845684e-01 6.959076601015731223e-01 3.492162270732876994e-01 7.000789053896561143e-01 3.178452800712080473e-01
4.358599464293928527e-01 6.999676172111148897e-01 3.793182263759672934e-01 6.682783118111012000e-01 3.101513457864343848e-01
4.555778715902401022e-01 6.913126235059227076e-01 4.041370937824660392e-01 6.555462175754387388e-01 2.905569611035034860e-01
4.845226717133886973e-01 6.828004141656686121e-01 4.293950519803597654e-01 6.686492664212442261e-01 2.767347042580478589e-01
5.055029960661765465e-01 6.658927368743098318e-01 4.525441450708232449e-01 6.691208006049842449e-01 2.708084254189777607e-01
5.076150585861896047e-01 6.384912363676966685e-01 4.700444563224246419e-01 6.376731151700465450e-01 2.693013845068275569e-01
5.092426783536129209e-01 6.161783197743172513e-01 4.808150554867103854e-01 6.042875044948986529e-01 2.712299913857823541e-01
5.289110607097113892e-01 5.963686166792747656e-01 4.985358966408307002e-01 5.742246368736065865e-01 2.874291000481672964e-01
5.326236995865057944e-01 5.938964237547431635e-01 5.023099822479626386e-01 5.632188809530714879e-01 3.250646406745642536e-01
5.149523051111214444e-01 5.981872053510393084e-01 4.860645943777887612e-01 5.662018120584320080e-01 3.588999239152732557e-01
4.923533093673654881e-01 5.898185288259762959e-01 4.628760895871827930e-01 5.670373043537110247e-01 3.933602808176233645e-01
4.780881679290381880e-01 5.613238388261674316e-01 4.592954739628838379e-01 5.559595729558164390e-01 4.255262698684645351e-01
4.775226043276637466e-01 5.311421588047056108e-01 4.734136831930729206e-01 5.361209395478201412e-01 4.499932112603726164e-01
4.986799512092376374e-01 5.168687146449449932e-01 5.029779985217281979e-01 5.235222832189391218e-01 4.625274069322611314e-01
5.269516950050086024e-01 5.100269018605110283e-01 5.308678498378015531e-01 5.186725001124078416e-01 4.691229241282213192e-01
5.545085660825341822e-01 4.913070512223704500e-01 5.537311202075748673e-01 5.030885427037400381e-01 4.834898073317207001e-01
5.707446227288640594e-01 4.717318131195590847e-01 5.651880432177821545e-01 4.845033527213122304e-01 4.988211850561935501e-01
5.832299358115474730e-01 4.428863253301477676e-01 5.705475303876874626e-01 4.612355800995540100e-01 5.206716766698098464e-01
5.875627493061494899e-01 4.122876279041545189e-01 5.649548275736788749e-01 4.454708623170159920e-01 5.402018506444625778e-01
5.907238104470470264e-01 3.806029360353526680e-01 5.494525369230053302e-01 4.342592195919046105e-01 5.567789582948061700e-01
6.009580765922883927e-01 3.522127131562456936e-01 5.354204644418865122e-01 4.288055425249748254e-01 5.768740219886377973e-01
6.244602470410685058e-01 3.278067183441034094e-01 5.322453958373181138e-01 4.334275486042455383e-01 6.006553509721123119e-01
6.580977480780123567e-01 3.088150267802663440e-01 5.401584867395101686e-01 4.414412883083037586e-01 6.200697892999468275e-01
6.754265150907919901e-01 2.836257583292881579e-01 5.417733648526665835e-01 4.443232430632719776e-01 6.508024229378800429e-01
6.782419242726388520e-01 2.606836599749354222e-01 5.385304496672672636e-01 4.405925189372582595e-01 6.870257460244716397e-01
7.081372246078704302e-01 2.430987139835546207e-01 5.566801274002110000e-01 4.221353604106304891e-01 6.901858678404634295e-01
7.141031589127566637e-01 2.337518180418312330e-01 5.604002142182725743e-01 3.931494428241922301e-01 6.635083019692935569e-01
7.245652304164559299e-01 2.200108449719493653e-01 5.497886245472975997e-01 3.528212510892673182e-01 6.440080319272181164e-01
7.457182025684510052e-01 2.056058426119657945e-01 5.363775747047051512e-01 3.204057459237636407e-01 6.428373508934713820e-01
7.775204069685102137e-01 1.867003932180736070e-01 5.239884078334954287e-01 2.855312543138659453e-01 6.462268137200214424e-01
8.006687760353088379e-01 1.709942370653152466e-01 5.156961083412170410e-01 2.585555016994476318e-01 6.511546969413757324e-01
