2.099598497152328491e-01 7.175976037979125977e-01 1.506956070661544800e-01 7.852171063423156738e-01 4.764776825904846191e-01
2.479430403981467967e-01 7.080298511276126305e-01 1.680138661675755207e-01 8.306782047079739328e-01 4.554909713518169867e-01
3.163160476940696242e-01 6.764447448268251506e-01 1.703910521714492310e-01 8.209812170312984492e-01 4.195516010262401174e-01
3.353460319929607580e-01 6.815272785453625470e-01 1.726409870276026104e-01 7.661930283429947419e-01 3.461256110473100445e-01
3.690977781034348038e-01 6.780210205681751479e-01 2.073310414483255093e-01 7.210450025686621078e-01 2.986133285317113528e-01
4.005299051578887770e-01 6.779672972226860050e-01 2.531688261136595952e-01 6.957999636538083621e-01 2.811136042860211126e-01
3.974239450235060866e-01 6.593671577127465655e-01 3.279859667801993117e-01 6.593261191706097923e-01 3.051695812785178985e-01
4.315877931550365920e-01 6.260071527173096673e-01 3.987689574640804202e-01 6.121633374813044703e-01 3.303219976199028851e-01
4.786797907461704527e-01 6.138901618203388422e-01 4.502419355085923169e-01 5.928148617980799617e-01 3.410989204166156030e-01
5.400163023872853740e-01 6.125980380309996587e-01 5.024254977159153812e-01 5.788315557239753772e-01 3.517888705313633180e-01
5.882779088797586153e-01 6.175371760843763047e-01 5.404125682839658884e-01 5.375675114417965972e-01 3.216084286280915805e-01
6.092117205027153259e-01 5.691885674868080169e-01 5.486248389987484764e-01 4.821345545827099288e-01 3.185718662915692501e-01
6.484184564805963724e-01 5.103562661804631473e-01 5.601948551259220421e-01 4.529368724020330639e-01 3.652226941841763552e-01
6.879650320711616640e-01 4.462587095835421902e-01 5.705691107910070281e-01 4.229101329739728410e-01 4.175326940096442119e-01
7.006614837905914550e-01 3.984112629588656973e-01 5.842769412106328941e-01 4.065806528845379297e-01 4.667909076664101264e-01
6.808393441091682430e-01 3.534070316077187468e-01 5.610223557672111561e-01 4.154167443061080323e-01 5.444305082331294399e-01
6.381852607099555152e-01 3.213699233464208938e-01 5.355267909440182272e-01 4.171320336153689912e-01 5.973549632784356245e-01
6.385969442459028533e-01 2.737741983989656624e-01 5.196174021122629272e-01 4.356082396708929605e-01 6.755577470884157609e-01
6.975523448676494986e-01 2.449628093688636654e-01 5.291752729135884570e-01 4.609783564115006449e-01 7.225457139009567875e-01
7.537991440826373735e-01 2.101612223160301274e-01 5.389365385465489933e-01 4.820468725366023888e-01 7.674923157228308312e-01
7.280606264607695222e-01 1.937752058919413323e-01 5.251038154961236160e-01 4.124421133051983657e-01 7.172591398035789156e-01
7.735226349237267485e-01 1.795125157259792326e-01 5.184843480028106244e-01 3.189170933654083551e-01 6.754731625081394908e-01
8.006687760353088379e-01 1.709942370653152466e-01 5.156961083412170410e-01 2.585555016994476318e-01 6.511546969413757324e-01
