2.099598497152328491e-01 7.175976037979125977e-01 1.506956070661544800e-01 7.852171063423156738e-01 4.764776825904846191e-01
1.833759307013805850e-01 6.960703964879324523e-01 1.594170817256972683e-01 7.801862900729231720e-01 4.607243493707668391e-01
2.044514724838365494e-01 6.753990775639009403e-01 1.431632676684717331e-01 7.965232893755264110e-01 4.517067447102777189e-01
2.432449098513321251e-01 6.759533893437722485e-01 1.230073017619737197e-01 8.145994235126401417e-01 4.577214623954065642e-01
2.734871802977179578e-01 6.632106182587255150e-01 1.073631508601987777e-01 8.415994301444338355e-01 4.631564521795505374e-01
2.993032912571637061e-01 6.496998235012035883e-01 1.029710706356767314e-01 8.331500781187639593e-01 4.346304841114483897e-01
3.132610564139999831e-01 6.301001826705231457e-01 1.218013586065186116e-01 8.157858211876443111e-01 4.033099966224660271e-01
3.334142568523601469e-01 6.210178021322346753e-01 1.538453312486844915e-01 8.036018538917598653e-01 3.876559215436587436e-01
3.552020416338517728e-01 6.211840075025349961e-01 1.864880565761551645e-01 8.033530570000835258e-01 3.765494608433052615e-01
3.810760911948932184e-01 6.311073033718976877e-01 2.125085558372803163e-01 7.993617424454542153e-01 3.517551980189573824e-01
4.074571038824774116e-01 6.327806124375620067e-01 2.440148729107577408e-01 8.020584205401867228e-01 3.438449638184632451e-01
4.301201072560172922e-01 6.285749240408999849e-01 2.820560591074877110e-01 7.999375407753170908e-01 3.473536394123836191e-01
4.411070521386045162e-01 6.271164492943599456e-01 3.197156042286536937e-01 7.822558035692883660e-01 3.479735427073256115e-01
4.359243385897222933e-01 6.275883936509040195e-01 3.513028154484141297e-01 7.482163486912274397e-01 3.440579075309503909e-01
4.469684961599674766e-01 6.267955260455646549e-01 3.773194878534364416e-01 7.137878997142093063e-01 3.300715169807384997e-01
4.639719186259931849e-01 6.244750341222534695e-01 3.843583824029229157e-01 6.799434333948736198e-01 3.124885034285331820e-01
4.638460743635555161e-01 6.206687560854685648e-01 3.800128814766994823e-01 6.378923388408628270e-01 3.017661761282346422e-01
4.701300927664754381e-01 6.236214936504935746e-01 3.933403927639212427e-01 6.022978638122357120e-01 3.073693110180791277e-01
4.905942673992567671e-01 6.349738101185973260e-01 4.247098340485619405e-01 5.886244000896300177e-01 3.263566724167838440e-01
5.206924764445450826e-01 6.383319500392146129e-01 4.517915315486754069e-01 5.824097312091864875e-01 3.499469020436623556e-01
5.531683765284197696e-01 6.329846956472796604e-01 4.630684998729633350e-01 5.726478080717651853e-01 3.706344117758219037e-01
5.237060524528179828e-01 6.328275734340589320e-01 4.590697317583817827e-01 5.504481052830265675e-01 3.886690254212019635e-01
5.055657999627640731e-01 6.146099368255013573e-01 4.832251727468193647e-01 5.276129383269324569e-01 4.079516738205796744e-01
5.197773169490943479e-01 5.941754498194424805e-01 5.087947019662877324e-01 5.106239879478613464e-01 4.190926605803098060e-01
5.436759984299603943e-01 5.761464200946950776e-01 5.294001432361430393e-01 4.900532099041168266e-01 4.257789624239847748e-01
5.646889512411019663e-01 5.616692686208407670e-01 5.401469814869639396e-01 4.686776105862130448e-01 4.295288288716649361e-01
5.739799873264541663e-01 5.346931560456512633e-01 5.383002767015296897e-01 4.425793467805180792e-01 4.524569829454913039e-01
5.612835679147993861e-01 5.069176625809381775e-01 5.265507277271155306e-01 4.339793962381433556e-01 4.741890942909930406e-01
5.559849104102406736e-01 4.698452378056647283e-01 5.146257067648606354e-01 4.287399765236828975e-01 4.800177167430919045e-01
5.735770425137426409e-01 4.319170586859635286e-01 5.070271973344081529e-01 4.310860331826961156e-01 4.832339481483258758e-01
5.912536664606785619e-01 3.915932874084299686e-01 5.027261084103433753e-01 4.433089659602715282e-01 5.034827775276570216e-01
5.853453902462097957e-01 3.574055892639037557e-01 5.001494930853619403e-01 4.531104491251500832e-01 5.266055380067351521e-01
5.726293408778221350e-01 3.195698738385752136e-01 4.980409836996228523e-01 4.569752048891077556e-01 5.543593929025284472e-01
5.635697174753360184e-01 2.914896062964337231e-01 4.932659933608828928e-01 4.525014882787732340e-01 5.889670192568392526e-01
5.569272059961565269e-01 2.764906144135063082e-01 4.821154922605771498e-01 4.499766346062757383e-01 6.247332092028055062e-01
5.513671725170752325e-01 2.602254519963427271e-01 4.687436525837911927e-01 4.457504531220320421e-01 6.649346677894111268e-01
5.552206269442799824e-01 2.387205914316437583e-01 4.635507015732507341e-01 4.410532827966792135e-01 7.015155692187423631e-01
5.819557896778416728e-01 2.284827465989663353e-01 4.967675183124518057e-01 4.478263415603758180e-01 6.962176252176693891e-01
6.103374784102890693e-01 2.203951567403527323e-01 5.149867759376106635e-01 4.177646211536149012e-01 6.944830297293660415e-01
6.559092611459513833e-01 2.173244194144214603e-01 5.230243712968085656e-01 4.042403674377110234e-01 7.026579466043108013e-01
6.957093722441228811e-01 2.099916713138149926e-01 5.350163998356832762e-01 3.881835430754244087e-01 6.904934534067780350e-01
7.212900488146877231e-01 1.894342724263436417e-01 5.370675410991231358e-01 3.523373711558472898e-01 6.918851760448788690e-01
7.472723596368521237e-01 1.824915476115975543e-01 5.253884575362066656e-01 3.151672461532575853e-01 6.794663551909352339e-01
7.783436821159719354e-01 1.758012738493971161e-01 5.197484890190222639e-01 2.822249274234057137e-01 6.629918289450855706e-01
8.006687760353088379e-01 1.709942370653152466e-01 5.156961083412170410e-01 2.585555016994476318e-01 6.511546969413757324e-01
