2.099598497152328491e-01 7.175976037979125977e-01 1.506956070661544800e-01 7.852171063423156738e-01 4.764776825904846191e-01
2.679197538677204338e-01 7.061334824632630180e-01 1.570926905830027365e-01 7.940684643091582284e-01 4.541120663332357532e-01
3.315478219214274547e-01 6.607937213067687221e-01 1.662319074864187507e-01 7.987586081670172700e-01 4.247858504202647878e-01
3.704457336780579979e-01 6.408706348087279681e-01 1.987675159897587251e-01 7.450480967682965305e-01 4.065431546132208251e-01
4.170530635877060521e-01 6.354297526893092352e-01 2.273319295611570812e-01 6.944498727730004095e-01 3.846707663238122521e-01
4.680265267760742587e-01 6.370997033715763980e-01 2.570949554852849928e-01 6.591724129651116426e-01 3.681350845244367176e-01
4.972824443266812278e-01 6.482064547665298271e-01 3.287084600849202176e-01 6.296633537161812066e-01 3.575402555477213418e-01
4.753625260392970731e-01 6.303630212615864981e-01 3.999970428983121717e-01 6.327514270628639137e-01 3.728461397252458842e-01
4.997827780099433626e-01 6.101697833142147864e-01 4.517776229141598487e-01 6.090842818397168568e-01 3.639857944540941803e-01
5.621534189085226618e-01 6.009321315204314562e-01 4.901599666237964614e-01 5.617561775096178156e-01 3.522341683595350825e-01
6.209046557565542912e-01 5.878289329640924432e-01 5.337025388726467368e-01 5.262742754105254051e-01 3.401392591608182192e-01
6.261263309148943357e-01 5.615798864737668872e-01 5.596492306662915750e-01 4.845050190661615575e-01 3.310096955077235226e-01
6.327179901891165636e-01 5.077143540043540515e-01 5.713967435421035690e-01 4.316358694699366505e-01 3.584064640770819876e-01
6.506518899342390583e-01 4.664082468554116012e-01 5.743915950519594693e-01 4.130959360073708231e-01 3.993162218589665358e-01
6.570479110159864744e-01 4.163736884761772838e-01 5.773775180313476252e-01 4.110611126307106011e-01 4.606092146798067555e-01
6.220159347958392759e-01 3.691929227187688012e-01 5.700555007858443268e-01 4.251866377297495725e-01 5.329921530995536116e-01
5.822439538041834783e-01 3.307823795825214908e-01 5.562693554757006664e-01 4.443884008496528093e-01 6.042876259989372612e-01
5.637025083340032605e-01 2.928612027595882683e-01 5.418299618338342505e-01 4.679802853966328335e-01 6.794614478992262452e-01
5.906149177077568702e-01 2.676583353816853750e-01 5.381853916331598153e-01 4.785345465330878567e-01 7.251899288902854401e-01
6.457410144136246366e-01 2.514728501008117179e-01 5.395484806929327082e-01 4.759122828571152319e-01 7.491178133777831594e-01
7.150054259509904808e-01 2.234257618952970592e-01 5.278074427626368026e-01 4.486073440010065472e-01 7.608825415338273945e-01
7.344351099344013090e-01 1.976044836510872094e-01 5.164362119110325056e-01 3.853696093934174116e-01 7.155218164764678423e-01
7.755895710471435445e-01 1.815450905957758376e-01 5.157801553050960219e-01 3.065179564539450840e-01 6.755909193142903835e-01
8.006687760353088379e-01 1.709942370653152466e-01 5.156961083412170410e-01 2.585555016994476318e-01 6.511546969413757324e-01
