2.099598497152328491e-01 7.175976037979125977e-01 1.506956070661544800e-01 7.852171063423156738e-01 4.764776825904846191e-01
1.948703877764006720e-01 7.114533964048502801e-01 1.184265976721098068e-01 8.120856987584403885e-01 4.607349901641056844e-01
2.168167256624338735e-01 6.912872957642197669e-01 9.438688344061402224e-02 8.205374948450837591e-01 4.289410116075433876e-01
2.608794435069434203e-01 6.758057175413694218e-01 9.800626472765905373e-02 8.147185643888611439e-01 4.162423255875832839e-01
3.008587137068462480e-01 6.671724901950859543e-01 1.102597180222721907e-01 8.052218166667238775e-01 4.157893016060288383e-01
3.383295001555796100e-01 6.623027110560890662e-01 1.295601335010023447e-01 7.845665156454628697e-01 4.180961692785981065e-01
3.635123516050782766e-01 6.649638831214645940e-01 1.607269068771216003e-01 7.570626290085397114e-01 4.151170355095267772e-01
3.699946064550350133e-01 6.726909560598096638e-01 1.997348982064514056e-01 7.330577970587254244e-01 4.002273563751154728e-01
3.705943351234676775e-01 6.819980770256047764e-01 2.395019057288556852e-01 7.100446701754710155e-01 3.748876675020657578e-01
3.683813059962263159e-01 6.914944041899515614e-01 2.712735507761628306e-01 6.891460663201506298e-01 3.491930785387104552e-01
3.595417098102832720e-01 6.984971769096897098e-01 3.034535319040743140e-01 6.629049794338982560e-01 3.276699158029395820e-01
3.676498010397226124e-01 6.934961217649383558e-01 3.427420662723557054e-01 6.385212877594821368e-01 3.206132050079810170e-01
3.906403074742431647e-01 6.860566541492238990e-01 3.802799122796909348e-01 6.323039596005252116e-01 3.234453005187990504e-01
3.965460562318890991e-01 7.015750689250012107e-01 4.083363937419318690e-01 6.622061436463622108e-01 3.161867286248118969e-01
4.116098380444246363e-01 6.793144429148977315e-01 4.400230198875466625e-01 6.557451999669678955e-01 2.994794729770349218e-01
4.431614824522658314e-01 6.601874262320559517e-01 4.497986256708971786e-01 6.302992886269043193e-01 2.917865429517107478e-01
4.780202055335113220e-01 6.370524782097714001e-01 4.478499734780057029e-01 6.122741768002268881e-01 2.797055914962246481e-01
4.952537015583087232e-01 6.081066158011999567e-01 4.465364423291783846e-01 5.934492116521105087e-01 2.735016265881528574e-01
5.011901650641180650e-01 5.872830493697088761e-01 4.617487575025054358e-01 5.592979215426441275e-01 2.886339793171820434e-01
5.173636746571309564e-01 5.920048966343411934e-01 4.890974231552695506e-01 5.379335670180425133e-01 3.095618061686690736e-01
5.361471057736550971e-01 5.996447203932898651e-01 5.235290000494359219e-01 5.411963057784535680e-01 3.293566654407920624e-01
5.492304911963966640e-01 5.884564483328885709e-01 5.508953101857774204e-01 5.504130413048052839e-01 3.622005966267566879e-01
5.487864701655078559e-01 5.617590056194806669e-01 5.562272664690345314e-01 5.369650231497716808e-01 3.943531086677905528e-01
5.398284407724567302e-01 5.290816393539790052e-01 5.500778633259607586e-01 5.048907617321789498e-01 4.176193117338089511e-01
5.408333429179649210e-01 4.989744950663209666e-01 5.422228913017171914e-01 4.689886421974185371e-01 4.304029453037630515e-01
5.613679137087572713e-01 4.657899430270421304e-01 5.401960288125582377e-01 4.341590409660349703e-01 4.432444925545274139e-01
5.916043481042670971e-01 4.427209423909256869e-01 5.443153231888935295e-01 4.174353398513065416e-01 4.569350728124598193e-01
6.227714531847032831e-01 4.228691360155209522e-01 5.509183382315179234e-01 4.155579713583438806e-01 4.797985827772663359e-01
6.347911605511339372e-01 4.057833500450975794e-01 5.532058589531564374e-01 4.211448260827702628e-01 5.210609908971255422e-01
6.304033950081893156e-01 3.905550892229117110e-01 5.457777316158667347e-01 4.270016388559546572e-01 5.674290548594070893e-01
6.354703265351896446e-01 3.679200358816889782e-01 5.406032350447964596e-01 4.305790304800991009e-01 6.068173063351013363e-01
6.555665486540037667e-01 3.362119342713581482e-01 5.448304259197954691e-01 4.270202314325966531e-01 6.417854258450433891e-01
6.784437697166971759e-01 3.074621549944808740e-01 5.535072797231689323e-01 4.256515293983902937e-01 6.721686170914664693e-01
7.012135993218939767e-01 2.801401164767146623e-01 5.609257486224229483e-01 4.194806406574087543e-01 6.932737306778229414e-01
7.029354395095395169e-01 2.478274290253379142e-01 5.462908022644320516e-01 3.923701541915003976e-01 6.790230090663752494e-01
6.868352389363907573e-01 2.275720376661475586e-01 5.096228886138529646e-01 3.907054843082047868e-01 6.607381588086281843e-01
7.291851158095509211e-01 2.137325717121442148e-01 5.036565522594692590e-01 3.693579881259892450e-01 6.531958789790962561e-01
7.651510460602597430e-01 1.977173047663049188e-01 5.098575531587992149e-01 3.305058491231098738e-01 6.525682537855006515e-01
7.863672836196455851e-01 1.817544897705820062e-01 5.133451683256687881e-01 2.875268731442640058e-01 6.517238766862398780e-01
8.006687760353088379e-01 1.709942370653152466e-01 5.156961083412170410e-01 2.585555016994476318e-01 6.511546969413757324e-01
