2.099598497152328491e-01 7.175976037979125977e-01 1.506956070661544800e-01 7.852171063423156738e-01 4.764776825904846191e-01
1.898904535114364911e-01 7.113288363312952889e-01 1.322577240459160142e-01 7.949601869861939729e-01 4.505857466037934134e-01
1.697673664095725732e-01 6.877579621061605808e-01 1.158798860923933027e-01 7.800998903248581584e-01 4.275575470032029757e-01
1.736111892931419542e-01 6.602262708935766611e-01 1.153093138463583411e-01 7.499843008153417312e-01 4.203846734619842151e-01
1.772567657256124696e-01 6.381620082781538361e-01 1.238243502166517795e-01 7.259098511361540274e-01 3.950656854882139135e-01
1.761900609302496368e-01 6.303214819126927715e-01 1.457612629499640822e-01 7.119845134914016826e-01 3.712584010242538923e-01
1.990327077392816668e-01 6.362685246587431731e-01 1.751457371400320095e-01 7.121437782760281499e-01 3.552958897668318516e-01
2.376549974995462999e-01 6.437866874526184668e-01 1.927991214852935731e-01 7.185228810179081771e-01 3.491843971181043949e-01
2.783716763632510527e-01 6.482174298519638445e-01 2.075528221481628965e-01 7.241954586588179588e-01 3.457057890357659313e-01
3.120634719999677009e-01 6.501794540406797829e-01 2.204150558449672337e-01 7.282277436010070604e-01 3.445289790004070762e-01
3.501511162242381681e-01 6.504242056921828441e-01 2.365428624236870503e-01 7.309330213163768297e-01 3.450417830951427178e-01
3.852170582595135229e-01 6.482504183906385720e-01 2.550862482654826513e-01 7.291954514404068721e-01 3.444457165932175435e-01
4.128778290240534554e-01 6.423028535787428384e-01 2.817650795246681161e-01 7.187317397310325484e-01 3.376855590266262808e-01
4.244316229757968406e-01 6.352160861364746225e-01 3.092862283280716218e-01 7.033902520227218735e-01 3.259991987638698463e-01
4.279210789699000039e-01 6.281026999428794833e-01 3.404474057970979795e-01 6.816266234064786156e-01 3.083362371893722531e-01
4.288732176783947581e-01 6.213207299125850236e-01 3.661460947756219331e-01 6.546881272361496640e-01 2.907353820030647018e-01
4.267848759585757268e-01 6.092739460431242371e-01 3.831957489700267283e-01 6.230890831106860039e-01 2.791626513128220854e-01
4.236691347139398545e-01 5.919399904774054200e-01 3.934423715465875659e-01 5.930260354230890707e-01 2.780395602311179770e-01
4.257202562778502619e-01 5.694968266397427703e-01 4.031208794268942852e-01 5.591233941661846174e-01 2.920302371854960888e-01
4.324515785489294051e-01 5.525143006291090009e-01 4.107982189446802157e-01 5.342714055570590981e-01 3.115322426356877950e-01
4.429411398491487351e-01 5.361711608469795776e-01 4.201919606277367270e-01 5.129592286162992787e-01 3.362331652965115381e-01
4.539074570116511942e-01 5.214587233718529502e-01 4.316802246538359866e-01 4.965275053106975589e-01 3.615229750467117142e-01
4.625559454724053055e-01 5.033699773752289275e-01 4.471419978316972799e-01 4.826828982605232965e-01 3.909239106242011208e-01
4.682332976321741946e-01 4.828536605293279882e-01 4.653893900249277960e-01 4.753324055803672676e-01 4.198548546030422823e-01
4.788337540472467069e-01 4.654114364683176741e-01 4.865699005408355982e-01 4.747619329994536286e-01 4.460835830674670377e-01
4.969585367470272241e-01 4.565274820620046081e-01 5.070603260646719956e-01 4.774836384093377739e-01 4.676566400168937765e-01
5.229538693708219999e-01 4.568816154088770065e-01 5.282528028477222470e-01 4.817853550589117906e-01 4.889072651707800365e-01
5.476340159455778123e-01 4.605140382500833018e-01 5.492181465211953828e-01 4.847820824867861145e-01 5.134826462245801748e-01
5.612779916592620655e-01 4.562208759152449056e-01 5.651608508138509235e-01 4.807601276851207195e-01 5.417483565045633220e-01
5.636905303706126746e-01 4.377115581218509188e-01 5.729686667628749452e-01 4.671295980065740538e-01 5.739640785403296031e-01
5.655043455583378398e-01 4.125495323421357607e-01 5.748455178719575898e-01 4.537143168869809950e-01 6.049843345778957993e-01
5.723148273387421714e-01 3.876421622480614171e-01 5.747635568305249354e-01 4.489897096194071513e-01 6.348767782659017200e-01
5.792740704297951737e-01 3.641839059499065168e-01 5.724308060082446969e-01 4.550951868255506683e-01 6.631507100916174124e-01
5.770719405698826465e-01 3.367296649077988757e-01 5.647639003198713370e-01 4.656957244283520536e-01 6.886964700590347821e-01
5.650938555936604324e-01 3.035479303199551948e-01 5.484578844554648391e-01 4.634625103565404580e-01 7.002264298555976874e-01
5.571006285359971777e-01 2.756162363410770699e-01 5.296785082896459107e-01 4.396779861286391755e-01 6.885747530268464534e-01
5.693780749304830913e-01 2.587076712952661728e-01 5.315606228217694129e-01 4.082532494740282458e-01 6.706362436180414166e-01
6.018692933011630108e-01 2.522680177778445221e-01 5.555707865825624259e-01 4.039633502407193322e-01 6.657173023928242284e-01
6.351350896137522017e-01 2.372644011525002206e-01 5.683547038163586640e-01 4.014341159225383038e-01 6.590199717580025318e-01
6.430997718578064237e-01 2.138298772100044320e-01 5.521529243843068535e-01 3.779748830730680909e-01 6.671330323460983314e-01
6.712760464592127940e-01 1.978310787040968577e-01 5.434664657783504493e-01 3.534324551919236224e-01 6.692214399136019454e-01
7.032741148843147938e-01 1.906261019718334671e-01 5.368061294481188961e-01 3.297729536154365149e-01 6.653295931263429885e-01
7.427019414984951107e-01 1.826786256266240416e-01 5.282602580195585595e-01 3.009423245761909116e-01 6.595912359879732012e-01
7.757579869236210790e-01 1.760155107242197814e-01 5.210954523886494050e-01 2.767709039071780674e-01 6.547802329345280281e-01
8.006687760353088379e-01 1.709942370653152466e-01 5.156961083412170410e-01 2.585555016994476318e-01 6.511546969413757324e-01
