2.099598497152328491e-01 7.175976037979125977e-01 1.506956070661544800e-01 7.852171063423156738e-01 4.764776825904846191e-01
2.475402967295937395e-01 7.162948257543376718e-01 1.479206510141421183e-01 7.961339653672437899e-01 4.739709159394744908e-01
2.926537178898948599e-01 7.092536386576487883e-01 1.510476134194886355e-01 8.054194265595590041e-01 4.624620882455392490e-01
3.203524529938690524e-01 6.937969774314632909e-01 1.516489392682926207e-01 7.868091745893376343e-01 4.360713682653692969e-01
3.417813085518321969e-01 6.802061096895886116e-01 1.664085127607486947e-01 7.712194668879353010e-01 4.056600507366246999e-01
3.530330215276705208e-01 6.760028576905737774e-01 1.866911229680693340e-01 7.592204566263044407e-01 3.845520706535765498e-01
3.638740779100382849e-01 6.764355056665533050e-01 2.208915788128466839e-01 7.418783060589214662e-01 3.588225247298950649e-01
3.727617321542487372e-01 6.831530767131940296e-01 2.567032926228001166e-01 7.262339469731494690e-01 3.373836376398594572e-01
3.838600690714141783e-01 6.955358694672665321e-01 2.973169035588967835e-01 7.146075014921506874e-01 3.136257545314234396e-01
3.947449753502384473e-01 7.049175434098756687e-01 3.274153243379401834e-01 7.090944479648759735e-01 2.946726453226785614e-01
4.132573304560437366e-01 7.120741604977883776e-01 3.612270707623069788e-01 7.034179816066722379e-01 2.732721519827649992e-01
4.405938564469617513e-01 7.083576028535837343e-01 4.002297459120814360e-01 6.906499094968634456e-01 2.518485313901075995e-01
4.466402628758590065e-01 6.823718823570491532e-01 4.225166091387852485e-01 6.725154993308548601e-01 2.426274849602658712e-01
4.243553187692769568e-01 6.484610406670183735e-01 4.246835814167645440e-01 6.486584422077547041e-01 2.560217614423463961e-01
4.398356831233136699e-01 6.156970396814682722e-01 4.363792113162865971e-01 6.206500896532060052e-01 2.606675268891902597e-01
4.615025568413504975e-01 5.858965358878701624e-01 4.437746731436627012e-01 5.963917360274706425e-01 2.742621125087640332e-01
4.884316018195560272e-01 5.712800103721735745e-01 4.560294883680621192e-01 5.728748657973700142e-01 2.882954658360229461e-01
5.153790058497664806e-01 5.591976586678666372e-01 4.811053745208663246e-01 5.419700515885971237e-01 3.034508630217672143e-01
5.314495639332911248e-01 5.482833893174895445e-01 5.071611563171387616e-01 5.098559090802035065e-01 3.204316722697295172e-01
5.391701490445461875e-01 5.392334249157656467e-01 5.219133959617219265e-01 4.732891838862166578e-01 3.377858550484990063e-01
5.438782527600076744e-01 5.073341520425621587e-01 5.233974489013386577e-01 4.534815455430433739e-01 3.635809266218656410e-01
5.257000945638069522e-01 4.982253682892718305e-01 5.138805169130926664e-01 4.315376570105046161e-01 3.880103724484888494e-01
5.568736891665713173e-01 4.813018424949111473e-01 5.143620449254836524e-01 4.258332527893320396e-01 4.096804731282668866e-01
5.963981104244632236e-01 4.650535200827802806e-01 5.242929033370473668e-01 4.308475153521462153e-01 4.269044590563443320e-01
6.257512536692283467e-01 4.464274121738586731e-01 5.342569971524857575e-01 4.269019567592388653e-01 4.561141372096262359e-01
6.488671973671803483e-01 4.241594710278966951e-01 5.407941693091642410e-01 4.191763069286253973e-01 4.925167422208501788e-01
6.598862885908142184e-01 3.990429213859078006e-01 5.400540670535445287e-01 4.141553839338311116e-01 5.281239014548656518e-01
6.552620842222307562e-01 3.743865715009273010e-01 5.367937475255241120e-01 4.113211506808994167e-01 5.709017489908098097e-01
6.517856753794966096e-01 3.625867817941640925e-01 5.382788860309369872e-01 4.152030286388383451e-01 6.050092708933446639e-01
6.590585088851906859e-01 3.479972113309229287e-01 5.425900047015727035e-01 4.240803274770130193e-01 6.359199344872928927e-01
6.808532327747035540e-01 3.233115795890674216e-01 5.534628105908777629e-01 4.385493879327815869e-01 6.694818785953121631e-01
7.013266876063678490e-01 3.004981834732215473e-01 5.651530917729281622e-01 4.526127187070719815e-01 6.916724947957381131e-01
7.227709274902808234e-01 2.677374057735483204e-01 5.732573696292225796e-01 4.597907614513692676e-01 7.150649322249031936e-01
7.278020526238703214e-01 2.350157031254775097e-01 5.619821080856490791e-01 4.234328074911135054e-01 7.227439466143809055e-01
7.136959353323301114e-01 2.189166990838297688e-01 5.425033526745166590e-01 3.914828659385565790e-01 7.137946445606087043e-01
7.229909296070752278e-01 1.988470436472128400e-01 5.238714639030148668e-01 3.589021535888824999e-01 6.895549876300344216e-01
7.507259635871126324e-01 1.865421480742043281e-01 5.188710196533531382e-01 3.203637008324533020e-01 6.747217967623651003e-01
7.791370945927534875e-01 1.776973571046171763e-01 5.170648974748325299e-01 2.852026685094932734e-01 6.613151036344667721e-01
8.006687760353088379e-01 1.709942370653152466e-01 5.156961083412170410e-01 2.585555016994476318e-01 6.511546969413757324e-01
