2.099598497152328491e-01 7.175976037979125977e-01 1.506956070661544800e-01 7.852171063423156738e-01 4.764776825904846191e-01
2.555267009887651763e-01 7.158348251920059191e-01 1.737685992022034442e-01 7.965878066312683803e-01 4.982623775693834633e-01
3.150557208264217479e-01 7.232157378820397442e-01 1.934136692584749184e-01 7.793511979916576404e-01 5.046974656741737286e-01
3.468180089145783684e-01 7.121060109957580986e-01 2.153980024953686678e-01 7.455012769274139695e-01 4.577477130122266646e-01
3.635905766226658620e-01 7.014457131138274182e-01 2.355164808624559125e-01 7.178070891356160832e-01 4.220968335187075260e-01
3.918582810093123037e-01 6.915466574302396863e-01 2.618540201407594803e-01 6.856769308751715641e-01 3.914897768400831257e-01
4.252840992321640923e-01 6.706985031126317942e-01 3.032220423469180193e-01 6.529367958222314083e-01 3.441642369447340255e-01
4.424748294130128046e-01 6.473012258869678126e-01 3.607320342928765911e-01 6.348666998482838109e-01 3.454384978047787547e-01
4.598491049996629720e-01 6.287977646180579194e-01 4.048208071183601042e-01 6.055846100580017932e-01 3.542047330763230528e-01
4.902780152292020022e-01 6.105309729040573341e-01 4.453052624868074627e-01 5.678947838383784363e-01 3.552378097793670864e-01
5.285344625740283631e-01 5.946029916618462696e-01 4.791474337379574289e-01 5.229023617839270166e-01 3.617555445800458847e-01
5.701387967416202684e-01 5.758555755106630203e-01 5.153610666148458197e-01 4.850002773648490195e-01 3.830623604379300717e-01
6.038613834761267229e-01 5.515149575303655016e-01 5.428114509882016048e-01 4.640997684443152194e-01 4.049577728661776232e-01
6.339998562778436098e-01 5.091925514107119577e-01 5.615474196045266986e-01 4.472377232125099855e-01 4.276566698927923849e-01
6.479567943806171515e-01 4.593183750542704225e-01 5.656568100157159940e-01 4.288542400803915244e-01 4.504052948468914019e-01
6.880199353638368764e-01 4.321276526840136523e-01 5.753710030715294410e-01 3.953033175898804652e-01 4.665824758084000656e-01
6.934100135804531773e-01 3.955582987899520231e-01 5.793947687273612868e-01 4.109564134032741012e-01 5.215016090052565501e-01
6.904113154220818949e-01 3.672798107599418715e-01 5.681785829626814222e-01 4.191571684257805464e-01 5.745577793929078636e-01
6.991060961543295038e-01 3.368479699213761114e-01 5.598591445416163381e-01 4.219665094377349490e-01 6.344778262227428467e-01
7.048248141917347054e-01 3.081202288102053433e-01 5.491259834516910576e-01 4.225655777780337741e-01 6.819714446889604265e-01
6.925218217153703559e-01 2.791674818029353244e-01 5.279806253950445338e-01 4.253260567413519877e-01 7.209134342913449123e-01
6.541462781762360512e-01 2.613706494798456736e-01 5.013032783395557912e-01 4.342497536639290390e-01 7.423183040809304689e-01
6.058727662015387372e-01 2.384081800751211566e-01 4.821018629053430704e-01 4.693827970448850029e-01 7.694837030128022226e-01
6.555025605777595743e-01 2.285107934159671950e-01 5.189414659986474332e-01 4.538496889178587623e-01 7.437874421971646388e-01
6.724125929404687341e-01 2.138601210306941836e-01 5.216526423122483935e-01 4.002188963745818007e-01 7.187827606797603242e-01
7.267437192249660560e-01 1.925935214089889436e-01 5.185772903830423441e-01 3.474113868648961434e-01 6.946698061866195539e-01
7.685902058318658803e-01 1.803668934968179483e-01 5.169463501994643329e-01 2.971130608445372023e-01 6.700373674060772222e-01
8.006687760353088379e-01 1.709942370653152466e-01 5.156961083412170410e-01 2.585555016994476318e-01 6.511546969413757324e-01
