2.099598497152328491e-01 7.175976037979125977e-01 1.506956070661544800e-01 7.852171063423156738e-01 4.764776825904846191e-01
2.518946126056904045e-01 7.113222783981153485e-01 1.460443834749347025e-01 7.876391453490855232e-01 4.712977707846352504e-01
2.919630894774714047e-01 6.992826650784055298e-01 1.481967503966812316e-01 7.864915597182883245e-01 4.472368479416326537e-01
3.256063104426598631e-01 6.904545037558706966e-01 1.665365626334500970e-01 7.773527750920782298e-01 4.173640154900581933e-01
3.481186387368292445e-01 6.858073850537504956e-01 1.906837318613898713e-01 7.656111245279337840e-01 3.931409708614866383e-01
3.672696074933607391e-01 6.815823652368991903e-01 2.260891056665945142e-01 7.485983378369014396e-01 3.634178828538733863e-01
3.757337992847304409e-01 6.816558373632236600e-01 2.622633619405997374e-01 7.279153267571125685e-01 3.307189388007685804e-01
3.745501724681610245e-01 6.881447416151948993e-01 2.939560445463262339e-01 7.081365629208067336e-01 3.015969157046524129e-01
3.768646242951967373e-01 6.958961426638284875e-01 3.315699878525708022e-01 6.950277224395504660e-01 2.781026990223544049e-01
4.000045377994330686e-01 6.944293894813238222e-01 3.758125441502916386e-01 6.905662652256360223e-01 2.640148619068247160e-01
4.266897147135177426e-01 6.891218399404998030e-01 4.030654076387861773e-01 6.865600395559643410e-01 2.588966545282545550e-01
4.647758967664403218e-01 6.805420299844856524e-01 4.312473215304421514e-01 6.727532163779930130e-01 2.582690260810950877e-01
4.801951545492663120e-01 6.493664626464485945e-01 4.565761616639860687e-01 6.506851612818661534e-01 2.599535361152676693e-01
4.631517678685405648e-01 6.194881027307956867e-01 4.610027187615082234e-01 6.304671466662117307e-01 2.605308173400329719e-01
4.607749975989686719e-01 5.894576950658734216e-01 4.657906300634800933e-01 5.932613533106889658e-01 2.644006407615384080e-01
4.945378841050844798e-01 5.811428925969593928e-01 4.834513316895270307e-01 5.689231180592499992e-01 2.882326768460694577e-01
5.132012971364664500e-01 5.689821786450502961e-01 5.036683952125716734e-01 5.332488617848829549e-01 3.081641424360051507e-01
5.389961965571764546e-01 5.533468634599945091e-01 5.200136106192708718e-01 5.027432808902009276e-01 3.356985407526378862e-01
5.348472724909448806e-01 5.324358141657223875e-01 5.227180530886603727e-01 4.790368304778264141e-01 3.653351127647855856e-01
5.018376172490218723e-01 5.157552564754798174e-01 5.198764457707870656e-01 4.527829115215490363e-01 3.917874347235348331e-01
4.819553063165043505e-01 4.945411434884389168e-01 5.043977470463566481e-01 4.370805708039260384e-01 4.161517657209580778e-01
5.254641894925513590e-01 4.774467620451272043e-01 5.036442097808895291e-01 4.436778484483644425e-01 4.401484644763413723e-01
5.707749179285603880e-01 4.609704400217799480e-01 5.057692223729942649e-01 4.447699658351185192e-01 4.611902240485875604e-01
6.101229616013652546e-01 4.509586726274004698e-01 5.133250207878964355e-01 4.422696963145731908e-01 4.728678218132840172e-01
6.524035537514494276e-01 4.457877095945275703e-01 5.345641721175845573e-01 4.337193827927954826e-01 4.746905229278804428e-01
6.724027575274510449e-01 4.134233677409177021e-01 5.451167726168858474e-01 4.156985954134185257e-01 4.957813661083769197e-01
6.602528553023520042e-01 3.914293372246021585e-01 5.368015671817619738e-01 4.150210677371864998e-01 5.290638028895972012e-01
6.402241283918725934e-01 3.691329319425766253e-01 5.274882856374932816e-01 4.207323956916706464e-01 5.750043925738876904e-01
6.341190238300620230e-01 3.443794475001743516e-01 5.300407104644289102e-01 4.280857140372364977e-01 6.194249351209738519e-01
6.574825473895571371e-01 3.145626366115814032e-01 5.525236517208272913e-01 4.378073528007829784e-01 6.568938970664436328e-01
6.832925355239179988e-01 2.949381771903211713e-01 5.709273205695424291e-01 4.481136855663396812e-01 6.778264428002299669e-01
7.102065225363488610e-01 2.740936784704486318e-01 5.819040570159321746e-01 4.650666862067877050e-01 7.038097421729796466e-01
7.172019034533122506e-01 2.454223902984703221e-01 5.684486380305049380e-01 4.620576423876476269e-01 7.371891888789663394e-01
7.184169732232259520e-01 2.294744979490736803e-01 5.497827283521680153e-01 4.225642483553946338e-01 7.415909960534801115e-01
7.103209414692904788e-01 2.149088535607741601e-01 5.367761980968570601e-01 3.873131314306832995e-01 7.257904832977238874e-01
7.116286104741518237e-01 1.933409352005843462e-01 5.237530270401004051e-01 3.524224923771868134e-01 7.058285505140832194e-01
7.414366171876108913e-01 1.823927343259496292e-01 5.189492131210892145e-01 3.155280705559989629e-01 6.843978401371557663e-01
7.747548707915332677e-01 1.759810480085566842e-01 5.171193326614792474e-01 2.834808425879899452e-01 6.656984799055549740e-01
8.006687760353088379e-01 1.709942370653152466e-01 5.156961083412170410e-01 2.585555016994476318e-01 6.511546969413757324e-01
