2.099598497152328491e-01 7.175976037979125977e-01 1.506956070661544800e-01 7.852171063423156738e-01 4.764776825904846191e-01
2.474887611337132920e-01 7.074174080929193087e-01 1.440314447248727259e-01 7.803462019805289529e-01 4.622771033224596371e-01
2.910307923815225739e-01 6.824443184980728550e-01 1.353263970651040482e-01 7.846814438581600770e-01 4.407570963380851858e-01
3.244686553965570042e-01 6.657815814408474253e-01 1.547393883400587922e-01 7.708926962364729407e-01 4.218900006167687344e-01
3.324823694676966035e-01 6.750444261953536529e-01 1.916248789098432270e-01 7.573723333143177472e-01 3.918780199028608080e-01
3.352291177735909344e-01 6.838342303739820549e-01 2.178612674668436444e-01 7.456956486632987380e-01 3.666644276835820393e-01
3.429574833648751930e-01 6.969988029156095610e-01 2.514876996579483714e-01 7.247171359712377692e-01 3.336423959801479433e-01
3.518854867109684759e-01 7.042973276325881216e-01 2.802686465521428416e-01 7.004211030771249069e-01 3.108844256625509228e-01
3.676939310300031405e-01 6.997521929794109363e-01 3.100381669336594870e-01 6.841506732529427648e-01 2.847440911264136898e-01
3.965640934318530597e-01 6.888976097445776992e-01 3.409196425052509749e-01 6.847508623129905381e-01 2.670452324968970448e-01
4.244378452879042918e-01 6.873712518864303345e-01 3.717317255564502321e-01 6.827240250989160542e-01 2.688511504884001924e-01
4.518514939070337189e-01 6.897272199032740136e-01 4.085270399764055482e-01 6.722118375851316996e-01 2.760850648562072074e-01
4.763554850620467795e-01 6.649902949644401762e-01 4.390490292611915479e-01 6.538048218102351372e-01 2.709851649368588689e-01
4.810048814426904906e-01 6.284148428755554905e-01 4.457697993221270139e-01 6.358017448875917799e-01 2.628033483685588423e-01
4.846632981639478754e-01 5.965079583113701567e-01 4.563710603407150068e-01 6.164991987746133439e-01 2.598262935700267340e-01
5.007949425508197994e-01 5.797464557509482974e-01 4.855019451538596376e-01 5.905499790809758398e-01 2.754940685319382521e-01
4.984094303415981808e-01 5.672217932399543638e-01 4.892133392220408550e-01 5.628448712699637424e-01 3.044585350440668359e-01
4.904523862348213470e-01 5.509348109248032310e-01 4.801531744843402505e-01 5.302708935023412451e-01 3.412608111525434751e-01
4.954292568072304892e-01 5.391934400328841637e-01 4.815887279172527125e-01 4.998286122613450622e-01 3.679821876037902006e-01
5.188769011664590147e-01 5.323893487313137163e-01 5.039303307497974282e-01 4.663233797606595177e-01 3.863571883451797917e-01
5.331582671551985397e-01 5.142321628740715855e-01 5.214777311628447931e-01 4.350465800191286037e-01 4.001760691007072990e-01
5.383333383792637816e-01 4.798093591670529179e-01 5.103980367521261385e-01 4.151960732983045466e-01 4.143862494034939448e-01
5.731168790443940120e-01 4.643308072450804680e-01 5.130499448802678941e-01 4.119616218198919877e-01 4.286601100250311269e-01
6.153724877538377935e-01 4.566876112454225090e-01 5.256597923846478837e-01 4.153849621490530719e-01 4.451245863079033582e-01
6.441731921729684229e-01 4.459435909996217751e-01 5.337824991144777265e-01 4.184148578233088944e-01 4.588800003171138453e-01
6.694494456236599333e-01 4.169125486584115969e-01 5.372224231728269794e-01 4.192699878296269334e-01 4.835790251675957108e-01
6.727245536833222905e-01 3.859563652794611444e-01 5.362695490231125239e-01 4.204570575639096086e-01 5.217476972769318211e-01
6.812340370850326066e-01 3.747708888228757362e-01 5.458676934570122485e-01 4.371189533482467415e-01 5.594903472801746602e-01
6.971877763688432150e-01 3.676454000575811176e-01 5.605487826401150953e-01 4.530017866883468969e-01 5.936010479837071641e-01
6.820046341645917831e-01 3.449335750924624744e-01 5.537129940696423613e-01 4.424701095599947176e-01 6.272258626477908994e-01
6.770870838172109440e-01 3.207561562526080601e-01 5.496548421057972922e-01 4.405323086452683223e-01 6.574758345163855822e-01
6.921753792003627614e-01 2.979097792884625173e-01 5.602930602295198570e-01 4.540408848835448263e-01 6.852994032506929400e-01
7.055121518702138772e-01 2.693794650194237805e-01 5.704664745159711003e-01 4.499405788015830576e-01 7.121813347220198320e-01
7.090862522173172477e-01 2.446363985661918761e-01 5.585386007201406100e-01 4.238052440111946817e-01 7.215373585842433934e-01
7.164130399738801724e-01 2.200587266818046783e-01 5.412378763803927795e-01 3.891481844243900312e-01 7.180511627254656526e-01
7.288895274119555623e-01 2.008991429023231079e-01 5.331103279207277668e-01 3.527304448216701527e-01 7.050122863670460482e-01
7.513749133484157738e-01 1.863217713411294274e-01 5.295232906224903724e-01 3.091440111718512518e-01 6.826162087078684326e-01
7.803961540125917695e-01 1.772978475347874172e-01 5.213826831955343799e-01 2.793605608959826569e-01 6.640935761758278710e-01
8.006687760353088379e-01 1.709942370653152466e-01 5.156961083412170410e-01 2.585555016994476318e-01 6.511546969413757324e-01
