2.099598497152328491e-01 7.175976037979125977e-01 1.506956070661544800e-01 7.852171063423156738e-01 4.764776825904846191e-01
2.595873921213439073e-01 6.718786312767229818e-01 1.488516350739485794e-01 8.084357719428438838e-01 4.246778416508428244e-01
3.123381599088319027e-01 6.612210865949641470e-01 1.578526241285874709e-01 7.972095939751698834e-01 3.580665021785807700e-01
3.281567712540827686e-01 6.783109034679796201e-01 1.696684618775261000e-01 7.562937752604659281e-01 2.746249964007666522e-01
3.563178059846395240e-01 6.801722735352262461e-01 1.948809458315413634e-01 7.282799825733218269e-01 2.076546538750561055e-01
4.006906052693111620e-01 6.910820989461656794e-01 2.710883820638309016e-01 7.027296097709916367e-01 2.533401472636759300e-01
4.293414403575394056e-01 6.954628831642543085e-01 3.104229295877368178e-01 6.610892692488031797e-01 3.004389256374054296e-01
4.841149095411791947e-01 6.751274305576715484e-01 3.690391942850643758e-01 6.182029971669801283e-01 3.410657958350007402e-01
5.232218526568542805e-01 6.616788622045388646e-01 4.243014916178801665e-01 5.966160566978677693e-01 3.575557789231157413e-01
5.511279609688769510e-01 6.263980222060949732e-01 4.855158638405956406e-01 5.852552943088088488e-01 3.593806422456134464e-01
6.161902779825787491e-01 5.968150701279893999e-01 5.450085008408318554e-01 5.224578628305012185e-01 3.250339460417488446e-01
6.718943685594275239e-01 5.695441232799763887e-01 5.854216504287005352e-01 4.748882328426876076e-01 3.293089565008435748e-01
7.158342936094155284e-01 5.030965641227701513e-01 5.862422272465666051e-01 4.416225110347889449e-01 3.872818336844977005e-01
7.342053621006611186e-01 4.447656819745084977e-01 5.816092140394057974e-01 4.162176803554984428e-01 4.347041932457142432e-01
6.675909606550293196e-01 4.009689278785897315e-01 5.759690597609852247e-01 3.982105667452089937e-01 4.615520796295616845e-01
6.187726639427084674e-01 3.754785731390701264e-01 5.503804266915489629e-01 4.328224205171570804e-01 5.334351715086038670e-01
5.815020935217380949e-01 3.670414934183898747e-01 5.348864743606872585e-01 4.519590336121293017e-01 5.733410310839642809e-01
5.240865625845830822e-01 3.508690381346219467e-01 5.118140343515488189e-01 4.811831735756896267e-01 6.374780261795897074e-01
5.692365993334524976e-01 2.933859163088908817e-01 5.413739990753215769e-01 4.591365511204791861e-01 6.595972942135894801e-01
6.275646537018680915e-01 2.439172779460051788e-01 5.495429326528711300e-01 4.506475247360847147e-01 7.089940359560255034e-01
7.253294549462647733e-01 1.970871773318682019e-01 5.301651882208215927e-01 4.069222484318542055e-01 7.147350291564068536e-01
7.696319960476390998e-01 1.817434824072961530e-01 5.216567891962586856e-01 3.196766534334475884e-01 6.773472449226428660e-01
8.006687760353088379e-01 1.709942370653152466e-01 5.156961083412170410e-01 2.585555016994476318e-01 6.511546969413757324e-01
