2.099598497152328491e-01 7.175976037979125977e-01 1.506956070661544800e-01 7.852171063423156738e-01 4.764776825904846191e-01
1.826416539045588039e-01 7.057718168257943736e-01 1.427644612381328559e-01 7.905226655641099942e-01 4.585220098462923222e-01
1.569263129969220294e-01 6.771893692593140557e-01 1.373782204483172398e-01 7.857155715084941372e-01 4.690331330378651464e-01
1.650354168447304704e-01 6.425331166131340588e-01 1.285970575262704307e-01 7.711898864622694916e-01 4.570981809666728179e-01
1.923597627035724955e-01 6.301521620285727154e-01 1.238556868725028542e-01 7.597177153573302366e-01 4.445404267965800127e-01
2.197039970596511294e-01 6.393645659666667980e-01 1.405889955950102299e-01 7.777510357889689807e-01 4.406781380354835576e-01
2.401313480594685079e-01 6.389135460390604759e-01 1.569916368620004055e-01 7.942016097216383352e-01 4.189888507431644982e-01
2.643698341442993205e-01 6.286739125692638597e-01 1.722821373799411360e-01 7.869947958512342190e-01 3.992066489033786469e-01
2.973891011742508805e-01 6.224380471540037485e-01 1.918265020459651304e-01 7.751972650004076426e-01 3.758630856772438578e-01
3.216531122693659928e-01 6.194643571388827041e-01 2.069862197273882043e-01 7.674091068461336151e-01 3.592880503870504727e-01
3.490670425345743233e-01 6.178012837599066165e-01 2.283041410372061431e-01 7.615440326189758524e-01 3.417802380407300444e-01
3.747525200094782849e-01 6.213900819991277080e-01 2.569269022197033792e-01 7.627289711468473454e-01 3.292034146900770231e-01
4.024796341211465123e-01 6.362709613229721173e-01 2.868678040716211020e-01 7.674142218555169981e-01 3.247532413844497201e-01
4.301833838899207785e-01 6.502673177842539509e-01 3.165349123338451198e-01 7.683322087194394134e-01 3.241670005845271318e-01
4.441066545497714957e-01 6.559396515073372402e-01 3.450048270645688087e-01 7.616324729479195810e-01 3.255519310641855069e-01
4.248655162752516534e-01 6.596091296239261492e-01 3.682828513291167560e-01 7.294740813065778706e-01 3.319547939484628341e-01
4.215617813387706470e-01 6.537603207285044293e-01 3.720215096190007675e-01 6.927261199051336638e-01 3.173078075587417168e-01
4.312068835291244517e-01 6.407700368243649525e-01 3.770849083730310469e-01 6.651116402411044737e-01 2.993744936267164203e-01
4.443439693941520496e-01 6.259242068770640710e-01 3.838227012933339566e-01 6.355569519103508869e-01 2.831817807082909755e-01
4.531034033555141893e-01 6.213293416924507984e-01 3.975452306520815826e-01 5.990918980251913606e-01 2.872689972816249715e-01
4.483035474877898885e-01 6.251687354391881613e-01 4.070149664201689332e-01 5.766093777599109460e-01 3.102350293465045428e-01
4.465974510963990896e-01 6.237512398873041874e-01 4.184684446498409538e-01 5.602678890093125696e-01 3.377622487102482363e-01
4.592064249770657636e-01 6.143802495547114884e-01 4.409859990347070879e-01 5.508076078478597593e-01 3.684117784832315889e-01
4.843838948458927818e-01 6.028059584955667294e-01 4.682957600447245627e-01 5.518448991542730386e-01 3.877274757317777931e-01
5.099826377724386850e-01 5.885037570240277960e-01 4.872569186486667148e-01 5.507249393669376714e-01 4.000674627766474534e-01
5.309428860292288999e-01 5.642893630942267258e-01 4.957859363402602471e-01 5.383586742464181452e-01 4.200087382318499207e-01
5.399550077950908689e-01 5.408831721848920138e-01 4.970013207881950335e-01 5.199961796583666418e-01 4.446611011238162381e-01
5.295050583347098438e-01 5.175913404996917988e-01 4.863117733911954677e-01 5.101467901732220644e-01 4.637605568919959675e-01
5.182508525827962398e-01 4.884890047971079952e-01 4.842583498001812869e-01 4.912843316967531737e-01 4.795217622822530168e-01
5.152635927724101839e-01 4.623840090897803345e-01 4.956122982259580922e-01 4.652177670470763471e-01 4.914474187641173497e-01
5.108181555690947118e-01 4.303485810990604343e-01 5.040877354127111243e-01 4.455713500835269958e-01 5.076348642039132386e-01
5.174242963280368812e-01 3.904735247910157137e-01 5.037653660691578938e-01 4.326257588359355699e-01 5.289606474141175241e-01
5.392879757517332617e-01 3.678896891884367859e-01 5.014164399003916417e-01 4.317833746378478832e-01 5.450715205774635530e-01
5.601564426008288633e-01 3.444303012117704288e-01 4.949311513180242872e-01 4.425356147133258089e-01 5.733781320919397739e-01
5.671275068525388763e-01 3.203161969333606640e-01 4.914248555277140329e-01 4.510193933323616844e-01 6.058172074527193862e-01
5.756826202595072273e-01 2.963032443579642350e-01 4.956898828579862082e-01 4.561508978332480813e-01 6.333529144609489903e-01
5.840684043758723742e-01 2.699344110476279979e-01 5.081628962310279496e-01 4.474283273873597699e-01 6.658777795760889573e-01
5.953733386347942469e-01 2.474742882059291771e-01 5.018919945339898048e-01 4.256521195315491335e-01 6.886089712358066661e-01
6.229771088145363844e-01 2.336199199490177347e-01 5.006627771163973950e-01 4.006219278023078756e-01 6.751801963397465745e-01
6.475486174838214204e-01 2.179868578980949101e-01 5.002763174406729130e-01 3.719129294535092334e-01 6.699332159281795596e-01
6.792328221419188239e-01 2.070712883309303587e-01 5.038680616548432134e-01 3.460438264302427291e-01 6.679039005789275674e-01
7.132643308963233508e-01 1.969137111904521176e-01 5.072961549324259689e-01 3.213321027527944462e-01 6.635174329477523392e-01
7.443499534933584183e-01 1.876953815129808745e-01 5.102836206280566556e-01 2.990054381859535981e-01 6.591205931171245647e-01
7.763927643469665796e-01 1.781932010976016723e-01 5.133630763448571166e-01 2.759912911321489304e-01 6.545883658275915007e-01
8.006687760353088379e-01 1.709942370653152466e-01 5.156961083412170410e-01 2.585555016994476318e-01 6.511546969413757324e-01
