2.099598497152328491e-01 7.175976037979125977e-01 1.506956070661544800e-01 7.852171063423156738e-01 4.764776825904846191e-01
2.335284697681309085e-01 7.205728061234134563e-01 1.371081209608786267e-01 8.259777831928968306e-01 4.675603234042223222e-01
2.635046689299515577e-01 6.968864646766442794e-01 1.356244182199507486e-01 8.465695290923238581e-01 4.270269236696821458e-01
3.012052736839984091e-01 6.775201734024971501e-01 1.482559829465464329e-01 8.206808103688509881e-01 3.910138175805729643e-01
3.298980016785722502e-01 6.664385985616488872e-01 1.673399270938533134e-01 7.808695841222964562e-01 3.632400693140713788e-01
3.461383108401072106e-01 6.631069748903870575e-01 1.915102084115969938e-01 7.359361011218790161e-01 3.311984287100243063e-01
3.494949956375933420e-01 6.630679821786229500e-01 2.086672440109363924e-01 7.054275412622106334e-01 3.059320590543500584e-01
3.402034031921029600e-01 6.571144459836467666e-01 2.467393647311145743e-01 6.828877290319464999e-01 2.583689024914466170e-01
3.739397063121899234e-01 6.556498107907806627e-01 2.969379905124907015e-01 6.747498400891244197e-01 2.363265197250119520e-01
4.033973359804750025e-01 6.571815089019078515e-01 3.449123681098024141e-01 6.651154050483089053e-01 2.360481596188105380e-01
4.162841555465639498e-01 6.522481406903365420e-01 3.950742623968461209e-01 6.546002841528020255e-01 2.674440574021739736e-01
4.234482754206052579e-01 6.369921187596536694e-01 4.171142709552396743e-01 6.218545941904225494e-01 3.106361229879254782e-01
4.381858352920614541e-01 6.261064689101653036e-01 4.248001475728863663e-01 5.776732717223997948e-01 3.309315509412291134e-01
4.705727398175069687e-01 6.101634339315401556e-01 4.415917875107654433e-01 5.222280823324980670e-01 3.488281959631698292e-01
5.067431743508685749e-01 5.935527150878948666e-01 4.610954005259816912e-01 4.919661416288955147e-01 3.647502079182267654e-01
5.486539762404569753e-01 5.742385595922557817e-01 4.844549744602145158e-01 4.812553681639736847e-01 3.821346604106243827e-01
5.892415499075120966e-01 5.486676153431820913e-01 5.102480636038958517e-01 5.141007241711237352e-01 4.047161619139576505e-01
6.344010338211231170e-01 5.415875159338705558e-01 5.417240175041060368e-01 5.047725634222631763e-01 4.123455754918885496e-01
6.635698579694313537e-01 5.288801134186819075e-01 5.650413473121342900e-01 4.894540648315602316e-01 4.238113073349846216e-01
6.710522210343348171e-01 4.847047831366529391e-01 5.811620463198863273e-01 4.706021074691850159e-01 4.509863817369327843e-01
6.784335945322450545e-01 4.345872737490389937e-01 5.905903754374645098e-01 4.536141819864630831e-01 4.663759007096852094e-01
6.927398163656784957e-01 3.840572571993466910e-01 6.030886738470829789e-01 4.457850024310692771e-01 5.082885203782928629e-01
6.989272379742700325e-01 3.622047157755863278e-01 6.090538474311343320e-01 4.716836898807276746e-01 5.661325645548784813e-01
7.042291124798371049e-01 3.468325800893004018e-01 6.150076375424153863e-01 4.897126462498948563e-01 6.076476593897116585e-01
7.106776947427823066e-01 3.269561314133001551e-01 6.239127505419694852e-01 4.956067642968589038e-01 6.587788280076188885e-01
7.235247015718540009e-01 2.974287833647860646e-01 6.182181772742912917e-01 4.863368357456870350e-01 7.143504817346251201e-01
7.426024810477017679e-01 2.657017469119006270e-01 6.027977885530797497e-01 4.675392745159619445e-01 7.308395345763410988e-01
7.459325817631498046e-01 2.294319981236260242e-01 5.687427984937558634e-01 4.552645612947069376e-01 7.300903256887569803e-01
7.642515650865155941e-01 1.965170662171539240e-01 5.460362596868982843e-01 4.270038378436666338e-01 7.059600737264015713e-01
7.908737057762987854e-01 1.866253985366025936e-01 5.455947736660784475e-01 3.644510877805994808e-01 6.775658485352329397e-01
7.964934955557461116e-01 1.776572299421582124e-01 5.284408166888723279e-01 3.036949199726131088e-01 6.624128056406136666e-01
8.006687760353088379e-01 1.709942370653152466e-01 5.156961083412170410e-01 2.585555016994476318e-01 6.511546969413757324e-01
