2.099598497152328491e-01 7.175976037979125977e-01 1.506956070661544800e-01 7.852171063423156738e-01 4.764776825904846191e-01
2.487059901070081125e-01 7.254485438314516310e-01 1.836864249793146997e-01 8.153545342671314478e-01 4.789394142469260984e-01
3.030709073452209634e-01 7.072224633197444765e-01 2.082645787267596860e-01 8.452736213160659817e-01 4.527461610299163830e-01
3.331664560254535834e-01 6.661029893249261757e-01 2.241372079955617491e-01 8.146438077847741877e-01 4.254981542089734114e-01
3.555186790301286814e-01 6.585657183781562507e-01 2.303633075745573355e-01 7.728127552728387695e-01 4.069050557670890744e-01
3.903479454433754214e-01 6.632955981439376814e-01 2.466038708820555980e-01 7.214388030711073041e-01 3.849076375868853428e-01
4.210184365373699777e-01 6.644722951542583189e-01 2.750289840428389310e-01 6.837598827752545683e-01 3.688171673620728175e-01
4.489426502053995294e-01 6.524007466410883804e-01 3.287594565803183544e-01 6.538957351469660839e-01 3.553740143337005275e-01
4.647546336466297223e-01 6.294232170796215664e-01 3.837352044980843480e-01 6.320353410119026183e-01 3.469519125286807393e-01
4.855400835136505222e-01 6.050204935835035158e-01 4.318224975060116488e-01 6.059050144615605316e-01 3.444246494893732358e-01
5.408777126481459918e-01 5.938114855299811978e-01 4.692788229533987887e-01 5.777637952929665088e-01 3.533963264426055462e-01
5.930506986857829732e-01 5.815910339266989748e-01 5.005586521600359218e-01 5.496496924008884566e-01 3.683582877574085312e-01
6.270030048594645855e-01 5.619632892164936333e-01 5.267221193674159752e-01 5.178960503003805504e-01 3.854852448052408231e-01
6.479569964281796102e-01 5.181938816992269770e-01 5.611493487992124107e-01 4.650959907487530742e-01 3.974786489805003376e-01
6.505802886772388272e-01 4.665559674333464857e-01 5.805478588135414286e-01 4.292810868604126084e-01 4.140241793262898762e-01
6.281068078998366389e-01 4.183535211601996373e-01 5.772033645145369096e-01 4.158315149938495159e-01 4.538583693838999511e-01
6.345802205210617775e-01 3.895027437864909681e-01 5.761841088433190539e-01 4.145459206640068617e-01 4.957448775798588558e-01
6.879015125879299752e-01 3.858232670883288695e-01 5.885993423399776825e-01 4.199289245683447414e-01 5.269959632657252868e-01
7.037496159361145143e-01 3.710089236999463136e-01 5.895765533982452178e-01 4.295193330286876110e-01 5.789226605141583049e-01
6.947555336967835560e-01 3.361527488543463726e-01 5.734070303111311606e-01 4.316146096459117509e-01 6.459330974934517355e-01
7.043393964964020926e-01 3.104200117691269245e-01 5.580251227636395805e-01 4.254810129330331425e-01 6.943423248853125562e-01
7.077139221144511660e-01 2.794511478327062481e-01 5.461387344193527893e-01 4.263751031398620994e-01 7.351157457970300957e-01
7.095624337371502222e-01 2.129791030662214479e-01 5.380855663692141189e-01 4.221533090935887800e-01 7.387580278699479308e-01
7.330933450854472122e-01 2.026521015353572597e-01 5.327376636701862678e-01 3.684990663642142006e-01 6.903661163062686512e-01
7.748207875346061480e-01 1.831035511351817024e-01 5.222146006391663597e-01 3.006095434604194039e-01 6.661532889236007060e-01
8.006687760353088379e-01 1.709942370653152466e-01 5.156961083412170410e-01 2.585555016994476318e-01 6.511546969413757324e-01
