2.099598497152328491e-01 7.175976037979125977e-01 1.506956070661544800e-01 7.852171063423156738e-01 4.764776825904846191e-01
2.345050898683816165e-01 6.963041038148171102e-01 1.484102596840993771e-01 8.427480187386272581e-01 4.249452293305892581e-01
2.549096287257082705e-01 7.380407945757130328e-01 1.524012259917317813e-01 7.861800982084886646e-01 3.456568702498108991e-01
2.671043231763746695e-01 7.453176423796942229e-01 1.547976855760178072e-01 7.248644151506162814e-01 3.058201328291508259e-01
3.531271051879719125e-01 7.446975483815795327e-01 2.138118397845386875e-01 7.094271405817181853e-01 2.436224133030961692e-01
4.009031349199333460e-01 7.201810620222105497e-01 2.873656006001910623e-01 6.911623088957352667e-01 2.208573306413730009e-01
4.243383672207089452e-01 7.072126028049878776e-01 3.688700197356118426e-01 6.510352083667186873e-01 2.035484311646305056e-01
4.802144716530122870e-01 6.586169809988043911e-01 4.442409753427922769e-01 5.975743838960071441e-01 2.043874667369459386e-01
5.291071866004384283e-01 6.282153120101017230e-01 4.769494019036278898e-01 5.676252463478914656e-01 2.322284539451837659e-01
5.805770625987776157e-01 6.117390710672889753e-01 5.350799589748096441e-01 5.233566647836319641e-01 2.654886807495927536e-01
6.317280460828111899e-01 5.836918796733916448e-01 5.904175225256866888e-01 4.669459604366437699e-01 2.883006574682647205e-01
6.714099470901485622e-01 5.249255495321922815e-01 5.982529050383178504e-01 4.163261557576479199e-01 3.245021459283018439e-01
6.725042715184109676e-01 4.533902851423340374e-01 5.729098537924462997e-01 3.859616557368092393e-01 3.733228429504067969e-01
6.654428461332478895e-01 4.028006408612232470e-01 5.533841401947403593e-01 3.925190623550399716e-01 4.310153774032629559e-01
6.400130738052829393e-01 3.884761725088083373e-01 5.581002668716279480e-01 4.320812792915367795e-01 5.122388420102450546e-01
5.973267120579724976e-01 3.587875037505772746e-01 5.495680618154148434e-01 4.369678254744144841e-01 6.014658771755559963e-01
6.535646722115587837e-01 3.142532784799333956e-01 5.627554219454518059e-01 4.244120406761783815e-01 6.480512254061786548e-01
7.130137816334141121e-01 2.259497173735256770e-01 5.488306073958451048e-01 4.095751869728946337e-01 6.847663260451449796e-01
7.692738799952058004e-01 1.892783235483856685e-01 5.290951864852440067e-01 3.201162914406162630e-01 6.671578483598983311e-01
8.006687760353088379e-01 1.709942370653152466e-01 5.156961083412170410e-01 2.585555016994476318e-01 6.511546969413757324e-01
