2.099598497152328491e-01 7.175976037979125977e-01 1.506956070661544800e-01 7.852171063423156738e-01 4.764776825904846191e-01
2.291439601565365414e-01 7.033708516018369883e-01 1.371159219299313836e-01 8.001117138728823797e-01 4.540550506546802145e-01
2.463610386216734949e-01 6.661114641031614658e-01 1.224992739918714935e-01 8.141390160227431894e-01 4.327947896235165848e-01
2.748862771099043201e-01 6.544366524834093202e-01 1.251913048456876065e-01 8.420815836914934405e-01 4.266540281709987892e-01
3.126156471668561365e-01 6.684234232355397154e-01 1.461133138700739520e-01 8.295740829237447933e-01 4.164596372012024372e-01
3.302521519488909596e-01 6.769550590947135404e-01 1.601581707085792394e-01 8.088401927395758584e-01 3.887413722691542839e-01
3.347455403309596567e-01 6.809884659805380824e-01 1.764736541684953364e-01 8.015487905107375743e-01 3.485187028922158703e-01
3.519141942943614931e-01 6.692809185583425968e-01 2.008762899766194099e-01 7.902568654505863766e-01 3.224119254929129763e-01
3.718631967035847530e-01 6.542243344115273862e-01 2.272080363102397249e-01 7.742758612914841798e-01 3.082933650768461264e-01
3.872786840651002427e-01 6.436742711568441688e-01 2.527265465658473098e-01 7.557402275042534034e-01 2.976665628047053258e-01
4.014233378824872411e-01 6.363323480864044868e-01 2.852201393518468131e-01 7.289096701084298857e-01 2.873979971150940060e-01
4.105113739538225337e-01 6.327977381766621834e-01 3.102079219263116361e-01 7.079186580103101756e-01 2.817969237981813868e-01
4.237825228100391417e-01 6.321230962773862760e-01 3.459411467372963123e-01 6.817448192574496746e-01 2.796566137371652161e-01
4.433485122065681794e-01 6.370610197655428575e-01 3.829376582197877021e-01 6.602022753990343107e-01 2.793007998844371786e-01
4.703449206099102331e-01 6.434952138431393465e-01 4.143042784573878756e-01 6.451660254947916284e-01 2.740215708379564186e-01
5.050726513742752610e-01 6.471338455596044037e-01 4.395066387094408999e-01 6.317371899876073060e-01 2.621962388880542116e-01
5.397258904812688440e-01 6.468270479910874782e-01 4.586518534556137117e-01 6.133151724955430151e-01 2.501075095001930593e-01
5.645198414649945651e-01 6.431591417984209302e-01 4.723211150864237151e-01 5.905265676984279288e-01 2.431710890029283034e-01
5.798030947077831287e-01 6.329914767775711715e-01 4.880001734433621619e-01 5.531286376182666942e-01 2.502662490661096140e-01
5.682217070118954494e-01 6.355441216599286847e-01 4.986603616500389635e-01 5.360309326398852159e-01 2.872521679601507394e-01
5.385476271404925352e-01 6.398809273141126130e-01 5.054069792476416634e-01 5.343177416980940952e-01 3.203631398683097209e-01
5.169927724249461232e-01 6.273951664678907303e-01 5.217833614748073057e-01 5.241116137363823757e-01 3.469643905824332797e-01
5.108996413331304831e-01 5.932687202040239915e-01 5.140897338518121140e-01 5.059558575851500484e-01 3.710003112706869999e-01
4.959014558621834823e-01 5.644272966446898243e-01 4.977401306041857598e-01 4.972983876308157969e-01 3.993634558408029611e-01
4.837317316198843087e-01 5.368530558105385486e-01 4.961999285521969671e-01 4.869942570623196354e-01 4.259870626503011737e-01
4.944773586878071781e-01 5.092423488459275616e-01 5.079860862328606785e-01 4.750309531005994512e-01 4.486924242958387210e-01
5.067688506480169108e-01 4.782832177393155915e-01 5.163811416100290153e-01 4.590633056659803590e-01 4.638681323361230069e-01
5.144342176468283956e-01 4.512290658741989757e-01 5.208196393060805507e-01 4.457629683119241348e-01 4.746582628376654900e-01
5.230140491564232441e-01 4.165987862300281064e-01 5.247028008072360805e-01 4.320885550335287206e-01 4.904848658438071274e-01
5.303212686897221806e-01 3.801935245920805562e-01 5.201473281997376352e-01 4.251271596146394827e-01 5.170963570259370368e-01
5.483908700465187636e-01 3.563023363814394884e-01 5.086560761400416020e-01 4.211840081717549422e-01 5.433888038769923989e-01
5.786085299769481161e-01 3.436089810526591348e-01 5.018057717026914721e-01 4.196230848775387989e-01 5.720691008015590384e-01
6.062594652875876733e-01 3.369928959470878116e-01 5.037365349755534849e-01 4.283983959136636877e-01 6.101340461092571443e-01
6.365924777851824645e-01 3.256122353319721996e-01 5.154110008129816345e-01 4.349965638510315258e-01 6.360565768964667743e-01
6.659766794130398404e-01 3.117825890219466101e-01 5.286629337366073322e-01 4.364699860563852063e-01 6.490911665312706358e-01
6.878188354768609569e-01 2.769805297153803969e-01 5.271718733823821390e-01 4.365497323835113574e-01 6.667234362575594764e-01
6.806333113226705755e-01 2.436497934166009238e-01 5.136413637104831897e-01 4.285766721999527684e-01 6.741340046037215261e-01
6.522642410492512921e-01 2.245620640900788112e-01 5.017911568227801933e-01 4.212332407839785575e-01 6.779115572750995522e-01
6.125038272451547305e-01 2.135661131515622924e-01 4.929447493099439193e-01 4.210214969498182191e-01 6.901756656585800176e-01
6.487177254718408115e-01 2.047852240014696179e-01 4.974034085901780089e-01 4.038031612898518863e-01 6.809380655327569309e-01
6.805492042277888620e-01 1.938207130032699455e-01 5.004891154190399538e-01 3.853348384731197229e-01 6.732448472348704360e-01
7.208079983460483620e-01 1.885322796574553927e-01 5.128741744822226112e-01 3.551134889286217122e-01 6.716325084748135943e-01
7.454892314096506212e-01 1.825687269232506016e-01 5.148576280921177695e-01 3.182944049776411655e-01 6.668104217441751524e-01
7.765181039528522566e-01 1.760600945488641489e-01 5.153291270317305051e-01 2.847016881789634635e-01 6.580068063324664429e-01
8.006687760353088379e-01 1.709942370653152466e-01 5.156961083412170410e-01 2.585555016994476318e-01 6.511546969413757324e-01
