2.099598497152328491e-01 7.175976037979125977e-01 1.506956070661544800e-01 7.852171063423156738e-01 4.764776825904846191e-01
2.298188339089066445e-01 7.058695303581283831e-01 1.358069977710797960e-01 8.019505724427755666e-01 4.680025971049743272e-01
2.530700019850944393e-01 6.896089827794285032e-01 1.209350402577769323e-01 8.178882222181749206e-01 4.468703340416772529e-01
2.673204039065072424e-01 6.622990739711829278e-01 1.014283126051864770e-01 8.092805915447377485e-01 4.303046107890606820e-01
2.752626291519099100e-01 6.368337569341613325e-01 1.064895452506861850e-01 7.944709251684056728e-01 4.045282667022500611e-01
2.921776560562182046e-01 6.384245255232742222e-01 1.277854453419604297e-01 7.830016568606442684e-01 3.844417491292934086e-01
3.152256300627913621e-01 6.536936688324306299e-01 1.473044340855300116e-01 7.784763152206678472e-01 3.773679520135605481e-01
3.445216697428657437e-01 6.649991194850091158e-01 1.614569383338449182e-01 7.819767774232980750e-01 3.581899604315016972e-01
3.672538017030533841e-01 6.648997346810451292e-01 1.748259339860674666e-01 7.860223368588934445e-01 3.350222866828965196e-01
3.980567952264387199e-01 6.603304195276072930e-01 1.975610597996628193e-01 7.830409809548406486e-01 3.212832483900703862e-01
4.219754907139454114e-01 6.575752211740358844e-01 2.246175013423060973e-01 7.700698622282124983e-01 3.165199156305495976e-01
4.364687237569505052e-01 6.571000191968675574e-01 2.592273499957546412e-01 7.465988511102950032e-01 3.118270711749758228e-01
4.419714998490374969e-01 6.575311446759967149e-01 2.835548355486977590e-01 7.285259218283236526e-01 3.081377970149328238e-01
4.447956654331574611e-01 6.586408841642041878e-01 3.180799347578346925e-01 7.023771874069186794e-01 3.027710518973605880e-01
4.460576270527762954e-01 6.576310082287482039e-01 3.497403558213090236e-01 6.812562115024439757e-01 2.985302985147921251e-01
4.521510782760571612e-01 6.522606062784035430e-01 3.839128789277482245e-01 6.648458803722782084e-01 2.953528599634209217e-01
4.686710443731503251e-01 6.435130405359987815e-01 4.174269116105911448e-01 6.483584910601513096e-01 2.956858508138489605e-01
4.892320636269985035e-01 6.357486534710297121e-01 4.403274862547293389e-01 6.281712552517585424e-01 3.036819365344997634e-01
5.085036818373296352e-01 6.289245854774979660e-01 4.532198499785144441e-01 6.036034575793682855e-01 3.222874427237602535e-01
5.197843943217175244e-01 6.212906789208875180e-01 4.594734996017579287e-01 5.769412983158733743e-01 3.494475720727648893e-01
5.206704730298004069e-01 6.126435358866230141e-01 4.632925819361415898e-01 5.551190176671311205e-01 3.745684776264271987e-01
5.112376791207353666e-01 5.960443911282047313e-01 4.690662592032658895e-01 5.332889575533734661e-01 4.019603838086839298e-01
4.994827872171039296e-01 5.756381069209794976e-01 4.750840353743956412e-01 5.181907823176468142e-01 4.220733946979499107e-01
4.896528605449961269e-01 5.460410191570267413e-01 4.824419971683532316e-01 5.043995538271589529e-01 4.411587620039205682e-01
4.890888994202595708e-01 5.154215620314086532e-01 4.913663612933411029e-01 4.911100870694469767e-01 4.580104949299601547e-01
4.990970932295339391e-01 4.903890277657892427e-01 5.033765420351569153e-01 4.765300263233500644e-01 4.711221510502080490e-01
5.242581482316912567e-01 4.675133611479163620e-01 5.211755910197467534e-01 4.581674039325805969e-01 4.826331953766906935e-01
5.500818187234358669e-01 4.495370774284702109e-01 5.349421791719373154e-01 4.457897591050837827e-01 4.929896194643999530e-01
5.780894217125829293e-01 4.277613161308519985e-01 5.460114506339389662e-01 4.370411229668332842e-01 5.084238941459795491e-01
5.979517357980654868e-01 4.070714938715893627e-01 5.513732423540000926e-01 4.317998883134435140e-01 5.248230364856026897e-01
6.032847969221987183e-01 3.739218322560977636e-01 5.463362411288924525e-01 4.276477783972548741e-01 5.497790750087525602e-01
6.075184414439938063e-01 3.399546522593800413e-01 5.367446123322459073e-01 4.397364481210878084e-01 5.564444800213138587e-01
6.335201213511675311e-01 3.174752595287027024e-01 5.368860534144189733e-01 4.427355383471848205e-01 5.796183407245044661e-01
6.483118090199252448e-01 3.028418294653157372e-01 5.359477404344347162e-01 4.435170771436443560e-01 5.983161541208007472e-01
6.570996202061514246e-01 2.860969311316146624e-01 5.313351983736702699e-01 4.445645050379015695e-01 6.231550396244360801e-01
6.382461179856505629e-01 2.765524410332016458e-01 5.176335366951126948e-01 4.468207941451547982e-01 6.497603746676576808e-01
6.489493502560329530e-01 2.706957029192997299e-01 5.175080969144872922e-01 4.426852844257921360e-01 6.886839774575804762e-01
6.786901222418274537e-01 2.531450376714308170e-01 5.297089800389845893e-01 4.313011429897549154e-01 6.905384098083184874e-01
6.994499693158825471e-01 2.299431077694924774e-01 5.403736232129005002e-01 4.081278786012330628e-01 6.816546693965703785e-01
7.110638854510379359e-01 2.100237068981911370e-01 5.425802543891020679e-01 3.752219726489625096e-01 6.721080299093741273e-01
7.262098386741193679e-01 1.966647188480954711e-01 5.351198594311435963e-01 3.392494729429768596e-01 6.670848272451728178e-01
7.516298309447914106e-01 1.856865141058731961e-01 5.235690756332016527e-01 3.034044063954887682e-01 6.638016847830499056e-01
7.800213969389130364e-01 1.771802798785472033e-01 5.190109459665183111e-01 2.774387043378410689e-01 6.564795902871146671e-01
8.006687760353088379e-01 1.709942370653152466e-01 5.156961083412170410e-01 2.585555016994476318e-01 6.511546969413757324e-01
