2.099598497152328491e-01 7.175976037979125977e-01 1.506956070661544800e-01 7.852171063423156738e-01 4.764776825904846191e-01
2.449784335838671445e-01 6.907516423864312749e-01 1.444967119087508245e-01 8.092049807181169729e-01 4.736265928755789556e-01
2.772863250273617797e-01 6.541724925169767335e-01 1.336960674312594466e-01 8.139335048666181960e-01 4.423456238134036989e-01
2.707847669975561034e-01 6.389722009894747146e-01 1.363642003224695420e-01 8.015410166946260739e-01 3.901945704260665893e-01
2.698958052193612955e-01 6.469037584298791277e-01 1.593910330113523233e-01 7.714299852785001521e-01 3.449845202796636978e-01
2.810136095496845177e-01 6.582135923539342848e-01 1.831974263569234040e-01 7.436147363768869090e-01 3.205567439085899584e-01
3.035136499543846789e-01 6.660093335215124810e-01 2.185139258048861555e-01 7.130383719800282849e-01 3.065007212581699614e-01
3.342428816146385540e-01 6.636188941974987543e-01 2.677923803044575668e-01 6.914711636150107088e-01 3.001315410005940265e-01
3.682953641816710810e-01 6.599677750831447476e-01 3.107918234288477577e-01 6.769399594284430943e-01 2.948124592062155713e-01
4.088660897367559777e-01 6.596552906432282537e-01 3.453425189166328124e-01 6.566448298325990862e-01 2.848576506866195013e-01
4.427217816662341598e-01 6.620903148495496104e-01 3.706228399766056114e-01 6.321621451430943228e-01 2.695163546691031753e-01
4.479872466028208544e-01 6.582158254460770408e-01 4.195934566081170325e-01 6.100142578078243671e-01 2.338406694630466576e-01
4.576937271978409605e-01 6.245387981464636251e-01 4.528895304584584780e-01 6.061299709201726227e-01 2.128047582317170727e-01
4.763736640896181207e-01 5.905511850144741226e-01 4.670825927573589720e-01 5.835223687395774128e-01 2.257026212503817908e-01
5.135348984077304779e-01 5.644343549295485207e-01 4.861969882461577575e-01 5.540993890119600973e-01 2.468521308335240028e-01
5.200034922529774839e-01 5.553972787140830647e-01 4.804249347640247580e-01 5.220223713184957148e-01 2.882121995607613285e-01
5.188998377460299904e-01 5.521007770623985733e-01 4.694024353290180418e-01 4.943410789364115487e-01 3.264167776308912750e-01
5.582161158189884453e-01 5.392289776665301071e-01 4.823918746868941509e-01 4.672929756629347620e-01 3.430225508987784777e-01
6.099816393532695447e-01 5.345898243884381618e-01 5.140870196292950389e-01 4.813634404118835031e-01 3.322854493211545579e-01
6.428842929398310702e-01 5.296689054474373881e-01 5.434690558101366031e-01 4.851098551793108782e-01 3.723061423673700854e-01
6.430255286353594446e-01 5.132055208916339595e-01 5.523625194129695437e-01 4.958101884932537007e-01 4.266070482003090913e-01
6.498372002403985936e-01 4.886433699018578602e-01 5.695752635839642641e-01 4.903460813889274350e-01 4.784984680326774265e-01
6.542507708994723670e-01 4.494959820602850709e-01 5.740993683013351223e-01 4.840822732822060992e-01 5.194208324281892608e-01
6.501294864175891641e-01 4.153146514227693542e-01 5.657905111407834919e-01 4.915432552857179616e-01 5.527680138146915390e-01
6.452108383970269756e-01 3.893075269403342697e-01 5.569498477802806713e-01 5.044411793926221188e-01 5.972498997984606595e-01
6.404940923719559809e-01 3.724225311506667024e-01 5.611008586697953104e-01 5.110768573314977692e-01 6.413257933360696494e-01
6.413930780055475678e-01 3.512021143820385771e-01 5.755792541482169788e-01 5.039833348699139792e-01 6.866646517518426585e-01
6.624269023925649647e-01 3.206652743548890072e-01 5.906576159369697487e-01 4.792831965323954280e-01 7.110887330669363182e-01
6.945574152780815691e-01 2.838391540329419094e-01 5.875595903742326653e-01 4.624232940251288837e-01 7.108864103481523644e-01
7.130250690258277402e-01 2.432123754235090973e-01 5.607902056918447897e-01 4.476657348201711906e-01 7.203334970427669459e-01
7.369087898548910553e-01 2.178530451707726967e-01 5.333226983497253437e-01 4.099982373117486145e-01 7.019127146794015282e-01
7.476945759140144476e-01 1.926987722118434498e-01 5.144515461213318153e-01 3.585476306599619800e-01 6.742623225130718323e-01
7.789271758448448324e-01 1.795547720871785713e-01 5.147204733859422898e-01 2.998334904693231717e-01 6.607180071364942009e-01
8.006687760353088379e-01 1.709942370653152466e-01 5.156961083412170410e-01 2.585555016994476318e-01 6.511546969413757324e-01
