2.099598497152328491e-01 7.175976037979125977e-01 1.506956070661544800e-01 7.852171063423156738e-01 4.764776825904846191e-01
2.123681564684978818e-01 6.834190201161691736e-01 1.475945172759361712e-01 7.917557174520547525e-01 4.735360154953028311e-01
1.923766369518885577e-01 6.610509019956154475e-01 1.488432286540996297e-01 7.662547456519539502e-01 4.769018594516992726e-01
2.080958591957691450e-01 6.421503450123631218e-01 1.530509157801958064e-01 7.585652982999981919e-01 4.455285845597328764e-01
2.318512803230327046e-01 6.514707435594404572e-01 1.766654597571095942e-01 7.404191891717543106e-01 4.193711381767333268e-01
2.480390180082077123e-01 6.497920538584260886e-01 1.942242908552430092e-01 7.328380127743533423e-01 3.900787183883250298e-01
2.760925993065719286e-01 6.479258426422409567e-01 2.083223215080857726e-01 7.409768072529517857e-01 3.687824957018503436e-01
3.120926403041635044e-01 6.477308121898034399e-01 2.248175894375674944e-01 7.538537020599307414e-01 3.521082918971841780e-01
3.404368296644203484e-01 6.474149473701341639e-01 2.409929573081004139e-01 7.501550695873701047e-01 3.415102750270338494e-01
3.716449307281689540e-01 6.456102038712127067e-01 2.613645122078623317e-01 7.397306424066111274e-01 3.281391252565322159e-01
3.942413647031853818e-01 6.364750751767860315e-01 2.765015503325669033e-01 7.244959669093189447e-01 3.100978616526476328e-01
4.080293830006754829e-01 6.271960696695814130e-01 2.958439703770156526e-01 7.078776819566623413e-01 2.957324481091447299e-01
4.161993668858192663e-01 6.171800137572526213e-01 3.249805352059650376e-01 6.818039444753044576e-01 2.846922992814779341e-01
4.147868898453037079e-01 6.060644534011356832e-01 3.460196897697766505e-01 6.499945611601913864e-01 2.792835943183549774e-01
4.085308810345377739e-01 5.923365867547270014e-01 3.613288896147603402e-01 6.155928250787503497e-01 2.813432577790797029e-01
4.112441450610346827e-01 5.784234849039827653e-01 3.788687440011307417e-01 5.845529370644692024e-01 2.889161232476533669e-01
4.278804189040504857e-01 5.716373057317478690e-01 3.984362495200629573e-01 5.554317096770080564e-01 3.023141741630740453e-01
4.485667622989905623e-01 5.737156224086910061e-01 4.129757736014312841e-01 5.290309626601252813e-01 3.143231086962250953e-01
4.671317663063214720e-01 5.781502366195435672e-01 4.278036385699777733e-01 5.027594542675811740e-01 3.211999376588712263e-01
4.844549608073838720e-01 5.758509427898366173e-01 4.536355147738622695e-01 4.772272583704199600e-01 3.331442047479135082e-01
4.951394688318230264e-01 5.584391604836181910e-01 4.758674714795886329e-01 4.665245292012270006e-01 3.636736571502889870e-01
4.944270643998749937e-01 5.321453568284558733e-01 4.781400994050113429e-01 4.675264288767316256e-01 3.968904481874600543e-01
4.812442159947641906e-01 5.046762610323022313e-01 4.686559344256053805e-01 4.664837990313416283e-01 4.197256939893101446e-01
4.907732525172016080e-01 4.730970250554037415e-01 4.833001357313011503e-01 4.721444864715022005e-01 4.469980629143786022e-01
5.197175425904630996e-01 4.706508719634932003e-01 5.066159372262033500e-01 4.756266788345206997e-01 4.552642062669132184e-01
5.404015479843726766e-01 4.566480533088145832e-01 5.298740937629820014e-01 4.718918747476128495e-01 4.734446609184322363e-01
5.398159315160172556e-01 4.356025825691500764e-01 5.422627736283496258e-01 4.730715916718226111e-01 5.029536817349036237e-01
5.351805848531708820e-01 4.152368009711275842e-01 5.442830532705906776e-01 4.827634841138191968e-01 5.365199377095991595e-01
5.448247806135165794e-01 3.976266263599806949e-01 5.461481699436478987e-01 4.907799465797239580e-01 5.700411694233754600e-01
5.684927362720761934e-01 3.829758632447854416e-01 5.493187631356526435e-01 4.909367456683552122e-01 6.015800778707434127e-01
5.890570919560674801e-01 3.695367891467015720e-01 5.404391839844580048e-01 4.788158450468112393e-01 6.327473434720132239e-01
5.842006934833735565e-01 3.587366665638388463e-01 5.156387025515426492e-01 4.561274332677462406e-01 6.575802871918330350e-01
5.658041162678428826e-01 3.438594614462152088e-01 4.941993695870485204e-01 4.383418895897725487e-01 6.747245019993142190e-01
5.574030548011802422e-01 3.107321218756732284e-01 4.868200347502225633e-01 4.377021394675732480e-01 6.927224618190275240e-01
5.615678393985416017e-01 2.790428962661062329e-01 4.953305835515020572e-01 4.531477008702574083e-01 7.084657069108371008e-01
5.804502261697301879e-01 2.518346619467211056e-01 5.111407757613702918e-01 4.446097300575395095e-01 7.158396601560167438e-01
6.004576707084925413e-01 2.408091105467268511e-01 5.285647240003303882e-01 4.272382961651886579e-01 6.994660958781313553e-01
6.204773774922602847e-01 2.371512110103341786e-01 5.466053800264766283e-01 4.074258935298313844e-01 6.840365239512515849e-01
6.564884572993177070e-01 2.346451660186572863e-01 5.666670958830706262e-01 3.956179761231727876e-01 6.783340164100359893e-01
6.950620267067767477e-01 2.244518179937138314e-01 5.757772577927454671e-01 3.914424956572889469e-01 6.799443757230192453e-01
7.299577205628432486e-01 2.138302911039327570e-01 5.683259411597516575e-01 3.780643527854347097e-01 6.732784520909488313e-01
7.550438253027422775e-01 2.047140689041529182e-01 5.511240518300319913e-01 3.531597610559871758e-01 6.632516424830093849e-01
7.722504652212680565e-01 1.937695161501475916e-01 5.374710184956749126e-01 3.213475857685306747e-01 6.587821167162097868e-01
7.891309030131494762e-01 1.802410314946029102e-01 5.245367516178377487e-01 2.840491736325408412e-01 6.542514397923006042e-01
8.006687760353088379e-01 1.709942370653152466e-01 5.156961083412170410e-01 2.585555016994476318e-01 6.511546969413757324e-01
