2.099598497152328491e-01 7.175976037979125977e-01 1.506956070661544800e-01 7.852171063423156738e-01 4.764776825904846191e-01
2.563338240922663491e-01 7.097127182237081833e-01 1.805356453002125439e-01 7.913751961555751668e-01 4.644020750071738979e-01
2.936475491301767105e-01 6.832222183602870702e-01 1.916532465463451906e-01 8.183566646480792128e-01 4.383225297317757674e-01
3.260232503066932130e-01 6.672231336226713827e-01 2.222720372912950493e-01 7.919626751168361567e-01 4.137521441485532692e-01
3.402080479324617879e-01 6.681855256042728008e-01 2.449469133120431019e-01 7.595111902628935985e-01 4.003685087131135800e-01
3.579389805396912538e-01 6.728422826720806826e-01 2.726256092975508638e-01 7.171750231995699387e-01 3.791459718781975963e-01
3.864478126773835398e-01 6.702113837160547094e-01 2.988747166675203015e-01 6.858570267149912691e-01 3.447517760977434342e-01
4.164422222970090015e-01 6.554485746374953958e-01 3.390988268855835153e-01 6.553680770408246703e-01 3.390477343562937618e-01
4.379512347640497349e-01 6.401272037185581354e-01 3.785258637012094973e-01 6.281238172038989820e-01 3.466022752497873172e-01
4.487212557090000664e-01 6.175917198796588847e-01 4.130657305968769566e-01 5.992880174485681888e-01 3.588657790806303316e-01
4.608837111253172303e-01 5.917244464485731381e-01 4.361029312545168235e-01 5.660749737223074174e-01 3.757267874227180338e-01
4.802243453443541532e-01 5.631569732021916019e-01 4.502707919561170224e-01 5.267903918429702737e-01 3.978489646767266463e-01
5.020552128711931461e-01 5.441397159945914330e-01 4.638748607505489008e-01 4.960010869540606993e-01 4.179037950539997714e-01
5.347870439860219482e-01 5.303344425885947455e-01 4.850596483263241443e-01 4.732491913572538511e-01 4.342419207341501330e-01
5.805337231252407637e-01 5.130741862310244095e-01 5.116162054319266517e-01 4.591352557436584325e-01 4.432889849903245416e-01
6.201785937095686263e-01 4.929196696945327139e-01 5.325325941658771711e-01 4.492789577794890632e-01 4.471022067864759975e-01
6.635277715387308817e-01 4.517311784382073703e-01 5.578671274677327041e-01 4.297686435025830920e-01 4.462540986379791574e-01
6.793745148378952381e-01 3.972588196981592379e-01 5.682556630013777532e-01 4.155524398458302349e-01 4.571577698769120901e-01
7.035372377927873178e-01 3.715941320748750165e-01 5.676028015528262749e-01 4.230599842976164870e-01 5.004536714276833775e-01
7.172153647608164873e-01 3.470624752812663250e-01 5.585153553438548801e-01 4.340691769594737237e-01 5.615418773092778482e-01
7.195752390335132809e-01 3.279813057535760357e-01 5.502209665670309002e-01 4.417113161879213656e-01 6.024568449327600828e-01
7.202655988816497601e-01 3.027776259544563975e-01 5.431104882065012074e-01 4.479331969164035421e-01 6.499663813757678987e-01
6.955889395447523160e-01 2.715014406703742389e-01 5.342395144291699483e-01 4.486575824578630245e-01 7.008358858906648114e-01
6.629376631999770453e-01 2.522324728539859784e-01 5.277840623044709467e-01 4.460292984201723043e-01 7.265766217186100384e-01
6.265034355575960223e-01 2.096509384187545955e-01 5.238429430476980730e-01 4.118375367655957020e-01 7.279816029181694903e-01
6.648257772047336811e-01 2.030278691572919014e-01 5.275761022224981778e-01 3.723480960981276344e-01 7.037402724980899027e-01
7.110520894248755219e-01 1.933765375063367098e-01 5.256528330358101186e-01 3.244152202959108000e-01 6.841753658731420940e-01
7.627379641755757111e-01 1.804676829058978749e-01 5.199103530919909621e-01 2.864310312431451178e-01 6.651308974471812352e-01
8.006687760353088379e-01 1.709942370653152466e-01 5.156961083412170410e-01 2.585555016994476318e-01 6.511546969413757324e-01
