2.099598497152328491e-01 7.175976037979125977e-01 1.506956070661544800e-01 7.852171063423156738e-01 4.764776825904846191e-01
2.622356209829369567e-01 6.891825327108493937e-01 1.539633547130155600e-01 8.239891982085175703e-01 4.162922127577942666e-01
3.020223451810530868e-01 6.505225433777466204e-01 1.594353858244307587e-01 8.030142405176504683e-01 3.477546011377829482e-01
3.278378179893201572e-01 6.654129546359989211e-01 1.677041568059058074e-01 7.586866104064405869e-01 2.593656191920735710e-01
3.827425584106327605e-01 6.855689494828342001e-01 2.201186931505909883e-01 7.205979263795692091e-01 2.426762452050693908e-01
4.493142059658751242e-01 6.986255700618213549e-01 2.847966329230944837e-01 6.891443377982919838e-01 2.630023639655275636e-01
4.809514146737046136e-01 7.019448216961984288e-01 3.351632191825121843e-01 6.580790725665771612e-01 2.923523551872149739e-01
4.969270273411313110e-01 6.755289021258725768e-01 4.037214954745667050e-01 6.083021404343945671e-01 3.424587930021257276e-01
5.460217746809881145e-01 6.197194813120692203e-01 4.709928780095580803e-01 5.574339803466804577e-01 3.417118292806645141e-01
6.038564882203973916e-01 5.951785069793912308e-01 5.261351134849547861e-01 5.177287638820960991e-01 3.237535885304134164e-01
6.601398202916601843e-01 5.635996989125885426e-01 5.670239562515105858e-01 4.799102737883308434e-01 3.240644075482770337e-01
6.772648439205486426e-01 5.104359096972888032e-01 5.747880747989707606e-01 4.426132983823999889e-01 3.629564096805334983e-01
6.889465407892191307e-01 4.421241398438738868e-01 5.710994413627203947e-01 4.147675355501830308e-01 4.218801374092954748e-01
6.685457984033922330e-01 4.022298746815140547e-01 5.636973206971378492e-01 4.063716605302167828e-01 4.698678938368768265e-01
6.044807085533133728e-01 3.554900831701506836e-01 5.444213505247741391e-01 4.048245925299423509e-01 5.392893453700019490e-01
5.383604860879221965e-01 3.084354998197746389e-01 5.312700387358343379e-01 4.320074525614262528e-01 6.143720779616276273e-01
5.280105570179058905e-01 2.752598128024892343e-01 5.368308771676587599e-01 4.421766685436765432e-01 6.784311852395694675e-01
5.906260731056810487e-01 2.328520731201934868e-01 5.283030045395333829e-01 4.106505430598778594e-01 7.282391995073721480e-01
6.670106591121909290e-01 2.046271934215296295e-01 5.004547358257911416e-01 4.298290056071567555e-01 7.241405428840794745e-01
7.350177316048089882e-01 1.993186423678303121e-01 5.256542154047214588e-01 4.080931048070975398e-01 6.973274715889766773e-01
7.766065070639356360e-01 1.816015124666912062e-01 5.197251866248644436e-01 3.143207930467989963e-01 6.682001943378576003e-01
8.006687760353088379e-01 1.709942370653152466e-01 5.156961083412170410e-01 2.585555016994476318e-01 6.511546969413757324e-01
