2.099598497152328491e-01 7.175976037979125977e-01 1.506956070661544800e-01 7.852171063423156738e-01 4.764776825904846191e-01
1.907686247166802684e-01 7.048487771092928345e-01 1.264967489879844087e-01 7.791424409144995789e-01 4.649067131444138412e-01
1.931388323323101341e-01 6.849189064866759713e-01 1.021616617318624187e-01 7.911986133297246315e-01 4.528042327011777557e-01
2.145520866761950751e-01 6.687214370571515909e-01 9.410784301890562364e-02 8.142095831790171490e-01 4.449388938623189960e-01
2.423401340920463831e-01 6.562927584209100607e-01 9.422888918271120351e-02 8.347397397790127238e-01 4.322174113650982807e-01
2.757251461962381689e-01 6.598176372326817196e-01 1.031648713586774818e-01 8.356436980237140766e-01 4.132160059569314203e-01
3.015721404502274550e-01 6.697327335817605531e-01 1.253888329599882889e-01 8.208157607759193342e-01 3.970620007573066879e-01
3.152403354921312073e-01 6.738324038633004553e-01 1.513465476380702612e-01 8.029248871238673368e-01 3.816758922792201636e-01
3.269556146496114812e-01 6.725777677450947012e-01 1.744171592784243829e-01 7.852438550185485422e-01 3.583952497292259842e-01
3.402191194085719128e-01 6.592659344060489701e-01 1.922963448360322236e-01 7.789505587118609187e-01 3.335643923101489494e-01
3.474890193598259569e-01 6.524643891613448599e-01 2.228522135234225210e-01 7.615793491598884524e-01 3.151356025465186228e-01
3.540405067123489902e-01 6.553187287098890534e-01 2.595974742369469013e-01 7.349990923607366833e-01 3.050728377135210057e-01
3.629718253876684786e-01 6.591929878887567984e-01 2.860454303054320024e-01 7.148787507345933934e-01 2.995393406154239213e-01
3.793092319820928204e-01 6.633142984387950802e-01 3.238206132282104854e-01 6.868256132209219489e-01 2.923167898509207996e-01
3.998059123827336636e-01 6.617230078442100094e-01 3.557982952029058454e-01 6.655396962845259168e-01 2.875431262015135103e-01
4.218332482079422685e-01 6.557446060502196694e-01 3.856583567337438789e-01 6.490968202761649986e-01 2.860052906910702242e-01
4.409818367067404599e-01 6.526588827178306795e-01 4.109396272078462142e-01 6.372105159326844070e-01 2.901192402620780264e-01
4.720536230767219954e-01 6.495199866656191645e-01 4.401197806183236305e-01 6.266444264957679033e-01 2.999954842310258440e-01
5.039599109277037581e-01 6.457783673161030524e-01 4.594060594153289712e-01 6.187585587345496574e-01 3.119118031966658378e-01
5.343569948351923893e-01 6.428053305952435847e-01 4.741113304835010145e-01 6.057392537595615023e-01 3.284424957204928885e-01
5.612714071011636330e-01 6.387881321056014805e-01 4.816389361705277206e-01 5.917559263251583879e-01 3.473282159269745484e-01
5.821443314803734781e-01 6.276763136979922608e-01 4.774451711573026169e-01 5.769650139588344828e-01 3.713759605487039761e-01
5.788718696518826423e-01 6.083628248716737019e-01 4.634909388563236421e-01 5.585639186101220011e-01 3.967795309418503114e-01
5.556405308485464767e-01 5.903445110780348726e-01 4.578677874609800025e-01 5.419896770796088781e-01 4.127904359998776362e-01
5.251882405900251127e-01 5.663646239719317688e-01 4.639884967226709511e-01 5.246013788954075885e-01 4.294389430869026136e-01
5.027086636152965360e-01 5.469516637730910125e-01 4.839529529839744493e-01 5.099740962640496589e-01 4.344595636803827987e-01
4.988123509735851169e-01 5.283588272764663252e-01 5.084801478260286833e-01 4.860271669592471921e-01 4.325257204792656296e-01
5.144835666820095632e-01 5.050900048466732128e-01 5.175077613827006040e-01 4.565298856225188939e-01 4.415818529168542561e-01
5.292949678106089184e-01 4.794342607688897862e-01 5.163944627032652779e-01 4.344485888383077254e-01 4.574144613208255272e-01
5.434030501362288046e-01 4.504272637994438666e-01 5.138104886724226272e-01 4.203409506621079705e-01 4.772174700079721554e-01
5.604987597424317958e-01 4.239426422793949323e-01 5.150057634736388001e-01 4.156661575006049270e-01 4.951872700070786282e-01
5.859244363156292934e-01 3.961437015235969028e-01 5.240928463462531939e-01 4.180410528079069321e-01 5.116724505978064164e-01
6.083312467672572499e-01 3.752065719716888292e-01 5.369957401806152442e-01 4.185005035994984746e-01 5.229836054275809332e-01
6.333125198623050789e-01 3.543728435467152216e-01 5.524414468303502357e-01 4.122229554676434260e-01 5.420299991256262162e-01
6.490851714058221145e-01 3.372907866340539851e-01 5.548914813255065859e-01 4.179215774558693863e-01 5.684108384881974008e-01
6.602675702665686819e-01 3.205385868199186472e-01 5.524661601735290084e-01 4.312624972971819681e-01 6.002187408209549435e-01
6.744601112998239723e-01 3.021607799171512898e-01 5.527319772867741454e-01 4.445563887230971623e-01 6.355998390370283246e-01
6.987459847462255125e-01 2.823723677343110139e-01 5.558169056077981729e-01 4.507228945002691445e-01 6.646488345806960130e-01
7.168705590480159984e-01 2.566692292398176090e-01 5.532362999982906038e-01 4.305423534777685357e-01 6.814646115195716058e-01
6.948119943601850368e-01 2.425455299829932243e-01 5.393637018614029222e-01 3.992193964162377706e-01 6.722972077757090048e-01
7.022565938191478452e-01 2.167554226916116045e-01 5.304247479961632372e-01 3.684504668972237718e-01 6.773178912458333034e-01
7.277256696621874354e-01 1.976131413208742083e-01 5.286114597848606822e-01 3.407131480609850160e-01 6.757904836352557343e-01
7.522957548493108826e-01 1.862453334381843073e-01 5.240576814715425247e-01 3.116079965939695384e-01 6.669577595839878414e-01
7.794385437706818909e-01 1.776877267491876466e-01 5.193658840819527223e-01 2.818394885419865381e-01 6.580904367849772507e-01
8.006687760353088379e-01 1.709942370653152466e-01 5.156961083412170410e-01 2.585555016994476318e-01 6.511546969413757324e-01
