2.099598497152328491e-01 7.175976037979125977e-01 1.506956070661544800e-01 7.852171063423156738e-01 4.764776825904846191e-01
2.163814043062895764e-01 7.008090436559500924e-01 1.343938720201240666e-01 7.826693451343714747e-01 4.491519149422477653e-01
2.409408498926284281e-01 6.750557881258317794e-01 1.150069450217462014e-01 7.840614179726356214e-01 4.417966257347493153e-01
2.471560217530320014e-01 6.556854884105290937e-01 9.623618049711483990e-02 7.972218848291933169e-01 4.195555247647895225e-01
2.779257583636992601e-01 6.466581489317615450e-01 1.001091544529648381e-01 8.029162442607319372e-01 4.062981805958887360e-01
3.071618076280589471e-01 6.466906198185733423e-01 1.214918546054129939e-01 7.928495408277539402e-01 3.993997938500152278e-01
3.294165069617370212e-01 6.497929867475896737e-01 1.482436323509230269e-01 7.811662167018116332e-01 3.922891716381208260e-01
3.538036962122670936e-01 6.538468069205540800e-01 1.803568410625547014e-01 7.746452591645884844e-01 3.831430459529248655e-01
3.762328518959729418e-01 6.604234100351125125e-01 2.114632146442357863e-01 7.715011697670569601e-01 3.713678174993421677e-01
3.975855455449303077e-01 6.705176324855477432e-01 2.453956420518529913e-01 7.658496867744907233e-01 3.556799406276793252e-01
4.139720309258509978e-01 6.797187889326645749e-01 2.736247040711996537e-01 7.569493674611611489e-01 3.417447896946304020e-01
4.313473978502401218e-01 6.886833864113733883e-01 3.046157253542013943e-01 7.386154080662408195e-01 3.267075338089588388e-01
4.455542469595862864e-01 6.928995918803732001e-01 3.331362852553151344e-01 7.156939108674494898e-01 3.150465418980393784e-01
4.574472900497688066e-01 6.910048748658146334e-01 3.612123071005425290e-01 6.935322745782090958e-01 3.076567487986192062e-01
4.699102572144081558e-01 6.831861079823194904e-01 3.899791140731513339e-01 6.754650410428152396e-01 3.055778103792564093e-01
4.856200137376512904e-01 6.691126382608399981e-01 4.209051971311906226e-01 6.548037382411218132e-01 3.120265198154160147e-01
4.986968812707791576e-01 6.565382403162219882e-01 4.435723720802646763e-01 6.311912554793805974e-01 3.228686854547759832e-01
5.135685035932461284e-01 6.467918541760701023e-01 4.626409747241098103e-01 6.035255877994212259e-01 3.345992292093471487e-01
5.313197614530097423e-01 6.406988787273596442e-01 4.778662774839408933e-01 5.815222468081023832e-01 3.429791236658031317e-01
5.613410588823751768e-01 6.326924996855503025e-01 4.930314052831709093e-01 5.643822646947914690e-01 3.498566945387986959e-01
5.646758831474936180e-01 6.012459860841635750e-01 4.982898833297952912e-01 5.491746845938488830e-01 3.741087858015422207e-01
5.337726026436929727e-01 5.917970453845264878e-01 4.895759386062125129e-01 5.457990916934695180e-01 3.891330770720817234e-01
5.065303402454522930e-01 5.740305565112462372e-01 4.875284768609904340e-01 5.384215037827951855e-01 4.107248570827416456e-01
4.947220672960756516e-01 5.506322308393364340e-01 4.975097113261848225e-01 5.259968197077175001e-01 4.311690523187938773e-01
4.933416988096919753e-01 5.241745887610380628e-01 5.091592724940772197e-01 5.068754641830969243e-01 4.488651439966246937e-01
4.969170016121977618e-01 4.980356439783464872e-01 5.119979790614932469e-01 4.831042685192637465e-01 4.650054475625225447e-01
5.164944349949462943e-01 4.735084347353578638e-01 5.102195474484712001e-01 4.666514284161128456e-01 4.805931991823401139e-01
5.470192783841298922e-01 4.583059210813789086e-01 5.110269738881679791e-01 4.643567990081008401e-01 4.890081856088476786e-01
5.841837889404346562e-01 4.451162346115468127e-01 5.136274879820061923e-01 4.605257296322393668e-01 4.970209066771751338e-01
6.194696448058832905e-01 4.311347777670372916e-01 5.182216315157296416e-01 4.490338110492758106e-01 5.099200581178756631e-01
6.415576476806632567e-01 4.154853826820827933e-01 5.232116755811246911e-01 4.395423208183918962e-01 5.273967884566151954e-01
6.481351255356205820e-01 3.920846269927882877e-01 5.293816345502967424e-01 4.382574843123085984e-01 5.533718512784926435e-01
6.442957953761737633e-01 3.666680085545001022e-01 5.441769627240707896e-01 4.419694734016008653e-01 5.753078753043324722e-01
6.486563948879651154e-01 3.429987953219174046e-01 5.587757882311958912e-01 4.253646762491660738e-01 5.936080502748642962e-01
6.559477593708121779e-01 3.261504255102710137e-01 5.545718790936873255e-01 4.228539803479360870e-01 6.177617808494804130e-01
6.705578554766349342e-01 3.016559278665423283e-01 5.543965116750323441e-01 4.217584142731081731e-01 6.469166706733898708e-01
6.848271133981703729e-01 2.751878306517692163e-01 5.585782846130455948e-01 4.153174570380517294e-01 6.646718142016740938e-01
7.046617608665742827e-01 2.444321498754705446e-01 5.593178528004731920e-01 3.970968360307364775e-01 6.704677757260784077e-01
7.285780343906970158e-01 2.283603799665026857e-01 5.503594521665956529e-01 3.744026677688451210e-01 6.654598096233549365e-01
7.578195806476175633e-01 2.182968005544342338e-01 5.419439363587427172e-01 3.482884697212796921e-01 6.604148358098054228e-01
7.780836144363221241e-01 2.047435464807141892e-01 5.321614142330055586e-01 3.147091771757437595e-01 6.558881902167256195e-01
7.913433961906404246e-01 1.849292770434202149e-01 5.224946088091736440e-01 2.817412713117491418e-01 6.531091493189404851e-01
8.006687760353088379e-01 1.709942370653152466e-01 5.156961083412170410e-01 2.585555016994476318e-01 6.511546969413757324e-01
