2.099598497152328491e-01 7.175976037979125977e-01 1.506956070661544800e-01 7.852171063423156738e-01 4.764776825904846191e-01
2.275326637003524666e-01 7.101033187836137683e-01 1.544045204140511995e-01 8.191552131889523469e-01 4.924525792049794792e-01
2.651929049575383335e-01 6.884184764055252259e-01 1.634068810765440527e-01 8.456970729961832411e-01 5.013239374711273566e-01
2.739151329358810449e-01 6.502181187949700458e-01 1.664591524335806982e-01 8.598900345640215770e-01 4.835874162855207103e-01
2.422191438558628507e-01 6.329948160704615967e-01 1.624784507474831274e-01 8.601304347020426455e-01 4.613415029663567313e-01
1.954292989171047268e-01 6.262028239265794438e-01 1.584124747656525112e-01 8.560343190954451398e-01 4.395751540372965782e-01
1.543658770545800196e-01 6.224212896735004108e-01 1.552791757421317920e-01 8.519811299513971870e-01 4.217895735639666244e-01
1.809411736778447632e-01 6.395272083055359991e-01 1.484488848328841537e-01 8.183131769597118410e-01 4.026493082102606258e-01
2.258265444698231428e-01 6.563292277917905926e-01 1.467443733938766925e-01 8.059793404446284892e-01 4.000330836683635982e-01
2.730690308446657166e-01 6.666663330918954911e-01 1.441660034017355208e-01 7.977854118692470076e-01 3.937309432151995803e-01
3.139666057438256774e-01 6.608015595781515650e-01 1.507651069064125104e-01 7.917163542258410791e-01 3.889281902126833224e-01
3.467295382432127315e-01 6.464397278883720066e-01 1.707963338010732302e-01 7.746482466138731038e-01 3.783144931808847811e-01
3.605279044434704372e-01 6.308669061592456773e-01 1.980506111618939025e-01 7.467732328982269463e-01 3.606744443200817218e-01
3.642720935178697661e-01 6.222855306733705572e-01 2.254809795133841943e-01 7.156186991977850909e-01 3.422975029084427412e-01
3.705398656960385839e-01 6.221273118241426037e-01 2.494015036242244465e-01 6.946394083752510662e-01 3.274862844447669064e-01
3.885141011003875322e-01 6.213989053846040722e-01 2.840000885165875344e-01 6.733206633664683416e-01 3.070963998348433810e-01
4.105050413448780300e-01 6.140380996441744399e-01 3.201092870323176687e-01 6.500249057583036283e-01 2.888121472919495392e-01
4.283100533223934692e-01 6.019411406415426935e-01 3.489039440537645698e-01 6.224484761722490767e-01 2.758798179054734456e-01
4.373267980169749936e-01 5.901438037251404145e-01 3.711052046228321410e-01 5.870330685334059773e-01 2.712952371270978547e-01
4.342324623536181205e-01 5.787573506739597251e-01 3.886634087360003043e-01 5.427636008924280331e-01 2.793215424196515140e-01
4.246160815476068273e-01 5.656035112874034931e-01 3.985793422054922930e-01 5.051805768420000176e-01 2.930199911802016666e-01
4.379220732917319392e-01 5.424476735461029042e-01 4.064547073966681134e-01 4.785507240043164190e-01 3.272176616737937360e-01
4.537695554759791361e-01 5.205852088215178197e-01 4.129096270298237559e-01 4.715158358521922555e-01 3.634540062064282040e-01
4.609518669544614977e-01 4.925580920543740637e-01 4.228799233870569330e-01 4.713955565233905465e-01 3.987940101114103575e-01
4.749839479173543211e-01 4.719887360953524680e-01 4.491436639798915831e-01 4.749429763047500752e-01 4.129071591726446999e-01
5.027126876611525130e-01 4.670732226157288114e-01 4.862141777559662037e-01 4.737319914321929670e-01 4.199939174763583916e-01
5.301335412901903021e-01 4.629143037917423098e-01 5.272291089164378164e-01 4.666222188969383344e-01 4.365731243665147421e-01
5.511383778333242001e-01 4.526809344291504722e-01 5.571359990639737081e-01 4.591856056952958731e-01 4.601709403929852837e-01
5.729160857215215286e-01 4.397433342208827978e-01 5.714734289257498157e-01 4.573577104715937369e-01 4.844665035855517110e-01
6.065024336928486193e-01 4.231859985976406668e-01 5.804400647733558571e-01 4.603920634542010837e-01 5.170436927125448001e-01
6.326375981545702132e-01 4.094160759301764263e-01 5.939729179188207864e-01 4.601538039350714926e-01 5.510997265702002323e-01
6.454803682845788870e-01 3.965375397305507810e-01 6.035989885998631621e-01 4.585102040042577931e-01 5.856133071991133088e-01
6.546387959877332241e-01 3.781888594081638799e-01 5.873468822954027724e-01 4.655025120377943026e-01 6.262442074163798722e-01
6.472849171083790987e-01 3.593416530435558642e-01 5.657119223710455058e-01 4.690459968878988306e-01 6.480654425671147356e-01
6.249892446058291640e-01 3.328692738413132068e-01 5.535806631927112642e-01 4.595447016669106377e-01 6.716541805495899187e-01
6.008463111292835501e-01 3.029000382739135966e-01 5.437481236870052026e-01 4.458168294168025625e-01 6.973470752899345593e-01
5.733634710217477837e-01 2.735710939303813150e-01 5.200503688726880736e-01 4.354072997258426891e-01 7.109917065529304248e-01
5.633296140620830394e-01 2.392189422560850320e-01 4.889317115510639078e-01 4.281464622443755252e-01 7.054088917791777602e-01
5.824660869563218490e-01 2.105338324360828128e-01 4.774113123882408605e-01 4.120793468551705030e-01 7.114255361613481821e-01
6.116929686523671084e-01 1.879112688642489981e-01 4.819991247775533560e-01 3.820046087299222015e-01 7.001349484464559625e-01
6.477957992063739789e-01 1.755822585274259551e-01 4.987227902868928697e-01 3.601333618388939950e-01 6.875932519916049257e-01
6.926466117576383086e-01 1.725561851940874969e-01 5.116561732652411543e-01 3.385899697108261663e-01 6.799036511843716823e-01
7.307799598688472509e-01 1.716843601394703323e-01 5.148950553742241976e-01 3.132211024149221257e-01 6.709088887446662541e-01
7.713673773174123394e-01 1.712835762252757354e-01 5.153602610101634118e-01 2.814744556977857304e-01 6.594367867252314275e-01
8.006687760353088379e-01 1.709942370653152466e-01 5.156961083412170410e-01 2.585555016994476318e-01 6.511546969413757324e-01
