2.099598497152328491e-01 7.175976037979125977e-01 1.506956070661544800e-01 7.852171063423156738e-01 4.764776825904846191e-01
2.428518487695947026e-01 6.946155224234602521e-01 1.580569735276709520e-01 8.281473310428986156e-01 4.525745975439718349e-01
2.959312570608728099e-01 6.926782120828491873e-01 1.677580163128299384e-01 8.092887759180975582e-01 4.181912406019591133e-01
3.222591836142291721e-01 6.883810187024105298e-01 1.841646166438797028e-01 7.583872958089814542e-01 3.987158242690213572e-01
3.463510833078300988e-01 6.860282239575843377e-01 1.931593389973092767e-01 7.016709914515257829e-01 3.735012955634935961e-01
3.955284653134130690e-01 6.590163469160587040e-01 2.382173459555264328e-01 6.704855442585314629e-01 3.601350470691434547e-01
4.307147902433785536e-01 6.496188356560108623e-01 2.816530191743903955e-01 6.481979266874090539e-01 3.579297060896304283e-01
4.570529699312818050e-01 6.336602176982506496e-01 3.473761932895249038e-01 6.217861490569646099e-01 3.536844253969321783e-01
4.775883423617733881e-01 6.163838352118764519e-01 4.078717847036271160e-01 6.091822945237158615e-01 3.511356840342695906e-01
5.285714166151869176e-01 6.054772378440823610e-01 4.607954119710819252e-01 5.970373588821300537e-01 3.502693602148862495e-01
5.811146681499257394e-01 6.059029625734176916e-01 4.846902799157193908e-01 5.857943723115777157e-01 3.476930587015203411e-01
6.364929340964954330e-01 6.064745487472478214e-01 5.156529521109549652e-01 5.688869011068334869e-01 3.424439617443577610e-01
6.933961506593547819e-01 5.942594096158883010e-01 5.525219292455170184e-01 5.332213968485687294e-01 3.373428991425518886e-01
6.944207311662735638e-01 5.485891033031082831e-01 5.591141606017822063e-01 4.869341600561971073e-01 3.499561189478362921e-01
6.825835891299522062e-01 5.052444273748751824e-01 5.606897421515902868e-01 4.637378502380457568e-01 3.769605609567995286e-01
6.773348252654313173e-01 4.555051019106313714e-01 5.655288686603006099e-01 4.421103739477693084e-01 4.186585628675891235e-01
6.645042214531310387e-01 4.125744332923163560e-01 5.706683125057314676e-01 4.176327107428124963e-01 4.651973317398292451e-01
6.358741270994689998e-01 3.827366265372794119e-01 5.741368500246656348e-01 4.030168153553945753e-01 5.324532949320177622e-01
6.368384040510478572e-01 3.623933316063609467e-01 5.624939861120330509e-01 4.031766860213727988e-01 6.037517817019802946e-01
6.441491443773492698e-01 3.420480597513431142e-01 5.518475836558435210e-01 4.082560344145905740e-01 6.605998745339769496e-01
6.423027810926270620e-01 3.151646833172825901e-01 5.441779243367051988e-01 4.174610081811372941e-01 7.137613809818276200e-01
6.408990358540123111e-01 2.670418603256329293e-01 5.386125612086216652e-01 4.277919493171598031e-01 7.548992814466293222e-01
6.820075210821778811e-01 2.142870262286688532e-01 5.314124772325921064e-01 4.184238581391122036e-01 7.454497044076836554e-01
7.352523206280198176e-01 1.855796231212056002e-01 5.293582523729694067e-01 3.719578317500344955e-01 7.130612160027579582e-01
7.756626061220701640e-01 1.765671278008254519e-01 5.209292943674594945e-01 3.019273415112243009e-01 6.748357273750555940e-01
8.006687760353088379e-01 1.709942370653152466e-01 5.156961083412170410e-01 2.585555016994476318e-01 6.511546969413757324e-01
