2.099598497152328491e-01 7.175976037979125977e-01 1.506956070661544800e-01 7.852171063423156738e-01 4.764776825904846191e-01
2.309714586664009250e-01 7.228508636964113832e-01 1.679057316372379871e-01 8.486426598063201432e-01 4.327196091476446793e-01
2.608740579841710150e-01 7.360205547222146150e-01 1.738760384826189553e-01 8.057565107778783542e-01 3.822899576975935521e-01
2.936155592769681966e-01 7.501780242307585223e-01 1.810584214020085070e-01 7.299113069967337886e-01 3.011401240128112056e-01
3.311537855086337245e-01 7.350518839166853002e-01 2.186540032305252512e-01 7.147693565383524961e-01 2.404122941069640196e-01
4.218076557171438479e-01 7.037062824047654042e-01 2.569229961701157139e-01 6.832103937866254029e-01 2.117133447379901945e-01
4.320764967279156488e-01 7.026636120593724444e-01 3.404763771323326971e-01 6.742607288656679021e-01 2.183748893762758603e-01
4.580664569035797218e-01 6.820317256657870697e-01 4.029552727827184766e-01 6.456719934507949565e-01 2.197434664589164588e-01
5.210475566343311105e-01 6.275160531111734219e-01 4.445638691567416756e-01 5.867104431070447879e-01 2.113588340150837630e-01
5.662470486255960500e-01 6.247813391954567530e-01 5.180319402474111712e-01 5.371836210185184646e-01 2.327865404102753555e-01
5.940489986836353653e-01 6.113913160792179280e-01 5.908265969421400143e-01 4.848956343660152379e-01 2.813518501171664576e-01
6.461112575288249227e-01 5.613948077821047100e-01 6.056319459202899047e-01 4.508926821120440853e-01 3.145645083842715239e-01
6.934007624390379210e-01 4.775222375081134008e-01 5.807635056860875888e-01 4.178357756598156114e-01 3.728015953234198876e-01
6.736885938835112109e-01 4.257738631376609129e-01 5.585297874719036271e-01 4.295122526141167962e-01 4.493382295732802345e-01
6.180621983590597335e-01 4.109872772054340428e-01 5.707317959760049852e-01 4.470629506431132438e-01 5.104187817797445348e-01
6.157282531110895851e-01 3.603978804020249171e-01 5.816550667790586493e-01 4.377708259622089537e-01 5.907251986135449995e-01
6.559013470476867669e-01 2.982611083610003377e-01 5.858416970475469610e-01 4.316540609432999442e-01 6.620629504756843087e-01
6.953861989431169288e-01 2.171206843166477163e-01 5.484533423639079697e-01 4.261152148718659327e-01 7.076431387288790731e-01
7.709529036398018453e-01 1.870825745842943921e-01 5.324861111310662531e-01 3.347978020213102646e-01 6.666442037042880076e-01
8.006687760353088379e-01 1.709942370653152466e-01 5.156961083412170410e-01 2.585555016994476318e-01 6.511546969413757324e-01
