2.099598497152328491e-01 7.175976037979125977e-01 1.506956070661544800e-01 7.852171063423156738e-01 4.764776825904846191e-01
2.240777660946202121e-01 7.016402703015650610e-01 1.397576331678888339e-01 8.168959046298137627e-01 4.728526541576150155e-01
2.286294133626858016e-01 6.740810062631301669e-01 1.323192168095835841e-01 8.453197088010466764e-01 4.607157311480150619e-01
2.441418353601222946e-01 6.521624986423915082e-01 1.157973431931236807e-01 8.378133614461190648e-01 4.284942006431987083e-01
2.501313252973659806e-01 6.462783219853379668e-01 1.067716802449420327e-01 8.081689683280399716e-01 4.072456204388008039e-01
2.625301869666892829e-01 6.458098163069957431e-01 1.252831618418379367e-01 7.722906557893575163e-01 3.902794384317711529e-01
2.862588319805287607e-01 6.409564936575183891e-01 1.505046371047122078e-01 7.537790555414721760e-01 3.708106325561349448e-01
3.152522920674487583e-01 6.331787757369333747e-01 1.846245856289714382e-01 7.422148699820044770e-01 3.541544720153576575e-01
3.396529781073835963e-01 6.273734442146894352e-01 2.185593364674983108e-01 7.370074372689376929e-01 3.441298457391988030e-01
3.634957461169326942e-01 6.181123134910956329e-01 2.573193536100409906e-01 7.235197357325211520e-01 3.399590180028251307e-01
3.854202613002342126e-01 6.050514997632049363e-01 2.926386138548780491e-01 6.945282329480551020e-01 3.362774652249282958e-01
4.008505051630831262e-01 5.963397294019116002e-01 3.135195494090310397e-01 6.609441357571793629e-01 3.252943819906038980e-01
4.138130452272125726e-01 5.956507706567123472e-01 3.261555666755709404e-01 6.280473260563027571e-01 3.068968846054929145e-01
4.310994289178972094e-01 6.049467399327923545e-01 3.443828830819726239e-01 6.032984958385334551e-01 2.903732715065400205e-01
4.437349373149514498e-01 6.087568088373250808e-01 3.783420687546810157e-01 5.852659461953125808e-01 2.833828197996226539e-01
4.387916939090515389e-01 5.949452701177577740e-01 4.059194526388053004e-01 5.579686554620336691e-01 2.886053905967557731e-01
4.257061288164924462e-01 5.788451972560316738e-01 4.200733793275872041e-01 5.240540914863509592e-01 3.035316201548606263e-01
4.045796510073380592e-01 5.685816813535402581e-01 4.216178969771722240e-01 4.955417591127367904e-01 3.113949792357380009e-01
3.719320445998112734e-01 5.690628374866505412e-01 4.095525836847058732e-01 4.678931061089293686e-01 3.256118405305095109e-01
3.848407699416777072e-01 5.555397464470758218e-01 4.139429525729165782e-01 4.653296354464001028e-01 3.659605115937755171e-01
4.024531594597527961e-01 5.283737847710293645e-01 4.140102898818056598e-01 4.682224049157358570e-01 3.943050727568566671e-01
4.206709285332698722e-01 4.953943035411463303e-01 4.082363315881303301e-01 4.821363687429630063e-01 4.143616670770932653e-01
4.538202352745677182e-01 4.647442055535455641e-01 4.166933212615951398e-01 4.924206339912525210e-01 4.325132479981063094e-01
4.806512896468557172e-01 4.681760446513961171e-01 4.414968090467246142e-01 4.829709426463803523e-01 4.361685172997858406e-01
5.154330328568492714e-01 4.766059960859721500e-01 4.735818295849306692e-01 4.740389726603648768e-01 4.367967661995740269e-01
5.486205485429859197e-01 4.772004050036144363e-01 4.990990814748499371e-01 4.729017730610984294e-01 4.312811733510280021e-01
5.782932376051743706e-01 4.687808394895503494e-01 5.241602278368995282e-01 4.784409662119924467e-01 4.334671404724984023e-01
5.784861001150558568e-01 4.418395512829086935e-01 5.497838291376161424e-01 4.759588319949200619e-01 4.546865294719424910e-01
5.675286002976230870e-01 4.198319712097615120e-01 5.526519573448653855e-01 4.673539203862476787e-01 4.811508685738717372e-01
5.894956667434373410e-01 4.069366025077807425e-01 5.619372412066290234e-01 4.725513910939238005e-01 5.142447465836518239e-01
6.086077361466416535e-01 3.960685112355790127e-01 5.711631956651280762e-01 4.786183459417315822e-01 5.458929124356175500e-01
6.192328329649278151e-01 3.805316140001360203e-01 5.754973788190406170e-01 4.831042565942181288e-01 5.834803839223189348e-01
6.278274855963574819e-01 3.603652248757873711e-01 5.719812245203887979e-01 4.834616682788422937e-01 6.220737436196686065e-01
6.347198481156346439e-01 3.366647638112497121e-01 5.632769953524628948e-01 4.750621597253608663e-01 6.577000671377102314e-01
6.318100887931829002e-01 3.088836555283558383e-01 5.547842715413365822e-01 4.593027865691052258e-01 6.924185789552318449e-01
6.177234904119908165e-01 2.792220368577337242e-01 5.495780746337205480e-01 4.452397212627878798e-01 7.180246190332550960e-01
5.976205365699430727e-01 2.430347060169933682e-01 5.384457844338492727e-01 4.316637803866932299e-01 7.348660350708436928e-01
5.880910680307530614e-01 2.055222163861691875e-01 5.079601720324949943e-01 4.184260420837019878e-01 7.410127290112004106e-01
6.134929562347414267e-01 1.902914214688555539e-01 4.957747635257459540e-01 4.029330737225084169e-01 7.155446827778507712e-01
6.526644184099412715e-01 1.894424710722719951e-01 5.015282010837860405e-01 3.911675523949278421e-01 6.986229074000854800e-01
6.816478892478176066e-01 1.719664887545087062e-01 5.036221718866576991e-01 3.657481762884964294e-01 6.940977569456991958e-01
7.228592445937033206e-01 1.603444535337471277e-01 5.067489643822417067e-01 3.546128441891652217e-01 7.009830235905114559e-01
7.606882146352621499e-01 1.599497668345199741e-01 5.110160490192078298e-01 3.238692603886954013e-01 6.892349548326941466e-01
7.828329145877008788e-01 1.655362222221474777e-01 5.136003838633182994e-01 2.892132154739255889e-01 6.693316263714613745e-01
8.006687760353088379e-01 1.709942370653152466e-01 5.156961083412170410e-01 2.585555016994476318e-01 6.511546969413757324e-01
