2.099598497152328491e-01 7.175976037979125977e-01 1.506956070661544800e-01 7.852171063423156738e-01 4.764776825904846191e-01
1.925412646690408680e-01 6.901484698690585340e-01 1.402047522823473003e-01 7.839339665358886489e-01 4.734032882519995655e-01
1.896260053021921188e-01 6.681375951081923725e-01 1.477895067371116922e-01 7.877805870043710357e-01 4.433940054228291405e-01
1.990055308358310016e-01 6.588109967845995341e-01 1.605574025284411954e-01 7.826398604128482761e-01 4.064963127380422092e-01
2.009664958359934084e-01 6.400541119386525812e-01 1.609828488414696002e-01 7.612995099157673362e-01 3.724316190276415472e-01
2.362726048082198771e-01 6.520019076531483604e-01 1.689384867726765327e-01 7.485987362697678060e-01 3.855243732139136403e-01
2.712977852305964444e-01 6.492878368672801992e-01 1.882790631341197674e-01 7.458818150528372382e-01 3.763272289458715059e-01
3.019162361461787958e-01 6.457630661261152261e-01 2.061936000653198375e-01 7.435585346697359821e-01 3.666101317767063161e-01
3.404035119994203717e-01 6.388515266684504645e-01 2.287165523001306877e-01 7.394463060933221810e-01 3.521802917175096415e-01
3.700760230858804456e-01 6.357821571029729224e-01 2.469791217863978039e-01 7.320638341713391339e-01 3.338575446302137761e-01
3.919750928502372944e-01 6.368949563418750959e-01 2.714523281318735881e-01 7.195132468133722536e-01 3.144132151193242408e-01
4.026852875118549502e-01 6.405923155536594749e-01 3.001948296927179349e-01 7.034588358105657857e-01 3.001139079139438226e-01
4.055287742029821119e-01 6.423905034072824316e-01 3.286586718332365487e-01 6.828596505497281921e-01 2.898921669104941312e-01
4.043320311569473802e-01 6.338649019674700291e-01 3.544352734380480374e-01 6.519215751170569506e-01 2.808395085833109150e-01
4.031626040574126657e-01 6.146956404284521502e-01 3.730310421489233530e-01 6.187500744974222533e-01 2.752196890267111784e-01
4.071308162771867245e-01 5.959865736566606342e-01 3.875280789942232573e-01 5.834146265560153921e-01 2.784943837396985922e-01
4.183843729161723091e-01 5.818100375909217581e-01 3.978081242079712920e-01 5.522301788431961400e-01 2.938539146463443053e-01
4.289410458819472027e-01 5.668079893234947431e-01 4.064303099375811135e-01 5.221180284579084452e-01 3.120671283238050098e-01
4.350589259378483953e-01 5.511186933694759427e-01 4.143123923905392969e-01 4.937731512198341166e-01 3.263759742300272881e-01
4.393908290108133885e-01 5.337702845680658559e-01 4.240786561295460944e-01 4.670379031660379932e-01 3.394310383675113729e-01
4.452911212744231628e-01 5.123338745921733883e-01 4.382858453197919779e-01 4.456024681571193469e-01 3.616001065321925445e-01
4.516910653202405590e-01 4.943721317136236526e-01 4.483377003133639516e-01 4.423402359912794179e-01 3.940389471255913989e-01
4.598306104181593135e-01 4.806644157895479941e-01 4.566378796415589969e-01 4.478155984203565643e-01 4.292237582274463503e-01
4.778634459297589343e-01 4.684539574722606514e-01 4.764404605744636534e-01 4.486463331982505354e-01 4.564215768200269308e-01
5.006918336510097767e-01 4.573336792649624893e-01 4.978610223098097753e-01 4.566509145109673429e-01 4.766441003134434529e-01
5.223670449464664634e-01 4.422070000971040638e-01 5.194597688849907913e-01 4.649366892711673804e-01 5.045133243513785226e-01
5.329350234684173682e-01 4.290174410189819265e-01 5.330167704940798057e-01 4.671156488044850841e-01 5.342792344191485965e-01
5.365151649369809261e-01 4.161336200185130618e-01 5.413989969216609355e-01 4.673273060778249666e-01 5.721981828775732914e-01
5.356986027582354426e-01 4.050138255052381231e-01 5.443177677786878998e-01 4.681788976229468435e-01 6.067920030100169004e-01
5.363721209245768673e-01 3.874069534027818618e-01 5.467397130937526883e-01 4.721338415923703735e-01 6.458144516172664718e-01
5.610091429680466035e-01 3.703890625992805052e-01 5.509581810143114877e-01 4.853585565919543154e-01 6.686204804301463245e-01
5.912649894259823791e-01 3.526363465766517713e-01 5.401952576269475337e-01 4.867107273010788937e-01 6.787952745257725962e-01
5.977673005492560865e-01 3.397978455034530443e-01 5.385545739543055044e-01 4.518989277405588978e-01 6.563672650459897451e-01
5.906309417498600833e-01 3.239568564134522877e-01 5.145174362945332813e-01 4.368965711747097580e-01 6.423261883083416501e-01
5.741586520581803965e-01 2.995235607024143709e-01 4.881345826010745070e-01 4.387674014252718746e-01 6.529675970692425668e-01
5.612915345295970138e-01 2.817155068861023626e-01 4.886128934980197291e-01 4.398645707387140447e-01 6.809070276718411918e-01
5.552046813080748766e-01 2.655938579222476559e-01 5.113768098001433282e-01 4.362608373609605517e-01 7.075731768483138895e-01
5.794870621594286897e-01 2.462558146727576724e-01 5.252816884376151352e-01 4.128562378365400187e-01 6.914394621560743248e-01
6.047040492872798323e-01 2.296037860890063065e-01 5.173241149509811843e-01 3.830100605893777543e-01 6.841667550205160486e-01
6.375547586674777945e-01 2.268206084670629508e-01 5.175658152306281679e-01 3.621923703202541978e-01 6.776092634438628526e-01
6.718798934662856270e-01 2.176830541736620717e-01 5.176999415452240294e-01 3.406776784129461055e-01 6.712035988281402910e-01
7.030597863733285546e-01 2.068337175630391156e-01 5.169504458203035835e-01 3.205254281460252486e-01 6.657360458009381476e-01
7.379856028221958297e-01 1.941837785045141818e-01 5.164003716417115974e-01 2.982481823324043546e-01 6.602835887116544900e-01
7.731890461274523174e-01 1.811603199671764641e-01 5.160048509317652909e-01 2.759564099049736097e-01 6.551567196110391622e-01
8.006687760353088379e-01 1.709942370653152466e-01 5.156961083412170410e-01 2.585555016994476318e-01 6.511546969413757324e-01
