2.099598497152328491e-01 7.175976037979125977e-01 1.506956070661544800e-01 7.852171063423156738e-01 4.764776825904846191e-01
1.821103813308223851e-01 6.927183462659746160e-01 1.449280513191458786e-01 7.783515503317290918e-01 4.752815387511083456e-01
1.793149176276193635e-01 6.652341994507978695e-01 1.259502889502788492e-01 7.931403393296219129e-01 4.730593363582557553e-01
2.024836506914418910e-01 6.526416358923813332e-01 1.062354594346170134e-01 8.194734548342879066e-01 4.712537355078003087e-01
2.308783329781389504e-01 6.458475924622182340e-01 8.927369812287593021e-02 8.448817956467338242e-01 4.691834074537006294e-01
2.734657794329214964e-01 6.458187081388184758e-01 9.112341932802682509e-02 8.420307973413067026e-01 4.535684949153846457e-01
2.583154223838934893e-01 6.531169450023612821e-01 1.207596168087292643e-01 8.192641337616541897e-01 4.440976690345497246e-01
2.837610874261955463e-01 6.666050096797982993e-01 1.423209606667620863e-01 8.206631893276320477e-01 4.169079417896616735e-01
3.136383579191363569e-01 6.592644597532086870e-01 1.521716829596691523e-01 8.222312944991162498e-01 4.004564177389782209e-01
3.364802210163863050e-01 6.536696433982784882e-01 1.663522142411124893e-01 8.242149355716821280e-01 3.749543478020773146e-01
3.546985671514221172e-01 6.537154329164713840e-01 1.920375078026676507e-01 8.152507149910169781e-01 3.462438176264738821e-01
3.770284446008040358e-01 6.529661591058930625e-01 2.257139813576015952e-01 8.013411971013780777e-01 3.377080415931157931e-01
3.995833496314283306e-01 6.483673091043208325e-01 2.577479560241566214e-01 7.884098795026025508e-01 3.384699181976246751e-01
4.214547024203683656e-01 6.410619369650540911e-01 2.887711684706052440e-01 7.762189569178031823e-01 3.364002957856674914e-01
4.403351056500021676e-01 6.361587077663638512e-01 3.239936957518811944e-01 7.626166118384859471e-01 3.301467912491580226e-01
4.507225320604171803e-01 6.355248793412648922e-01 3.634894147924211949e-01 7.426055880698889666e-01 3.221610689015761420e-01
4.503760769037776224e-01 6.313784259381891584e-01 3.936752936812220605e-01 7.087198513106456321e-01 3.099741752463336386e-01
4.471718408761167773e-01 6.291308462616740371e-01 4.011873439945833897e-01 6.746142959813419271e-01 2.978540679230097799e-01
4.540273064050193708e-01 6.286785656444501269e-01 4.039576908420972057e-01 6.385743618463425308e-01 2.869493257014658627e-01
4.750929785184354048e-01 6.185290696526655196e-01 4.123294032699603151e-01 6.039027045421376805e-01 2.905702163716884501e-01
4.948671378156671574e-01 6.053213272861167615e-01 4.280754892314155291e-01 5.789757001462662034e-01 3.101198403256368863e-01
5.082944651490431953e-01 5.984495336106061547e-01 4.483893009862816026e-01 5.629200830062428551e-01 3.360086486493527036e-01
5.195759261675283458e-01 5.915513213764869160e-01 4.729352262406797958e-01 5.532859528756977063e-01 3.703422141652150112e-01
5.394989974200415928e-01 5.796001212379920942e-01 4.967408813401523182e-01 5.463817321979907993e-01 3.953809062912800876e-01
5.657686961020007566e-01 5.702823638599650025e-01 5.162120409700746704e-01 5.365400096482552117e-01 4.035123254244227797e-01
5.939059130285960775e-01 5.607558109198994556e-01 5.382891392647219941e-01 5.165936012043836900e-01 4.083799268116052872e-01
5.771322618847587460e-01 5.349864371481644065e-01 5.432391948062758047e-01 4.926798749443220826e-01 4.268074504995640894e-01
5.483477065067611234e-01 5.110458004357707473e-01 5.314347690110031719e-01 4.848426377736884674e-01 4.433840116993957858e-01
5.295418580537705200e-01 4.817513852295683408e-01 5.273827072549670536e-01 4.683772593025529729e-01 4.638629861162112400e-01
5.244247563232654619e-01 4.497521377429975487e-01 5.334041514653322658e-01 4.419482251756078894e-01 4.838078449327630204e-01
5.351736196594635286e-01 4.220998766521856238e-01 5.404115299384872895e-01 4.194666728211508544e-01 5.002000742971314251e-01
5.456156912187418717e-01 3.888531926108843018e-01 5.318801017172974932e-01 4.063362654942704322e-01 5.256279774863593657e-01
5.481812862340091907e-01 3.638402539704028715e-01 5.138098399471384692e-01 4.055919803715101746e-01 5.500514346892567685e-01
5.597690530759911187e-01 3.411485062363641130e-01 5.025147892725403409e-01 4.108423653694275868e-01 5.796075312876425301e-01
5.762572380382264825e-01 3.261026806795431221e-01 5.050105369126836052e-01 4.242488011620361155e-01 6.106298232284922411e-01
5.876948826158370220e-01 3.151519638057775907e-01 5.142864519125269762e-01 4.427445229662362869e-01 6.407429636086120484e-01
5.964511500298615987e-01 2.971560258883416683e-01 5.229505892613884876e-01 4.578782162287441948e-01 6.727188277057870591e-01
6.127610702336819815e-01 2.621150379408724862e-01 5.170579061040013746e-01 4.503754758933870561e-01 6.994010138859348968e-01
6.275512295902194726e-01 2.387314404250682476e-01 4.964864517312663761e-01 4.277991694131791367e-01 6.965173701539286721e-01
6.482222737113504385e-01 2.215110469295084039e-01 4.797550092494890506e-01 4.021081010715218951e-01 6.843471898412715193e-01
6.770110018318263867e-01 2.098258186731907782e-01 4.788565914941605439e-01 3.746734545070068423e-01 6.737227524717769311e-01
7.109339654205897308e-01 1.993901124866643837e-01 4.871442428845296768e-01 3.427193420960889525e-01 6.646751607155070296e-01
7.432334801941279379e-01 1.889499245845376318e-01 4.971703703146995723e-01 3.121241852421910989e-01 6.597243445050354760e-01
7.750108210249007090e-01 1.790155454925077272e-01 5.074201423893157648e-01 2.824861327195637428e-01 6.549829984835396912e-01
8.006687760353088379e-01 1.709942370653152466e-01 5.156961083412170410e-01 2.585555016994476318e-01 6.511546969413757324e-01
