2.099598497152328491e-01 7.175976037979125977e-01 1.506956070661544800e-01 7.852171063423156738e-01 4.764776825904846191e-01
1.960393120280273516e-01 6.940415904587239337e-01 1.441252074309893605e-01 7.682886223546439020e-01 4.637115622331929310e-01
1.911166039330993993e-01 6.646982448593350412e-01 1.269857710663435391e-01 7.707886753458097484e-01 4.443356980934328182e-01
2.045940466648182576e-01 6.453529161460843655e-01 1.290630744783647366e-01 7.543659475798154546e-01 4.170180426531582829e-01
2.261198870403648420e-01 6.425208368931187852e-01 1.421197996729253732e-01 7.434338706498329064e-01 3.944326993563933015e-01
2.501515373373952023e-01 6.446117615308492033e-01 1.628990947493252073e-01 7.435569722036865503e-01 3.741791912069222237e-01
2.631329214298273600e-01 6.564285142542936047e-01 1.927643927976861460e-01 7.665294837184389865e-01 3.595609393224367123e-01
2.911470236578335147e-01 6.499900465699494090e-01 2.100054756893262875e-01 7.672729512085278980e-01 3.384298666275485923e-01
3.236799099245533662e-01 6.327757370797729708e-01 2.214988332757831246e-01 7.509197743174453876e-01 3.213193167472337963e-01
3.544786046476897656e-01 6.179071456736624501e-01 2.345417493733459591e-01 7.328916767230838625e-01 3.087932981462614968e-01
3.850273987184581470e-01 6.082498481060620854e-01 2.535664475019321906e-01 7.126076894689702401e-01 3.036324527763752390e-01
4.096481122109553730e-01 6.082119629917364101e-01 2.783508464347538847e-01 6.972215708745191920e-01 3.060242310906865493e-01
4.291441704962393189e-01 6.105344622434558666e-01 3.095149523699107785e-01 6.848598005649482179e-01 3.320082133866532614e-01
4.233765451811699609e-01 6.334112384265643270e-01 3.299214161261588285e-01 6.777045295872944353e-01 3.441065109209737183e-01
4.049977491427408927e-01 6.406235997627494072e-01 3.415903563074119687e-01 6.552510440174451611e-01 3.149322657357846444e-01
4.094982783531831427e-01 6.348454278037536369e-01 3.637874266853929894e-01 6.323779580032196090e-01 2.897879287523095204e-01
4.187313636970722008e-01 6.228721990926278096e-01 3.864913712173160265e-01 6.051422905285337439e-01 2.725553340969935068e-01
4.219560602880966793e-01 6.067091400324965411e-01 4.034966467512630661e-01 5.745302029082411943e-01 2.704136920002411237e-01
4.289600551422895203e-01 5.910786756354020621e-01 4.213603658798625862e-01 5.448582851119813109e-01 2.814054394086145661e-01
4.382932644267347744e-01 5.762582553137709507e-01 4.344666224741138838e-01 5.203945723958156577e-01 2.975248664698028067e-01
4.462150836533164688e-01 5.564837344878584835e-01 4.376353567763568431e-01 4.904758022279666063e-01 3.194018758743724096e-01
4.603517393574772520e-01 5.345574085301635359e-01 4.404933718201349824e-01 4.590231634357309631e-01 3.399829835248305288e-01
4.745822948001162112e-01 5.118883665221869439e-01 4.531975004370264459e-01 4.411579268907983575e-01 3.639180899578031148e-01
4.804604216100755165e-01 4.889690138387473017e-01 4.708708876551651046e-01 4.394507320112621129e-01 3.975058756383779701e-01
4.805185120278764321e-01 4.719703546349742207e-01 4.843654304362885465e-01 4.462904414440965195e-01 4.333254464594357147e-01
4.833275586367267729e-01 4.607982871785037959e-01 4.925982866023077555e-01 4.554178951887953852e-01 4.659177449500690460e-01
4.913820698822790600e-01 4.451759525792898797e-01 4.935051270691942493e-01 4.684873594271203312e-01 5.003584898008971438e-01
5.025998204046058238e-01 4.153728176244930181e-01 5.044648805644533773e-01 4.861326058863019162e-01 5.310950327840248120e-01
5.099179402268865235e-01 3.901328705876635494e-01 5.185188896177522766e-01 4.922781359072246898e-01 5.628693428023370249e-01
5.165136215923841201e-01 3.710356147879095290e-01 5.312869907323496399e-01 4.894999331916179974e-01 5.977573470180077564e-01
5.215100774866225919e-01 3.522703328326797778e-01 5.396033570059329820e-01 4.795556219488713023e-01 6.333522550508874360e-01
5.481178535874025037e-01 3.395227959992505040e-01 5.327326526745926882e-01 4.529984230896076380e-01 6.540360053206856206e-01
5.700005821153996122e-01 3.466401616059846535e-01 5.119954795967420758e-01 4.362717992525487753e-01 6.209329081001149220e-01
5.699167129866430370e-01 3.367603750425638420e-01 4.820336528707722668e-01 4.233964639192955848e-01 5.936814022635295007e-01
5.552711947554562766e-01 3.037815845165414141e-01 4.680138956408547712e-01 4.202421087801561095e-01 6.019495060405171127e-01
5.483618008997594995e-01 2.775137391246776386e-01 4.769370681515114896e-01 4.183185095839805356e-01 6.317225345863217711e-01
5.492104863591878994e-01 2.603737327447125383e-01 4.894621192304156043e-01 4.118069753365793950e-01 6.690110129689760265e-01
5.624766083244263637e-01 2.457028337406460816e-01 5.034213935032350040e-01 4.014104280467232222e-01 7.012849785401791269e-01
5.931033639307387029e-01 2.311120680873451072e-01 5.195027435966305118e-01 3.867464101638278251e-01 7.108031059917456762e-01
6.290846070429662040e-01 2.196037186643067796e-01 5.288129782110438937e-01 3.672491504734177736e-01 7.028545405124200229e-01
6.662331514605484006e-01 2.094530286239291161e-01 5.308890119422248199e-01 3.442060959864848280e-01 6.911291626947838607e-01
7.021830401157497237e-01 1.995653833007139111e-01 5.284139455439075261e-01 3.210180051888584241e-01 6.804840243459119309e-01
7.377900386579862024e-01 1.893447736184440955e-01 5.240207134603119821e-01 2.981977506474016715e-01 6.698233761695110422e-01
7.732865818992430418e-01 1.789854591438291842e-01 5.193212758141146912e-01 2.758187579599750694e-01 6.592844625857015028e-01
8.006687760353088379e-01 1.709942370653152466e-01 5.156961083412170410e-01 2.585555016994476318e-01 6.511546969413757324e-01
