2.099598497152328491e-01 7.175976037979125977e-01 1.506956070661544800e-01 7.852171063423156738e-01 4.764776825904846191e-01
2.171892362238639629e-01 7.135495646142221426e-01 1.197833506630032047e-01 8.071852556275412871e-01 4.621913670019463516e-01
2.474990357280830167e-01 6.953947006264122876e-01 1.003316201700050203e-01 8.249328854318378479e-01 4.411430212777083804e-01
2.851537884841220949e-01 6.750993409580937632e-01 1.005671107130988312e-01 8.258837230656858042e-01 4.262392994641258093e-01
3.283880477980524182e-01 6.607161827269594223e-01 1.211204596339031797e-01 8.028885364871768404e-01 4.194318651745292392e-01
3.504018005599104368e-01 6.620935421534932530e-01 1.488098652118330922e-01 7.776436738514663771e-01 4.201122013535136812e-01
3.652919289703422390e-01 6.681485021669686386e-01 1.871911943563102643e-01 7.513805105110390459e-01 4.171651293518605086e-01
3.691682790230521038e-01 6.707466184815663590e-01 2.168756983425327023e-01 7.177702800561006624e-01 3.907060747746186058e-01
3.533640624546205977e-01 6.798243673293773437e-01 2.315051393513192501e-01 7.005421619715170856e-01 3.587939008991709033e-01
3.353274654310062775e-01 6.938699173130836728e-01 2.546867170184048956e-01 7.025481211044439789e-01 3.255559695168730450e-01
3.300952650414200051e-01 7.120874024735872609e-01 2.903333528819337928e-01 6.939713256591537593e-01 3.019791825159831578e-01
3.210552439034229932e-01 7.204128352970503579e-01 3.215373870738508222e-01 6.647762338407093852e-01 2.976403071645382648e-01
3.262371111103862797e-01 7.156006546238303789e-01 3.504738914617903656e-01 6.522234551650166745e-01 2.993772911731922282e-01
3.548296015521092972e-01 7.004644703235175518e-01 3.899550279592959856e-01 6.554464207049690572e-01 3.039032854899746949e-01
3.858958746140585538e-01 6.856095347288807540e-01 4.245307198995047493e-01 6.616179999375563225e-01 3.077568928248828883e-01
4.180785616066806099e-01 6.693144772025155786e-01 4.519715844583587772e-01 6.527658279343182546e-01 3.041986491094251788e-01
4.461475562526324712e-01 6.444480323061487770e-01 4.648756843148293405e-01 6.284957657121414965e-01 2.941054881747302008e-01
4.662014590204434095e-01 6.175271383420881666e-01 4.652254404871983828e-01 6.019800311722058872e-01 2.840617873453542552e-01
4.914221060848433242e-01 5.935433312023060681e-01 4.798399402498852440e-01 5.653793082722498031e-01 2.878046119853541751e-01
5.120287918136067207e-01 5.925643285470556521e-01 5.085225213662261101e-01 5.430710930960735983e-01 3.118213893286422289e-01
5.345417964561537394e-01 5.895275536755234524e-01 5.352159492940514740e-01 5.219106439825955679e-01 3.442377630273296685e-01
5.459449897790158435e-01 5.777876304951722330e-01 5.594590083952992732e-01 5.051570718601821053e-01 3.713261928851560589e-01
5.597022571721183004e-01 5.423941115403545510e-01 5.697393543471563904e-01 4.853964255550618501e-01 3.995974315920778341e-01
5.741201199194924110e-01 4.973937315047165519e-01 5.653746374027265320e-01 4.632565800838042702e-01 4.217912768121014344e-01
5.827282833048926802e-01 4.631262886549858959e-01 5.585655730971827992e-01 4.451954480795404789e-01 4.346207139368792327e-01
6.170171160029820356e-01 4.302682968580077150e-01 5.546581513486508186e-01 4.263263772507832061e-01 4.467804227933157568e-01
6.585452098012981592e-01 4.205452168111711297e-01 5.523917237010755876e-01 4.178646038410698260e-01 4.668420050170852820e-01
6.710245301021406927e-01 4.027613390758065237e-01 5.417984082656928102e-01 4.155296482358885601e-01 5.068402645772734916e-01
6.483096628693825192e-01 3.756769723908869874e-01 5.408711091003027827e-01 4.142947381360466141e-01 5.460555882190925026e-01
6.255514446211987156e-01 3.595786924769767134e-01 5.404263336116520433e-01 4.191035621259829869e-01 5.841256460306522014e-01
6.006574997042283259e-01 3.439145275698599624e-01 5.383757299630755888e-01 4.220071817570165140e-01 6.250600850001789555e-01
6.426008913980671977e-01 3.320199619604530805e-01 5.357652230376385161e-01 4.126990575607330514e-01 6.542461217472864687e-01
6.761968874356782955e-01 3.152977576415161853e-01 5.474013286171627302e-01 4.104106549962707740e-01 6.740994716014696575e-01
7.055145828231139671e-01 2.913438530132855808e-01 5.574724061892817328e-01 4.103061039315957781e-01 6.981910541655825808e-01
7.393802357583000306e-01 2.589862970521375485e-01 5.547594260101850194e-01 4.203445969863853215e-01 7.162777377874280926e-01
7.431634221393871309e-01 2.275155099069899878e-01 5.470983324029511374e-01 4.105387907245371948e-01 6.812737910696649024e-01
7.412072869853630896e-01 2.169992555483316043e-01 5.401431620986195670e-01 3.741775063132229406e-01 6.510444443596103969e-01
7.620359725762375636e-01 2.018847936243790275e-01 5.317675833316742873e-01 3.315517416507045567e-01 6.434707739396301474e-01
7.844683474445981464e-01 1.839480020229270485e-01 5.224355825604807269e-01 2.891660260941777971e-01 6.479324910763994971e-01
8.006687760353088379e-01 1.709942370653152466e-01 5.156961083412170410e-01 2.585555016994476318e-01 6.511546969413757324e-01
