2.099598497152328491e-01 7.175976037979125977e-01 1.506956070661544800e-01 7.852171063423156738e-01 4.764776825904846191e-01
2.405003214230463093e-01 7.104575266481838458e-01 1.470698313144694624e-01 8.045364018526300898e-01 4.701352785308897664e-01
2.747799673995790504e-01 7.028984889432978722e-01 1.313389967195434938e-01 8.268873762038376762e-01 4.614990165782406062e-01
2.942196494247593663e-01 6.846193401739949502e-01 1.059603615720176584e-01 8.257476404123538227e-01 4.383462133970261743e-01
2.671651674603433002e-01 6.587497449304663411e-01 1.008702638887667702e-01 8.083765186321102414e-01 4.297604759742922331e-01
2.388085879259112532e-01 6.312484306416764612e-01 1.041235943257366459e-01 7.920467018609702592e-01 4.216279412703296536e-01
2.674435717934972589e-01 6.232663060499881169e-01 1.248262654337485428e-01 7.715096985275987640e-01 4.066106186288112045e-01
2.909516932353568563e-01 6.240579337666529725e-01 1.435398810612951714e-01 7.617559227973297320e-01 4.023703473142958287e-01
3.207017518532925271e-01 6.298010233596871288e-01 1.731344538833139435e-01 7.542748359683928427e-01 4.023645308692114231e-01
3.439663760909810186e-01 6.463268490590859949e-01 2.063263806407613643e-01 7.581674766060356729e-01 4.086315892960509788e-01
3.465535096515064972e-01 6.729392187740798059e-01 2.350592555780148529e-01 7.452789781351435439e-01 3.827023664784479640e-01
3.547142186386852969e-01 6.736336102907061196e-01 2.464564775064986279e-01 7.165479676069790305e-01 3.529282019094565626e-01
3.710354206155705992e-01 6.745363142684385194e-01 2.636085252325142125e-01 6.994127763614542692e-01 3.380908263722911533e-01
4.005253915529627950e-01 6.743985036803481492e-01 2.917482814886742104e-01 6.807985896803967485e-01 3.239311798752279592e-01
4.296239350580843275e-01 6.740239364748206174e-01 3.182120784772909383e-01 6.668711291179302281e-01 3.121789029218650091e-01
4.624666383311579199e-01 6.756238116551110950e-01 3.465844633664630359e-01 6.616020819277647069e-01 2.978789649400955253e-01
4.596615354371822448e-01 6.790117343635677649e-01 3.886274985489753808e-01 6.647231663804852309e-01 2.901524921444782468e-01
4.595657137917337764e-01 6.667197506847831745e-01 4.281715282135833966e-01 6.397876266218279762e-01 2.824571306463942721e-01
4.910979765628278870e-01 6.560316761275813979e-01 4.607595214695251462e-01 6.352534842684703920e-01 2.966129690783894657e-01
5.166885453484758584e-01 6.457550240518514784e-01 4.775696232387331985e-01 6.157815190019496621e-01 3.171979485568696133e-01
5.372577052819088594e-01 6.355823329322335402e-01 4.955932019933468879e-01 5.903181339242998815e-01 3.396551473760600626e-01
5.270921132767242279e-01 6.302285534124612010e-01 5.149169647731171029e-01 5.590388319288770447e-01 3.665533704108159818e-01
4.938240603982578247e-01 6.231210691646824618e-01 5.176889911513112841e-01 5.501219673583624958e-01 3.872731864547443448e-01
5.070375747431697944e-01 5.883268173037221604e-01 5.107638748255926009e-01 5.453018699214100540e-01 4.067323048301013100e-01
5.060076612410414620e-01 5.547258269127885999e-01 5.099381068645939541e-01 5.302634280493775387e-01 4.244402271123747794e-01
5.241209807548389277e-01 5.280070158885847853e-01 5.220469562738351277e-01 5.223204152045823889e-01 4.418527975492001492e-01
5.238013766812270600e-01 4.997219068432224853e-01 5.350616142686727139e-01 5.013837690417246584e-01 4.607844890254419457e-01
5.212023064260916660e-01 4.719684344380406515e-01 5.468028399018936003e-01 4.724439247009902254e-01 4.769157882483476274e-01
5.387175975518891935e-01 4.494979474463862701e-01 5.561536972659558709e-01 4.437379332335619209e-01 4.919227321672259290e-01
5.691640164942028957e-01 4.364293781516934700e-01 5.602653957005342411e-01 4.291938155948135103e-01 5.065875728287352331e-01
6.007330498926967133e-01 4.208121930398184829e-01 5.632852675563267963e-01 4.222126183937094379e-01 5.247446241105203635e-01
6.286521035944013791e-01 3.964905614904662423e-01 5.669109355997876687e-01 4.234633452108113039e-01 5.504647596004709209e-01
6.407898945258966306e-01 3.721651883558567131e-01 5.693924381230450749e-01 4.353912130839076577e-01 5.906556965781452062e-01
6.515577844096182014e-01 3.544041034293997083e-01 5.709482590778122146e-01 4.469590727398397023e-01 6.312371828970354537e-01
6.751471089578833240e-01 3.311895728686821694e-01 5.717260669028787490e-01 4.498711498526938302e-01 6.539885616307442584e-01
7.033557277736621760e-01 2.948493095859824331e-01 5.686548716969072048e-01 4.420465732672193560e-01 6.689456661619613831e-01
7.125359304782701297e-01 2.641522593670109775e-01 5.649840525453985185e-01 4.182867272097081646e-01 6.649604900405690078e-01
7.147386612493644709e-01 2.419882395242016759e-01 5.622655150166974147e-01 3.836549134253581794e-01 6.549826378582184194e-01
7.293781817761025854e-01 2.240459201622767016e-01 5.541103896489987246e-01 3.480654832948317789e-01 6.578303016802667935e-01
7.605082454909612988e-01 2.052875696519790016e-01 5.366150338023224498e-01 3.178376524643219403e-01 6.602909005407456844e-01
7.829002295742378825e-01 1.861669119556089158e-01 5.249514367428397277e-01 2.847841803523529225e-01 6.551969009644013076e-01
8.006687760353088379e-01 1.709942370653152466e-01 5.156961083412170410e-01 2.585555016994476318e-01 6.511546969413757324e-01
