2.099598497152328491e-01 7.175976037979125977e-01 1.506956070661544800e-01 7.852171063423156738e-01 4.764776825904846191e-01
2.359546095938324650e-01 7.037303673798288584e-01 1.333632417893519384e-01 8.018418834348813862e-01 4.635378414697997607e-01
2.443269160110320692e-01 6.778873763335989677e-01 1.213788248536308567e-01 7.807555174657531127e-01 4.399044352828093696e-01
2.490131168415735674e-01 6.663434132717085401e-01 1.429898518807967978e-01 7.461049674969790768e-01 4.347356829552364021e-01
2.843316356958357494e-01 6.583564718323717813e-01 1.643889270965525617e-01 7.324476296007659260e-01 4.356009493639211860e-01
3.147639566148293100e-01 6.544476153860546708e-01 1.766523030083471946e-01 7.247943180696917453e-01 4.346949863943777581e-01
3.563053143176271309e-01 6.516406193979652484e-01 1.908775656974542045e-01 7.200210590182267723e-01 4.296530972279273830e-01
3.828389073663495124e-01 6.531755348287393570e-01 2.213659907585893705e-01 7.129996921889470984e-01 4.165658143528263024e-01
3.928849397094504314e-01 6.592544624386879049e-01 2.582677466064853267e-01 7.009443350903397096e-01 3.996573833501054773e-01
3.965303723068211994e-01 6.693170757007114169e-01 2.852521074436515924e-01 6.887298103348916678e-01 3.727988487492124303e-01
4.056678866554259688e-01 6.776971680325286629e-01 3.082889389759012611e-01 6.782601028169803481e-01 3.404293461004869181e-01
4.203962379730111776e-01 6.823440149010127076e-01 3.395497007822280700e-01 6.669338746437079024e-01 3.138986262209284006e-01
4.331987633553246453e-01 6.813985323336703148e-01 3.698309822594936236e-01 6.570959370203971472e-01 2.977314300131856939e-01
4.472500074496961187e-01 6.692410094911089846e-01 4.045720256411666216e-01 6.444860632481568263e-01 2.813357733872088873e-01
4.592316251245727177e-01 6.419343412860435416e-01 4.363596557527285591e-01 6.258048945956768971e-01 2.711569662594571217e-01
4.737540258763685563e-01 6.172374734190824164e-01 4.577314542983630385e-01 6.069281645139440462e-01 2.711259008121050251e-01
5.036760776350140967e-01 6.022174096982105818e-01 4.796183773047519860e-01 5.881144453340612088e-01 2.754120331913214037e-01
5.343314295906607114e-01 5.977431501775943845e-01 5.025157245342587453e-01 5.730577829408145529e-01 2.781168913684866073e-01
5.573365662889859795e-01 5.965658142645491324e-01 5.323277930040393180e-01 5.531534741824748469e-01 2.921984907414758581e-01
5.425051231703437171e-01 5.933064584984646395e-01 5.382419355656409277e-01 5.453427539189670270e-01 3.304244226522635164e-01
5.240274617364290011e-01 5.827047891177594696e-01 5.346869782724948950e-01 5.396381841002222401e-01 3.715644249288562739e-01
5.146862467937756147e-01 5.699565887491339078e-01 5.313345212061555412e-01 5.304918712088481092e-01 4.015192651174990246e-01
5.002101599086347106e-01 5.494564606155353248e-01 5.129649892933785260e-01 5.204974714364454247e-01 4.251998483371753901e-01
4.815154870205719528e-01 5.221125064648772796e-01 4.921240987646648413e-01 5.186647003410156387e-01 4.446814650092161814e-01
4.797639255665799296e-01 4.956880668415555302e-01 4.923730177933380858e-01 5.057643301043636130e-01 4.684931360744273854e-01
4.891047232566171910e-01 4.648187176933346598e-01 4.989331494317983395e-01 4.830947520640077042e-01 4.879718053230759911e-01
5.123963215875153576e-01 4.369484677313678067e-01 5.092715844696015237e-01 4.585645745119409922e-01 4.975042964045889859e-01
5.402553042207581813e-01 4.156544978341710217e-01 5.200280769373711864e-01 4.423731116285384291e-01 5.048311285843662954e-01
5.719972119203980965e-01 3.997864155254067797e-01 5.331250731551520072e-01 4.338743119203127829e-01 5.149233900028075128e-01
6.035864881405892390e-01 3.899650418308112099e-01 5.452801053153992772e-01 4.320121878932584591e-01 5.261115951943653446e-01
6.344306238010460897e-01 3.835206834795513720e-01 5.515749208707196871e-01 4.343393787592201294e-01 5.573507537483480823e-01
6.461718634373735393e-01 3.569095054212702567e-01 5.467227420441068686e-01 4.309712365221622377e-01 5.988663693650365660e-01
6.688667846374762860e-01 3.287951354366972501e-01 5.477094076637223363e-01 4.347018812881673355e-01 6.192239918394992770e-01
6.942264020985089434e-01 2.998054587621648004e-01 5.524877624600642578e-01 4.353275871350036907e-01 6.351639348549840136e-01
7.148815104860362091e-01 2.721194634492974940e-01 5.614129670095080460e-01 4.266381641788867252e-01 6.579777567613668277e-01
7.180681605316133753e-01 2.450048901147044156e-01 5.666126081560537431e-01 4.068160685622326800e-01 6.861909575950045914e-01
7.171576028523376500e-01 2.191240334315753269e-01 5.674070990437634077e-01 3.706665920524473967e-01 6.949775365479060607e-01
7.525727318800158328e-01 2.080172555063784789e-01 5.697930890735731779e-01 3.589754356467071417e-01 6.765567502455134274e-01
7.762475896194036551e-01 1.933460292896691801e-01 5.524500028602618018e-01 3.232361283140330332e-01 6.641152310214255561e-01
7.905658650412121791e-01 1.802410510224829177e-01 5.309009930953207945e-01 2.853135224852006990e-01 6.565163988675940532e-01
8.006687760353088379e-01 1.709942370653152466e-01 5.156961083412170410e-01 2.585555016994476318e-01 6.511546969413757324e-01
