2.099598497152328491e-01 7.175976037979125977e-01 1.506956070661544800e-01 7.852171063423156738e-01 4.764776825904846191e-01
1.895932727623109715e-01 6.901700226293747686e-01 1.397113935493535242e-01 7.853355068665601735e-01 4.583862196019429791e-01
2.196661535772535534e-01 6.807737340597027620e-01 1.292736552106708570e-01 8.059734428059405209e-01 4.516462708324275321e-01
2.541916010559731043e-01 6.802630110372428485e-01 1.192165726005375986e-01 8.310338967069826888e-01 4.507010681178588718e-01
2.882038038171526595e-01 6.531415471978677667e-01 1.167238747381052627e-01 8.188832320000928311e-01 4.265637582217935431e-01
3.097653158238430349e-01 6.385092484495207277e-01 1.372771986924535836e-01 8.085186770969756687e-01 4.056550296793902666e-01
3.326187488121165603e-01 6.344065831249638965e-01 1.585175966137948311e-01 8.055352494367352678e-01 3.882765451177269678e-01
3.590967134702430230e-01 6.380941114529113944e-01 1.830898649671867107e-01 8.056442531969334464e-01 3.690379541813061381e-01
3.800029638647154373e-01 6.442722191040791690e-01 2.091857612668164834e-01 8.059496002142358950e-01 3.539932158739584334e-01
4.010066815272645413e-01 6.474876571827787863e-01 2.445269514898779362e-01 7.999543482577964326e-01 3.455011086366775452e-01
4.226917217531913629e-01 6.454988920281516940e-01 2.807940726575096635e-01 7.894149342856606744e-01 3.429712985035872630e-01
4.400052022527978779e-01 6.420074485683558985e-01 3.081603728704768175e-01 7.796350933976224917e-01 3.413632654954457668e-01
4.573560909978766076e-01 6.368226053562634492e-01 3.370409371476158489e-01 7.622481692173119772e-01 3.359510424219380731e-01
4.695933580390664330e-01 6.306679902155147843e-01 3.606580812647053325e-01 7.303058524938567109e-01 3.245449585826418737e-01
4.692969676327369277e-01 6.253449491552707240e-01 3.710915470989054610e-01 6.857271749328222032e-01 3.108180969043176090e-01
4.634997534941857067e-01 6.257868164867270711e-01 3.801577752331593563e-01 6.523338273162613277e-01 3.097655949050575619e-01
4.658041888304855771e-01 6.330794651836439968e-01 4.031548051394434617e-01 6.207270716075821149e-01 3.240541164342940483e-01
4.790904149026340986e-01 6.385026793663820532e-01 4.291264134264708430e-01 5.901703656399035491e-01 3.373403351768763936e-01
4.975114600537636766e-01 6.396676334706423717e-01 4.514450666880172602e-01 5.677552385552178116e-01 3.457215823144103028e-01
5.246458306156148721e-01 6.394938531575303786e-01 4.719236567440470154e-01 5.527987777647518364e-01 3.537477586218006897e-01
5.302710958012577525e-01 6.277037953510982149e-01 4.968443502231039699e-01 5.408900222890403731e-01 3.832242506341687061e-01
5.311414662681517296e-01 6.047414886607377360e-01 5.227959348597028821e-01 5.233175715851102749e-01 3.983247684524711674e-01
5.534450020627618150e-01 5.858131291998444068e-01 5.423889849962472143e-01 5.074015604691387571e-01 4.100583201147999790e-01
5.745993714249636453e-01 5.593377682631334169e-01 5.439112919717840056e-01 4.909678457736923463e-01 4.262784790662996204e-01
5.703261120438938292e-01 5.345227054427925673e-01 5.256585277610003049e-01 4.750103603382640483e-01 4.414756504918749269e-01
5.533399589945459107e-01 5.104686197334181719e-01 5.053688372003271034e-01 4.552062853266946596e-01 4.537771332955019554e-01
5.438707576576464753e-01 4.798982281797301019e-01 4.944202230244595930e-01 4.369864095537608906e-01 4.675099992819740091e-01
5.536613345190181112e-01 4.474404213100846017e-01 4.970216062466152329e-01 4.311856092858898371e-01 4.840063488062164576e-01
5.740670583176961106e-01 4.215512755105674247e-01 5.092861265800791015e-01 4.362970166619249968e-01 4.954774969719525357e-01
5.869624840552511991e-01 3.877095759505047590e-01 5.178616571228343846e-01 4.483747049802944140e-01 5.085869780298155618e-01
5.811540128538243977e-01 3.520090233125911516e-01 5.131169517100809818e-01 4.542609614122830042e-01 5.312582889629946514e-01
5.715488826336514450e-01 3.288184046820521456e-01 5.043150660478639136e-01 4.506353323750145190e-01 5.542551670386083318e-01
5.574359154716518328e-01 3.065266535213567178e-01 4.904575634298942166e-01 4.435917682474775359e-01 5.859030807311791378e-01
5.453446470854868000e-01 2.883161675169021443e-01 4.760910341738179286e-01 4.435930421022276637e-01 6.239512430489456696e-01
5.424741524344027788e-01 2.711977721472542679e-01 4.655367820498512166e-01 4.470367644334053980e-01 6.568492237694055769e-01
5.495486748311032565e-01 2.449071927021683748e-01 4.649903287897227400e-01 4.446053014937014214e-01 6.923502161116159570e-01
5.805061453854386544e-01 2.279784138479412081e-01 4.922582600406564812e-01 4.263084588365664285e-01 7.025569963350295488e-01
6.173057119295735085e-01 2.334419165212797687e-01 5.051239726997998059e-01 4.184693372912915432e-01 6.955447861899206607e-01
6.594296806954531576e-01 2.366988607376241949e-01 5.171614827009326509e-01 4.159225179505291470e-01 6.890320447151703220e-01
6.933872016644220260e-01 2.301171351753687200e-01 5.308115466526585058e-01 4.132974184901932468e-01 6.871748527836831766e-01
7.268509891589833849e-01 2.152649817664645804e-01 5.447310419788634617e-01 3.985428290478048030e-01 6.896291960725199344e-01
7.511515811419250399e-01 2.016550775779933635e-01 5.481380685191525881e-01 3.651130036473776985e-01 6.882827030676922364e-01
7.680037295127453145e-01 1.917701342867393355e-01 5.414552136974072338e-01 3.277169465269469950e-01 6.763275485748054816e-01
7.871114244247900960e-01 1.798291077110388825e-01 5.276377400228670078e-01 2.878051241329095400e-01 6.616745561186955227e-01
8.006687760353088379e-01 1.709942370653152466e-01 5.156961083412170410e-01 2.585555016994476318e-01 6.511546969413757324e-01
