2.099598497152328491e-01 7.175976037979125977e-01 1.506956070661544800e-01 7.852171063423156738e-01 4.764776825904846191e-01
2.620419119427905841e-01 7.087762030756381559e-01 1.747805673636280144e-01 8.015030400821832046e-01 4.575275307259317747e-01
3.256928952431240587e-01 6.994252012343976643e-01 1.880781902244341441e-01 7.720316432374575433e-01 4.737869302381764181e-01
3.678788701042322584e-01 6.957991229411975009e-01 2.106028828380828721e-01 7.375042071790232079e-01 4.477036731472034403e-01
3.903878259877563983e-01 6.928993111775867408e-01 2.346989209351008632e-01 7.035964138215555774e-01 4.093804065423399807e-01
4.168276172009992564e-01 6.774457202860973970e-01 2.692569433476696972e-01 6.738005261328132711e-01 3.661244820328024008e-01
4.513507733333324001e-01 6.616538510821102781e-01 3.059810109665750399e-01 6.513384176006772330e-01 3.388889725741392467e-01
4.280689118109700098e-01 6.573206628230849891e-01 3.825494709275237271e-01 6.422322979843387847e-01 3.539792682232796306e-01
4.509843923715776692e-01 6.351008955896175756e-01 4.178603467523197557e-01 6.010112089793483436e-01 3.574712515366570975e-01
4.840673406016724467e-01 6.052424753834316773e-01 4.452489717937163638e-01 5.572356946646642717e-01 3.584354016410824517e-01
5.285889905925748034e-01 5.794946687555107001e-01 4.713060724671097046e-01 5.426426458527098262e-01 3.644819102720871506e-01
5.687916284919494192e-01 5.611405269774327742e-01 5.048513982441696912e-01 5.120926480341525533e-01 3.762668162727811350e-01
6.139550461438457729e-01 5.383996343938057816e-01 5.368640793464974914e-01 4.728655276597437118e-01 3.937859478621130171e-01
6.548835722647651236e-01 5.121387780253069399e-01 5.513410451732212447e-01 4.444993417780242484e-01 4.142067474781632175e-01
6.855522556312818594e-01 4.778181919641525943e-01 5.566797907321293648e-01 4.244613845444315525e-01 4.422032232603396174e-01
6.908233159520926758e-01 4.273206285525325554e-01 5.641510160540522678e-01 4.124578343986223250e-01 4.804427314969823559e-01
6.898119928811912160e-01 3.722137320434398267e-01 5.680284393582872848e-01 4.150766709930663323e-01 5.216532992637626931e-01
6.892178349274342697e-01 3.569228303322527496e-01 5.618416490578967970e-01 4.230571366239341824e-01 5.867928539193427717e-01
6.925049453255726073e-01 3.357045152038987679e-01 5.490012870774494402e-01 4.231448334391705868e-01 6.398192565374798413e-01
6.875913719938950841e-01 3.081599571191325215e-01 5.317924187463561880e-01 4.140242880944849380e-01 6.905180677466400407e-01
6.369150666698853991e-01 2.705655675952012840e-01 5.003504114003125558e-01 4.208212549360214050e-01 7.271340852590250092e-01
6.044070025078078778e-01 2.379380428658673940e-01 4.846587132245404606e-01 4.403497790065511452e-01 7.486277126534685022e-01
6.616003881657342989e-01 2.204011569909364865e-01 5.170604292258936807e-01 4.573759282050935404e-01 7.535984751570783402e-01
7.100291921982985199e-01 2.046572704485735694e-01 5.324248238693715107e-01 4.067937599255976866e-01 7.301463604744538038e-01
7.361365487502800065e-01 1.926030859573299447e-01 5.201766060366389555e-01 3.401413159745136361e-01 6.954266156928354814e-01
7.746503139300733309e-01 1.797066128764176485e-01 5.175025803073253217e-01 2.914497238012943581e-01 6.690044952332154793e-01
8.006687760353088379e-01 1.709942370653152466e-01 5.156961083412170410e-01 2.585555016994476318e-01 6.511546969413757324e-01
