2.099598497152328491e-01 7.175976037979125977e-01 1.506956070661544800e-01 7.852171063423156738e-01 4.764776825904846191e-01
2.219033853876329343e-01 7.175114280628522856e-01 1.350676454504960711e-01 8.053098242327181300e-01 4.597521489821208562e-01
2.527470250953361974e-01 7.122663907782333936e-01 1.433457299047384004e-01 8.244692247210259062e-01 4.488918457978076648e-01
2.789917766021722811e-01 6.996151560897795330e-01 1.613212081577204138e-01 8.256067957545608627e-01 4.187185526583626638e-01
2.989678383805692841e-01 6.877398541635154627e-01 1.731301696727020889e-01 8.174650310943498699e-01 3.961017381679338145e-01
3.188723403894561104e-01 6.767761154030195181e-01 1.819966889490054474e-01 8.075937670004775804e-01 3.775263319340730894e-01
3.435000646961624549e-01 6.654999807554007329e-01 1.966052675187209831e-01 7.941070148626317993e-01 3.570981251657456834e-01
3.727026313462049045e-01 6.579622520930933360e-01 2.196179468222748954e-01 7.866977668062131723e-01 3.366752967644393579e-01
3.995749033278918616e-01 6.542829502946672093e-01 2.442794898995348241e-01 7.839624668147285869e-01 3.248622967418583474e-01
4.240672737214981058e-01 6.521445426424881120e-01 2.746735269552689207e-01 7.751429506700133754e-01 3.214801896180676244e-01
4.396498199405172169e-01 6.500082917708869257e-01 3.088462801012764047e-01 7.559610489104394704e-01 3.225318590769785665e-01
4.466169466948677891e-01 6.471028618447562941e-01 3.386221209493400219e-01 7.337644353777538209e-01 3.223353827177731223e-01
4.510712541949224441e-01 6.433989734634618651e-01 3.677309585085123955e-01 7.053249407030744988e-01 3.205627441181259640e-01
4.556519607812949957e-01 6.405195865137766065e-01 3.899072744467444451e-01 6.759666132032176034e-01 3.213690181662816059e-01
4.641554668719783949e-01 6.370775081816448804e-01 4.074172060734106982e-01 6.434311402510080047e-01 3.289399253691789871e-01
4.803521658039467401e-01 6.303963750879886252e-01 4.205754332153029407e-01 6.113418513832222789e-01 3.431613175704736896e-01
5.018906688076721911e-01 6.221310240783999301e-01 4.299243625132684876e-01 5.855090719430344759e-01 3.565019114304694980e-01
5.268648510480026248e-01 6.164548119144093175e-01 4.384264317851286896e-01 5.642159894057439118e-01 3.643883056244568985e-01
5.443368004073394495e-01 6.134038451943073511e-01 4.626527324702137678e-01 5.397789194491854348e-01 3.883186515173442932e-01
5.316887132312712039e-01 5.983370483346412971e-01 4.751377297728816007e-01 5.299529589391807072e-01 4.179134551477169945e-01
5.216705715404639232e-01 5.747929567370161363e-01 4.852216736351592230e-01 5.167892467690283764e-01 4.457585231646400969e-01
5.283911534619998296e-01 5.492781003070164036e-01 5.001692076936967712e-01 5.007161909363053720e-01 4.700503480435711534e-01
5.319722441002247004e-01 5.134540187880184403e-01 4.994525573654343686e-01 4.931917111664941844e-01 4.812344782558031220e-01
5.097670902240333257e-01 4.917691677662415217e-01 4.757874466801238489e-01 4.958202050022673668e-01 4.778842460185137031e-01
4.882740563642936071e-01 4.744411792919742132e-01 4.489150590826508913e-01 4.901273239720853048e-01 4.812556991213876034e-01
4.827734711933951983e-01 4.561034436986558527e-01 4.304509108832629272e-01 4.750592117277875892e-01 4.947342012119612664e-01
4.997657450085183917e-01 4.318620336765842671e-01 4.294138699702498285e-01 4.592047187244603368e-01 5.122955355495188989e-01
5.239677245752948354e-01 4.118130030927805718e-01 4.414152628905460007e-01 4.541064966725795737e-01 5.207853248352078968e-01
5.529293822343465115e-01 3.879353352713325043e-01 4.580608025030635244e-01 4.530783356720713417e-01 5.253257113579306026e-01
5.736951714892510878e-01 3.579503624196818667e-01 4.743738496036916108e-01 4.554455879498152671e-01 5.323587307107838784e-01
5.665731185428677374e-01 3.306381111152998376e-01 4.819385325732301051e-01 4.593885834652091660e-01 5.590896926021383662e-01
5.480010846296633487e-01 3.195236003205705333e-01 4.707742863820800205e-01 4.586366238392182715e-01 5.963536830863584992e-01
5.454857221799119804e-01 3.077208174241387040e-01 4.599762860977345547e-01 4.623410938709685003e-01 6.316348555945378029e-01
5.593461591759621987e-01 2.943832737202450311e-01 4.648632641293471979e-01 4.698746879215796590e-01 6.623004843211508508e-01
5.804837994492667574e-01 2.828654046407594880e-01 4.843691887927849549e-01 4.743449512741555463e-01 6.826640884592378722e-01
5.995073595457692806e-01 2.642188168398821313e-01 5.044138598695010467e-01 4.693766280860486306e-01 6.975415830963380692e-01
6.267982015445553445e-01 2.333133558269724350e-01 4.991957247189167668e-01 4.522446964759919141e-01 7.048501855567894658e-01
6.641209561906120662e-01 2.301628278117553716e-01 5.090512217450418042e-01 4.535550866248808100e-01 7.055102857112799386e-01
6.952469179787764686e-01 2.308819883323544597e-01 5.240170558742318629e-01 4.484544639458846182e-01 7.015675047725514757e-01
7.083044265618334556e-01 2.252395930528494905e-01 5.384578466177272205e-01 4.173551167924424710e-01 6.870291041926138709e-01
7.094599697681525097e-01 2.096232184508224072e-01 5.351247156415144257e-01 3.758000152416456352e-01 6.751617744885015648e-01
7.284049689750614620e-01 1.983617577258613429e-01 5.302060421228440568e-01 3.436605500156246773e-01 6.683082692577051453e-01
7.543097333138232274e-01 1.874572109980586487e-01 5.247588123502303636e-01 3.111434891940080272e-01 6.617786004909208541e-01
7.795665421143551654e-01 1.784880399259663186e-01 5.198213725556554143e-01 2.824930972233536397e-01 6.559906056378306261e-01
8.006687760353088379e-01 1.709942370653152466e-01 5.156961083412170410e-01 2.585555016994476318e-01 6.511546969413757324e-01
