2.099598497152328491e-01 7.175976037979125977e-01 1.506956070661544800e-01 7.852171063423156738e-01 4.764776825904846191e-01
2.508304636170561319e-01 7.102334162929341277e-01 1.577930557968185432e-01 7.819880467941431323e-01 4.652116282347275589e-01
2.929298580436624500e-01 7.045775338340437566e-01 1.623959809955473343e-01 7.812977334059222345e-01 4.559202621145044820e-01
3.379872479946269270e-01 7.151979771157206400e-01 1.786563457258189824e-01 7.837623327732350376e-01 4.425343790104701025e-01
3.652388791004385071e-01 7.137913527742010267e-01 2.057750525134343644e-01 7.717531643405370900e-01 4.217702163238174484e-01
3.762420669268251028e-01 7.125420481271623752e-01 2.372957753604994502e-01 7.524345790776658660e-01 3.944083805716797064e-01
3.762859789319115689e-01 7.152910100938397742e-01 2.647712268457294016e-01 7.345947959128134030e-01 3.689675511557471976e-01
3.781930872095917162e-01 7.164256190769613397e-01 2.830639391826599849e-01 7.250019555404143556e-01 3.222157920499933437e-01
3.949939088553441335e-01 7.086363226064615883e-01 2.836141677847499043e-01 6.990896307313765323e-01 2.792000509679746778e-01
4.069939306042472116e-01 7.055238871990777705e-01 2.852614224595470538e-01 6.696353547378502968e-01 2.472087053322097605e-01
4.204858461875531916e-01 6.923132087001625523e-01 3.107995770512023692e-01 6.432884809343987209e-01 2.260330986862744695e-01
4.389083401741216695e-01 6.803181178256648698e-01 3.469262289730317139e-01 6.323473501352450121e-01 2.265122194613327922e-01
4.614084326133273684e-01 6.706095654791216498e-01 3.877466279038814245e-01 6.321237969362420994e-01 2.356662349064878037e-01
4.791501418485296648e-01 6.576238504544607011e-01 4.268146616242189384e-01 6.344052383575833343e-01 2.448865010193289338e-01
4.877074748542128968e-01 6.350731948507422064e-01 4.661999143600213391e-01 6.250434854243738236e-01 2.524138891239429139e-01
4.863094695222372477e-01 6.097093414371236308e-01 4.925336727324716724e-01 6.029692514345896814e-01 2.608762820252066850e-01
4.826498571996263309e-01 5.791661223838073802e-01 5.079021865975231753e-01 5.723935498794843202e-01 2.802420147647735615e-01
4.781156471675750419e-01 5.494948481183511424e-01 5.082179702263769361e-01 5.452960402504984927e-01 3.090986829024839899e-01
4.735322401848133245e-01 5.278132781669772067e-01 5.035730817576108409e-01 5.271514615087555811e-01 3.339193076431886120e-01
4.777130184784903477e-01 5.033231842066470119e-01 5.003049429742658649e-01 5.046344622140617187e-01 3.691782825624324027e-01
5.061088774382065392e-01 4.911677517807465643e-01 5.011202266635561564e-01 4.903686626598794396e-01 3.998029261990607708e-01
5.502956951391350104e-01 4.872832027936112032e-01 5.018459824402401459e-01 4.844239436549382938e-01 4.193969127499325156e-01
5.868704839946948804e-01 4.785884639525884721e-01 5.120859968623610037e-01 4.740003290514526180e-01 4.321219987631382820e-01
6.157251909103300669e-01 4.549876458401909685e-01 5.385635604666537679e-01 4.528660568280283294e-01 4.510342348792330536e-01
6.261559911136959089e-01 4.214978054275491104e-01 5.526938848037398211e-01 4.451078111720209174e-01 4.755206611099199177e-01
6.424466391201723026e-01 3.857936918412335214e-01 5.598269281504589800e-01 4.563001001979160587e-01 5.079873579571002606e-01
6.757916160753335566e-01 3.682656029759160954e-01 5.678549024456029937e-01 4.694877566354845877e-01 5.438630487521364243e-01
6.906975321718901162e-01 3.557772066258084731e-01 5.659550835989403117e-01 4.732721111888799626e-01 5.848206114260935395e-01
6.888375423227949268e-01 3.422501924589065325e-01 5.715475774237980255e-01 4.675480997071371214e-01 6.270106846873703121e-01
6.863149262686881746e-01 3.210345745316909860e-01 5.830891552021187918e-01 4.517264922270075589e-01 6.659833957268354032e-01
6.875278846909457231e-01 2.994123466988784510e-01 5.877190476556989340e-01 4.403667677780196965e-01 6.984547959236075965e-01
6.935587121897831553e-01 2.671108572554954375e-01 5.804511598567114739e-01 4.339919915494632185e-01 7.280047249985291957e-01
7.078353762008359196e-01 2.324761947741450230e-01 5.637138515641855196e-01 4.311960095546215621e-01 7.320641708869067843e-01
7.307824208701981794e-01 2.045659591954681333e-01 5.376953093731707822e-01 4.179189541974669964e-01 7.034662277406275033e-01
7.410973000555252099e-01 2.013394413915636505e-01 5.239780030742586803e-01 3.817746912398881642e-01 6.767971396785058547e-01
7.596357259566736131e-01 1.879289114562762153e-01 5.180075093765844629e-01 3.320343921359514838e-01 6.642433917662953213e-01
7.833932005325019432e-01 1.781240079572144752e-01 5.166692454350286789e-01 2.894912989937177272e-01 6.566652484418800118e-01
8.006687760353088379e-01 1.709942370653152466e-01 5.156961083412170410e-01 2.585555016994476318e-01 6.511546969413757324e-01
