2.099598497152328491e-01 7.175976037979125977e-01 1.506956070661544800e-01 7.852171063423156738e-01 4.764776825904846191e-01
2.220208876304655132e-01 6.847006449349890556e-01 1.303942351491019502e-01 7.962241152856102122e-01 4.423816160033310907e-01
2.698544746132772176e-01 6.736852251454027440e-01 1.352355749873564161e-01 8.282206443952784269e-01 4.228735417635730576e-01
3.174743585284469649e-01 6.841915401994586032e-01 1.641187965201695020e-01 8.182640294417372617e-01 4.151232522377882872e-01
3.528255650824024814e-01 6.920310212663683958e-01 2.053160456025149294e-01 7.951340440874813398e-01 4.147500206689453961e-01
3.756007529073276396e-01 6.850406118254940280e-01 2.437988060306929827e-01 7.589025861860807520e-01 4.113255072413329327e-01
3.784040784107827737e-01 6.751965329523723636e-01 2.638021419579081317e-01 7.233426227622884452e-01 3.839527641593007412e-01
3.737328491450624401e-01 6.699953799475453220e-01 2.692588320739796592e-01 6.959194469962419749e-01 3.375042454607363185e-01
3.935169790202693862e-01 6.687587974444759720e-01 2.799656114176843902e-01 6.812046356511347600e-01 2.811878727301232450e-01
4.115007844276880045e-01 6.577384595195424621e-01 3.087888005320461038e-01 6.612798044468323200e-01 2.472071605528708416e-01
4.240717574871127882e-01 6.414507741882713443e-01 3.589364867129238856e-01 6.431224739380891897e-01 2.336786770581986694e-01
4.368495636726037468e-01 6.194744585267567549e-01 3.967148638958530316e-01 6.235594650952102080e-01 2.313454510365008654e-01
4.595048931812547588e-01 5.896974247094937116e-01 4.308108982137164311e-01 5.914839966992714304e-01 2.354483797047967342e-01
4.834394953316943910e-01 5.690027267086626983e-01 4.624477777404143453e-01 5.565523538850357665e-01 2.459756838854575134e-01
4.945275469179637451e-01 5.553894019275771310e-01 4.765852357256127880e-01 5.202607629334394801e-01 2.833287891665154934e-01
5.033418784889961417e-01 5.466711976781141180e-01 4.772355566730256959e-01 4.921569310503276506e-01 3.310527422760993765e-01
5.350504956910473453e-01 5.459912603959452548e-01 4.761996798506640816e-01 4.902882816990775661e-01 3.635662734438763755e-01
5.820086646711728484e-01 5.472953756595003716e-01 4.909677950003293878e-01 4.956338708281721184e-01 3.789104760937689886e-01
6.339105689661279630e-01 5.415856844726829600e-01 5.197117559501955864e-01 5.047184345696622554e-01 3.759634787427302838e-01
6.541105819544673627e-01 5.233408692932881578e-01 5.585869412748433183e-01 4.961268180221465318e-01 4.114280319130143582e-01
6.328047562697795003e-01 5.061641640821290533e-01 5.793668750948524071e-01 4.832691066199997776e-01 4.594979978009858801e-01
6.062579220214019404e-01 4.810364593114921927e-01 5.820001215713418441e-01 4.806261724489447329e-01 5.024581862608499261e-01
5.972547135689174613e-01 4.440916207313813091e-01 5.819423075897387498e-01 4.848114147321874734e-01 5.392550033795765474e-01
6.011674664532755674e-01 3.941213132492663029e-01 5.826795091637170243e-01 4.730622210008592621e-01 5.407903639096017789e-01
6.329760807302685643e-01 3.560295892794196337e-01 5.758507894373545710e-01 4.331761206461646752e-01 5.460287573856490440e-01
6.661808170315892674e-01 3.323247767282226373e-01 5.771268114012950701e-01 4.303962618958934172e-01 5.904260977590368720e-01
6.924528878329748727e-01 3.115679438144730029e-01 5.819114130176323840e-01 4.391236885452298733e-01 6.222250689978259253e-01
7.230960351380166795e-01 2.787445139981167830e-01 5.797534694134454103e-01 4.500129803445530041e-01 6.532994062502787136e-01
7.385074703264982166e-01 2.372446732103803968e-01 5.580340251100420756e-01 4.512827865352748158e-01 6.720222262223831677e-01
7.693247560756727443e-01 2.061544358166256252e-01 5.280857056369607783e-01 4.243684819452431256e-01 6.903866630669692750e-01
7.881180023329759088e-01 1.942261602637034290e-01 5.171249994759253843e-01 3.635684749033032404e-01 6.700602267372461895e-01
7.953664659806772841e-01 1.808089993170119980e-01 5.162997702357128293e-01 3.029202043776635933e-01 6.591416930503206650e-01
8.006687760353088379e-01 1.709942370653152466e-01 5.156961083412170410e-01 2.585555016994476318e-01 6.511546969413757324e-01
