2.099598497152328491e-01 7.175976037979125977e-01 1.506956070661544800e-01 7.852171063423156738e-01 4.764776825904846191e-01
2.408257098162265852e-01 7.112892250853971587e-01 1.325747305394555930e-01 8.011165067270836770e-01 4.709014590905762909e-01
2.805121936049515541e-01 6.964034035719531834e-01 1.247783266267464136e-01 8.188006392520990051e-01 4.522422341038012661e-01
3.109978027618351959e-01 6.626362054764207699e-01 1.225376420937531741e-01 8.012801387044389267e-01 4.320978514240351731e-01
3.436466778164472546e-01 6.591948103257705416e-01 1.465384219372962149e-01 7.766860609649912650e-01 4.249196307834971487e-01
3.687339513145987402e-01 6.594545021561357689e-01 1.754853140923674504e-01 7.567685271062598584e-01 4.164698497372604780e-01
3.840347526830368841e-01 6.700169086104202920e-01 2.110190359103470970e-01 7.344612061790125601e-01 4.012933176077879138e-01
3.774795357822959829e-01 6.907614254036792412e-01 2.402612080172262798e-01 7.150581707993803882e-01 3.708151830224560852e-01
3.604806976891837267e-01 7.015942770497064496e-01 2.549819364616875972e-01 7.043831135066430660e-01 3.376977606221161499e-01
3.395609921959296673e-01 7.088178287852506809e-01 2.841661508603146036e-01 6.893461016599489177e-01 3.059974812083338103e-01
3.328847357509161498e-01 7.133226601309483605e-01 3.296359938376470233e-01 6.737044078555342042e-01 3.020316615179194919e-01
3.530263907093564302e-01 7.098565510997790762e-01 3.696599743908187685e-01 6.655313820209097786e-01 3.074382376548672191e-01
3.801683556051257407e-01 7.028469301544109094e-01 3.942503705256861779e-01 6.620569785939185437e-01 3.093955678902137185e-01
4.169883101355273958e-01 6.907471053099653036e-01 4.241797561791937898e-01 6.557592700683803066e-01 3.098751113690284553e-01
4.496664445342417604e-01 6.731757806660141341e-01 4.532876315096785458e-01 6.442697874658019908e-01 3.052335632331207860e-01
4.814978736640615486e-01 6.466804237523396948e-01 4.840649763418722329e-01 6.260581657987265292e-01 2.905593740922628454e-01
5.054999356843150604e-01 6.269950473477066133e-01 5.051739697965064169e-01 6.121083359084139586e-01 2.752709290473306369e-01
5.232524690785496091e-01 6.143727967763243925e-01 5.423835871351604387e-01 5.898104343996050103e-01 2.883121686714112952e-01
5.277300402481077679e-01 6.013699383873719606e-01 5.643368149819739665e-01 5.622758139592463067e-01 3.212891836252217970e-01
5.373403426955356554e-01 5.845789076051092215e-01 5.665139019170091217e-01 5.358011484849151129e-01 3.466332928622847809e-01
5.549749517650378605e-01 5.608671487928388322e-01 5.643388184923788797e-01 5.035232658025157182e-01 3.702728453827591748e-01
5.724757666541573364e-01 5.358373412513807166e-01 5.633395596485160084e-01 4.774322943235971839e-01 3.867512894702935800e-01
5.931914318941352571e-01 5.017161534875120843e-01 5.637663365567473495e-01 4.504888989140589106e-01 4.045625714167718767e-01
6.123878937227503760e-01 4.560452567918293343e-01 5.624373272561882242e-01 4.229480994776911862e-01 4.246565530649111797e-01
6.186400113828529612e-01 4.234335135984864107e-01 5.548478751764484018e-01 4.077467283633931516e-01 4.513986875055155390e-01
6.291775993444330695e-01 4.019117511080644300e-01 5.450533379052203697e-01 4.017759322565646052e-01 4.926465909654659803e-01
6.453939833409891857e-01 3.890176189537177809e-01 5.391579398816569446e-01 4.030122655671278808e-01 5.260904924331749610e-01
6.681936468947894392e-01 3.650483564492645883e-01 5.390545938624028421e-01 4.031042994736049878e-01 5.633766145463960928e-01
6.820797841605322764e-01 3.325379394509945796e-01 5.506410755158593906e-01 3.968064413100554910e-01 5.950729892211800154e-01
6.748576854181018714e-01 3.077077679310505909e-01 5.563396847917366772e-01 3.977920633221304625e-01 6.300280482380915537e-01
6.510704367774593493e-01 3.097154580264734891e-01 5.430745352565840012e-01 4.169145659168558837e-01 6.646306249321227710e-01
6.659771868450843346e-01 3.076363829750806689e-01 5.386433893121659322e-01 4.384989726477903638e-01 6.966534276842852869e-01
7.033128470167515633e-01 2.973506209440874293e-01 5.505949804520541280e-01 4.465749184599161481e-01 7.190005349341899166e-01
7.387456248373313050e-01 2.813366694704566573e-01 5.647507666242836954e-01 4.458889591214019732e-01 7.402003876107382530e-01
7.621850046309983640e-01 2.553897265897443480e-01 5.674362370654937315e-01 4.253267133715787907e-01 7.213978277580854748e-01
7.575262090601039278e-01 2.454179917904050212e-01 5.638699681503238637e-01 3.952475303502829829e-01 6.911733447069224878e-01
7.430715254570560147e-01 2.424870747540733840e-01 5.485838412793510033e-01 3.629688766417413226e-01 6.682641490514171778e-01
7.709030214852568008e-01 2.107623386685175682e-01 5.295247037697734527e-01 3.350360329483110244e-01 6.609252662266174028e-01
7.868492771516832907e-01 1.894575766989615995e-01 5.221163809657761723e-01 2.940635085411862915e-01 6.556909290433619031e-01
8.006687760353088379e-01 1.709942370653152466e-01 5.156961083412170410e-01 2.585555016994476318e-01 6.511546969413757324e-01
