2.099598497152328491e-01 7.175976037979125977e-01 1.506956070661544800e-01 7.852171063423156738e-01 4.764776825904846191e-01
1.737347702206996636e-01 6.943990641490164206e-01 1.299322850536225316e-01 7.826627713771692196e-01 4.723114863393763074e-01
2.000955768770380228e-01 6.765893511368811231e-01 1.139831551322675468e-01 7.837587978592970295e-01 4.419510760650650072e-01
2.346382190698378389e-01 6.741163966058476564e-01 1.500387017371383191e-01 7.754874519915876396e-01 4.293912443961974135e-01
2.741768332171706790e-01 6.738789066936694550e-01 1.786780017845483182e-01 7.625904013752072830e-01 4.160215650659961351e-01
3.176264710808287539e-01 6.720930795274819847e-01 2.087416808072261598e-01 7.454344736455915665e-01 3.963416711091201083e-01
3.463374923819586559e-01 6.705501991148025143e-01 2.283617502663650711e-01 7.332393277029638501e-01 3.813811841065908315e-01
3.753068615124670604e-01 6.712891867515934363e-01 2.468272672786867017e-01 7.172354069354434092e-01 3.472353384740139437e-01
3.941549241275264515e-01 6.669008320379186117e-01 2.586021941630495813e-01 6.923354597247334263e-01 3.116161998185357218e-01
4.117297436527654897e-01 6.611307582463648025e-01 2.847176394593740056e-01 6.632827896249713362e-01 2.896821574895995788e-01
4.298758370281789420e-01 6.595816955474336218e-01 3.274929140129580474e-01 6.445121755086161697e-01 2.774893759036014540e-01
4.475478813982409210e-01 6.602362956530181126e-01 3.754885017681098835e-01 6.351462596003663030e-01 2.639911839613461320e-01
4.638907834898662319e-01 6.580587222571336881e-01 4.161430581192264722e-01 6.324836523782391140e-01 2.590299399151095860e-01
4.850512121223832240e-01 6.368477343604009855e-01 4.556042515674297300e-01 6.324337717650131419e-01 2.668252126539569780e-01
4.992270057601415068e-01 5.984666144800022680e-01 4.839054049022724624e-01 6.191681984154656648e-01 2.775376668937318270e-01
5.034431761141193729e-01 5.658344814207325602e-01 5.014763486728585073e-01 5.920932092724384699e-01 2.981489665736046235e-01
5.023043117773610122e-01 5.431806988965125482e-01 5.066248158860413575e-01 5.623540552413824889e-01 3.343248685549151111e-01
5.024391149983729044e-01 5.284743555028809103e-01 5.054070266935449807e-01 5.379016945203660693e-01 3.707567677737660938e-01
5.189311429562566413e-01 5.209708928858002297e-01 5.114907352305343435e-01 4.975612146790633905e-01 4.017836762595632938e-01
5.563384887937699030e-01 5.219998538282408784e-01 5.257526647029960865e-01 4.618445265843248992e-01 4.020010127735846317e-01
5.972528435447622686e-01 5.107234257892020457e-01 5.334942529622102025e-01 4.466150379556595440e-01 4.040967746652777692e-01
6.307400237827965883e-01 4.798960804156675031e-01 5.391042796556478889e-01 4.578279741013757120e-01 4.271306546554662353e-01
6.423168049752472353e-01 4.479702399687168768e-01 5.626459464307872471e-01 4.517417336193833566e-01 4.519052986630213709e-01
6.535754538850209183e-01 4.142366357787453657e-01 5.701951172461653394e-01 4.378016576715969554e-01 4.763385011700648208e-01
6.462802139946806079e-01 3.808947326695945601e-01 5.667909681594812676e-01 4.332235141101939413e-01 5.067282808671336181e-01
6.334151330741016883e-01 3.508418530378387690e-01 5.675192269414573998e-01 4.344409978574455544e-01 5.449519539309284344e-01
6.424050772037878110e-01 3.323322201992668368e-01 5.780203718902804377e-01 4.353757885255252202e-01 5.828209102824576382e-01
6.639876321173968643e-01 3.141582796007206801e-01 5.893959551554698306e-01 4.371108252713153952e-01 6.279075348005199730e-01
6.696457747101371982e-01 2.948262531928507735e-01 5.903301952337750569e-01 4.461789692145597397e-01 6.736443511008967100e-01
6.552211712276496680e-01 2.804762493169793425e-01 5.828450200037679219e-01 4.599348080024374119e-01 7.125617872437204348e-01
6.670852350656908403e-01 2.572218519956014915e-01 5.727171718294704617e-01 4.678339109748214653e-01 7.555803870725434912e-01
7.162223533195237746e-01 2.336904070246763887e-01 5.616252608445343464e-01 4.474388172994971380e-01 7.622796718388460402e-01
7.349946975907530877e-01 2.218690337009702751e-01 5.416902527605482742e-01 4.168706002339843120e-01 7.422904473932432357e-01
7.429807053951891227e-01 2.123483093085809792e-01 5.285060242036554445e-01 3.834892164248098201e-01 7.114773069252597892e-01
7.622026007732946029e-01 1.930232903003938072e-01 5.245840381132059749e-01 3.384529700762989868e-01 6.829240433515582076e-01
7.845701024375932864e-01 1.802137275730818500e-01 5.194158407914554187e-01 2.919937953671026265e-01 6.644506468190682913e-01
8.006687760353088379e-01 1.709942370653152466e-01 5.156961083412170410e-01 2.585555016994476318e-01 6.511546969413757324e-01
