2.099598497152328491e-01 7.175976037979125977e-01 1.506956070661544800e-01 7.852171063423156738e-01 4.764776825904846191e-01
2.266156041277402333e-01 7.004984207490774217e-01 1.445545825259721695e-01 7.924485228817713667e-01 4.572603014114287046e-01
2.479289219819847678e-01 6.829810318473823472e-01 1.339776716987042815e-01 8.105924703915313723e-01 4.400357415008986361e-01
2.856533110779725382e-01 6.829548656958384090e-01 1.211329018051938988e-01 8.233263273913590252e-01 4.422871999868530635e-01
3.129567264963579731e-01 6.796142408425019932e-01 1.275723250078971971e-01 8.098528858933754515e-01 4.262813070400517379e-01
3.423873839818851184e-01 6.734539951577563910e-01 1.391306553541862834e-01 7.977535989445679876e-01 4.024767864188109612e-01
3.522894754491018299e-01 6.619621498771376400e-01 1.638054144692894232e-01 7.798225785618131400e-01 3.774770490438525972e-01
3.639540154779906111e-01 6.564114780487226852e-01 1.821388669894571377e-01 7.733525084962590279e-01 3.472630094758335506e-01
3.784124153408494617e-01 6.568380943886708012e-01 1.952256148539225356e-01 7.670711755065936499e-01 3.149379880055032110e-01
3.922539501817109420e-01 6.589414417450863981e-01 2.159564745931332463e-01 7.517460875409027743e-01 2.905668400661678974e-01
4.026802973311494616e-01 6.594733566320860607e-01 2.450722753772849316e-01 7.312182196080547758e-01 2.799517982876187361e-01
4.109013063291410695e-01 6.579653255197374095e-01 2.806708579655389779e-01 7.078394948026716094e-01 2.770271567354826714e-01
4.164686005059373697e-01 6.561977755138127533e-01 3.091482498036347004e-01 6.898267968911253600e-01 2.768998714682534557e-01
4.227162193471493690e-01 6.537415367420512657e-01 3.433524168484480277e-01 6.703664585386059915e-01 2.790520368231392268e-01
4.345888373549284811e-01 6.516334154652718702e-01 3.821891042508565595e-01 6.502610976981353375e-01 2.863803442522676046e-01
4.515809480462477654e-01 6.515506565948334661e-01 4.098196453859385691e-01 6.335423980622902906e-01 2.955161222441372582e-01
4.753956654031991635e-01 6.518513141026075486e-01 4.327025022636291074e-01 6.121528318079784148e-01 3.067672999327432093e-01
4.946252072249117671e-01 6.485348293353657700e-01 4.502975450472720409e-01 5.882468968936559461e-01 3.197893402902811100e-01
5.023330493467825786e-01 6.386959460049583814e-01 4.639440673267133941e-01 5.633136597518497712e-01 3.406195553376687446e-01
4.946747376619761161e-01 6.259037831790874584e-01 4.689311969964474192e-01 5.466170788041458950e-01 3.676068765237663905e-01
4.856132536133170308e-01 6.029717747418640306e-01 4.840297248778903660e-01 5.253935028608160973e-01 3.957064766669806666e-01
4.922083983989413714e-01 5.816217864983583841e-01 4.968711420761788289e-01 5.023523674035607067e-01 4.097700563788428951e-01
4.981875560748319498e-01 5.566617551194803504e-01 5.005876995638232074e-01 4.827144334502987411e-01 4.270768951697305749e-01
5.068158510867122324e-01 5.221830105819242895e-01 5.046228057011395984e-01 4.609247367432530718e-01 4.443737309633093435e-01
5.181450340810100919e-01 4.912184073745997637e-01 5.113951568641587064e-01 4.410172399384607034e-01 4.544475926199414428e-01
5.308123459900114804e-01 4.669552040151618288e-01 5.164012734004042038e-01 4.399452287305364862e-01 4.697306332127161865e-01
5.526073192115714683e-01 4.598570291304874824e-01 5.164700042629077892e-01 4.593393626803969343e-01 4.907923636823799396e-01
5.830546109530773125e-01 4.448711286053548819e-01 5.235081649540648252e-01 4.600423967554675420e-01 5.118579179798058432e-01
6.051842470545627517e-01 4.235591960234401099e-01 5.353650692102919217e-01 4.508666827870143057e-01 5.305140059318853574e-01
6.134910688736222584e-01 3.933875645064909832e-01 5.456083592688598660e-01 4.372215338829575360e-01 5.510743246916980365e-01
6.072504783341676760e-01 3.587492983890541165e-01 5.421364004656263891e-01 4.327067306403559188e-01 5.817914942034716486e-01
6.019222041854174199e-01 3.329013297049375764e-01 5.332734639861611559e-01 4.360438111510465675e-01 6.102302895912448122e-01
5.944417057543956995e-01 3.113314427122741423e-01 5.262698858323640039e-01 4.376285492960325096e-01 6.363556989989497259e-01
5.762358961220089837e-01 2.928304917519161665e-01 5.240951031085011591e-01 4.339565976939657732e-01 6.663041451363231893e-01
5.767160657835601612e-01 2.713559609387306559e-01 5.279245716354609153e-01 4.287647271964605822e-01 6.968656382940365823e-01
6.082026662428265951e-01 2.546046676554596933e-01 5.364741537108763669e-01 4.168019720966582020e-01 6.985095666441867301e-01
6.449039302442686195e-01 2.472418010643384345e-01 5.434399439692023659e-01 4.097256732963411308e-01 6.857097524237505404e-01
6.818855266379179048e-01 2.442658779966645211e-01 5.477526621482159408e-01 4.080375991079345233e-01 6.750572814916931952e-01
7.161457392995024263e-01 2.416871473898468126e-01 5.478648006140927063e-01 3.930286091339774135e-01 6.787245249794133795e-01
7.472241078601595810e-01 2.292175782276260065e-01 5.631601065777300796e-01 3.645580731862329560e-01 6.828412898426649003e-01
7.694799086924987153e-01 2.158171313641962241e-01 5.592107028420795212e-01 3.376954873251580280e-01 6.736085188057255868e-01
7.830488120311374090e-01 2.002570679013048749e-01 5.460257656133759019e-01 3.095433705984000916e-01 6.652794914864880171e-01
7.925326401986592106e-01 1.845065442749181106e-01 5.297010297693702796e-01 2.820994900574795849e-01 6.576769149809014170e-01
8.006687760353088379e-01 1.709942370653152466e-01 5.156961083412170410e-01 2.585555016994476318e-01 6.511546969413757324e-01
