2.099598497152328491e-01 7.175976037979125977e-01 1.506956070661544800e-01 7.852171063423156738e-01 4.764776825904846191e-01
1.938229354180703856e-01 6.802111074440823080e-01 1.477990572467013652e-01 7.974612740816175993e-01 4.518631899223577997e-01
2.216395299855364875e-01 6.612254411300212409e-01 1.283769587771214915e-01 8.203071871125721115e-01 4.640497515071293488e-01
2.530162844156357838e-01 6.605845249695533328e-01 1.115493587975868450e-01 8.344323181735303629e-01 4.621622575369233599e-01
2.909053711595612768e-01 6.602202672591194199e-01 1.122240406076265712e-01 8.487849399179728804e-01 4.540907025832377486e-01
2.998304149280270336e-01 6.438863613430888533e-01 1.481212154910863110e-01 8.359294217353692158e-01 4.403726018028514821e-01
3.050930838472189488e-01 6.359327560780625443e-01 1.811333958302865921e-01 8.247149872836032625e-01 4.173524272153229520e-01
3.250249841548747409e-01 6.361351214441324231e-01 2.063711673991966422e-01 8.199887479439058602e-01 3.897638044320255180e-01
3.547478547612771815e-01 6.393128833620893570e-01 2.294220648196854395e-01 8.154619458198768545e-01 3.636293362423411168e-01
3.796494696335406815e-01 6.415841940347536410e-01 2.501434891832139962e-01 8.096296626290325760e-01 3.475495341280371853e-01
4.080871023541152165e-01 6.417818385991396202e-01 2.851903336093509211e-01 7.946789393144667590e-01 3.371485342968955079e-01
4.255406101656432627e-01 6.409431798406216574e-01 3.229423577087163211e-01 7.743397305476352743e-01 3.328593637022034257e-01
4.287124431131835722e-01 6.414694464208524627e-01 3.564718935388568877e-01 7.511131678453217830e-01 3.297222077150139818e-01
4.298906070404595603e-01 6.393834152738363530e-01 3.835304479703613434e-01 7.153852647266900622e-01 3.285732064209285208e-01
4.436567142239350447e-01 6.332013614349563113e-01 4.007959021103006947e-01 6.739718363713521621e-01 3.284313858776936046e-01
4.646014515704103842e-01 6.293114912730741750e-01 4.178561339902419070e-01 6.387268415977398472e-01 3.256421921802271635e-01
4.840842873025593684e-01 6.295134688689207891e-01 4.354632811658631364e-01 6.144378719816508960e-01 3.221023141539625101e-01
5.104349752060808321e-01 6.377323712426938851e-01 4.593687609296559504e-01 5.884569112703318394e-01 3.251897147925464915e-01
5.036880858730677923e-01 6.578598149512847604e-01 4.606557462321947960e-01 5.564677358290497367e-01 3.474724793386756438e-01
5.151302367947497851e-01 6.401179231475763176e-01 4.784438840977717766e-01 5.296478759264628966e-01 3.751592473285585427e-01
5.450683500074773313e-01 6.269512786559136019e-01 5.006863934564688146e-01 5.112660499558095983e-01 3.887537011224648786e-01
5.781630172913070354e-01 6.183355203483238416e-01 5.246138894697375266e-01 4.989052549040753348e-01 3.929256398460908017e-01
6.113452854164233008e-01 6.055037337836136624e-01 5.508007985995050371e-01 4.857600885766686916e-01 3.954149688432579968e-01
6.272937217703961066e-01 5.763021007081059466e-01 5.652768188103494129e-01 4.645316342613346472e-01 4.033568093387520093e-01
6.204092768055295970e-01 5.376683117578993087e-01 5.587095285809889900e-01 4.450528312128318453e-01 4.162657875157635967e-01
6.007192263030695090e-01 5.028326291996265685e-01 5.445530600797586773e-01 4.376335055024995757e-01 4.324254049666192423e-01
5.778837694564235017e-01 4.753123051917989006e-01 5.372924949681406881e-01 4.392659285960296978e-01 4.518922171418899847e-01
5.735511303357750945e-01 4.485174867600769666e-01 5.442965023094192833e-01 4.464851584500316162e-01 4.835061850869354916e-01
6.010101215651105777e-01 4.306824139409976548e-01 5.495542309030797545e-01 4.496556968818254396e-01 5.117989264556204176e-01
6.105270106892992654e-01 4.020692742191800395e-01 5.416583379864768899e-01 4.499860715402866362e-01 5.376266203442094938e-01
5.987739109994543174e-01 3.726072957097961713e-01 5.305620431702240403e-01 4.561511524352101499e-01 5.548164914575661744e-01
5.717356251657332855e-01 3.469489747562179427e-01 5.295346807162514269e-01 4.747864059852794361e-01 5.716154071055243868e-01
5.575350081640403355e-01 3.350252688407434620e-01 5.372493679660600430e-01 4.844086517122906388e-01 6.037887023447440216e-01
5.573538645616484821e-01 3.224128756457118605e-01 5.169660108361330275e-01 4.619234789967440191e-01 6.301070283683766204e-01
5.465100424288297232e-01 3.082774134026244894e-01 5.107634085257396483e-01 4.423595950655984654e-01 6.581687642433867724e-01
5.389067634456841116e-01 2.850828044085647051e-01 5.008211765839616358e-01 4.409060276588174232e-01 6.929781446286439328e-01
5.623926105663112907e-01 2.607744155703923816e-01 4.958667142304953313e-01 4.381204725263609379e-01 7.189193080874332065e-01
6.037461290205188291e-01 2.513637529379220137e-01 5.098987916577595314e-01 4.327379476020653537e-01 7.223137456499079123e-01
6.442918029746220743e-01 2.446698756042674783e-01 5.297708121690097860e-01 4.264791483778008763e-01 7.128456779375489383e-01
6.828424979981938536e-01 2.297723759545065580e-01 5.423883311179369393e-01 4.133895374209747842e-01 7.061469646348831342e-01
7.229814615870590044e-01 2.127116232913400795e-01 5.458444057915029513e-01 3.867456327833562746e-01 7.049151729790928966e-01
7.494041654979813893e-01 2.045379233538390518e-01 5.422332113417522859e-01 3.572693339609027685e-01 6.979456083532282751e-01
7.715130333006195995e-01 1.930328814385396108e-01 5.329855304169004437e-01 3.197414411293479364e-01 6.837976917813847200e-01
7.874679445308331305e-01 1.809723271874559003e-01 5.235239821662589499e-01 2.862580571332878909e-01 6.659337651104751954e-01
8.006687760353088379e-01 1.709942370653152466e-01 5.156961083412170410e-01 2.585555016994476318e-01 6.511546969413757324e-01
