2.099598497152328491e-01 7.175976037979125977e-01 1.506956070661544800e-01 7.852171063423156738e-01 4.764776825904846191e-01
1.868974826649095200e-01 7.122761273652487013e-01 1.522636673708768207e-01 7.889140806415283480e-01 4.550764757456740028e-01
1.599300133290112447e-01 6.928770393965922869e-01 1.492937484374383672e-01 7.977832562098539082e-01 4.533245932572416703e-01
1.739038466927647353e-01 6.588728471275342446e-01 1.512226912834863102e-01 7.991217814299457212e-01 4.521209959862279026e-01
2.074395146856563843e-01 6.447792179049851580e-01 1.479466227068078898e-01 8.024326515327776521e-01 4.499642468436687026e-01
2.371411805043396326e-01 6.352242113286252767e-01 1.338519433940237313e-01 8.090659378731719364e-01 4.540477773233429493e-01
2.669801573797468963e-01 6.443448825423995219e-01 1.446339974215194724e-01 8.003287251668199653e-01 4.265866182423078135e-01
2.950473930191623850e-01 6.462782493499905634e-01 1.550393387885699581e-01 8.029179302993755263e-01 4.149207909563253360e-01
3.260827657736997676e-01 6.435326437216503104e-01 1.709729594141778386e-01 8.013612405713758102e-01 3.986911216151945991e-01
3.516831204004109979e-01 6.388353178995107573e-01 1.928275504269448548e-01 7.953611766437194142e-01 3.810409675604936042e-01
3.730200096410306032e-01 6.354090163557573057e-01 2.190769779283938123e-01 7.872400056340334018e-01 3.632726526022283520e-01
3.879586207190511837e-01 6.355501791993487526e-01 2.435432560056449425e-01 7.795602526376038677e-01 3.493071825371554806e-01
4.022802420674023716e-01 6.396604811416402026e-01 2.765926612002787000e-01 7.678472646428476933e-01 3.350667431098214855e-01
4.088472862348415671e-01 6.449551524071583941e-01 3.041358322443816209e-01 7.545850452176084966e-01 3.282004988654004807e-01
4.153417377381043996e-01 6.490275940006330346e-01 3.333865748487643277e-01 7.352170434998258619e-01 3.221893655447438110e-01
4.269515245732107833e-01 6.491610111266798988e-01 3.599057052410282731e-01 7.103447301769197919e-01 3.133115757523188272e-01
4.424980152711557313e-01 6.455422263588350695e-01 3.765891130876306003e-01 6.870835188544412997e-01 3.028976492389495179e-01
4.566575346373553113e-01 6.393930805574978837e-01 3.882750906313110484e-01 6.628800651730721860e-01 2.953951545839949566e-01
4.655923439666707631e-01 6.298047855135466833e-01 4.002032918131237516e-01 6.301142443444522900e-01 2.955402673530785340e-01
4.632014620616644041e-01 6.208335451719028120e-01 4.117157069303616357e-01 5.980873794558729806e-01 3.091856418667170425e-01
4.572672558124122322e-01 6.133610824330327782e-01 4.265260301632282647e-01 5.710127167979790475e-01 3.346129113087730755e-01
4.594752525194481518e-01 6.053509404297595653e-01 4.442458117501849046e-01 5.549838752285854993e-01 3.621717758494018002e-01
4.699453752259539763e-01 5.926357252292886457e-01 4.617238306278170779e-01 5.456189824514942055e-01 3.867721420580469416e-01
4.832996697443786016e-01 5.723363866671047351e-01 4.761872550257837400e-01 5.365479675925046710e-01 4.101176190384915321e-01
4.938233892124517244e-01 5.440983300205514128e-01 4.848979537878243540e-01 5.222880711367793305e-01 4.336840470228111033e-01
4.965050733015529127e-01 5.196309860931832558e-01 4.875237507686506766e-01 5.067434163547739345e-01 4.513517127566947784e-01
4.954488239373512903e-01 4.946565925681618014e-01 4.901911443241697697e-01 4.902485094773108010e-01 4.685763519423387646e-01
4.913455250564416898e-01 4.666462221421001089e-01 4.939817829724212350e-01 4.738550792225358910e-01 4.878958440161466625e-01
4.876209853527955773e-01 4.394181164576559939e-01 4.969671894057665629e-01 4.620563855441637280e-01 5.079846994745641497e-01
4.913515837022934263e-01 4.057259267232189992e-01 4.988395779151003628e-01 4.514213126033975176e-01 5.342120679601924937e-01
5.084751141104951744e-01 3.811956579344616403e-01 4.999298066662253848e-01 4.460643510929888089e-01 5.528994742095622028e-01
5.337764074628595923e-01 3.627435702540534046e-01 5.016377203194150036e-01 4.447412062882912243e-01 5.676697849591662015e-01
5.644718258415476475e-01 3.464155666434547420e-01 5.033363368734919963e-01 4.462819233829727894e-01 5.862719190487922782e-01
5.846886650139671016e-01 3.313184037087548162e-01 5.042481561635572263e-01 4.487194107830851930e-01 6.096715497442273257e-01
5.964469186859157057e-01 3.130928230714988825e-01 5.052300534831021261e-01 4.515995971213214166e-01 6.354468244384854358e-01
6.038126737374005515e-01 2.895604721789704628e-01 5.041562200420178774e-01 4.535409351548214119e-01 6.600489143301767614e-01
6.078733770008587500e-01 2.626149024577747459e-01 5.004758886529103723e-01 4.477963450416048152e-01 6.799620886197393910e-01
6.167513156602120183e-01 2.358732574118128644e-01 5.002919436916325457e-01 4.273696102841016975e-01 6.942250595771843891e-01
6.382874445101018868e-01 2.195631200676199379e-01 5.057025882797852034e-01 4.024350009675584094e-01 6.976450723900935458e-01
6.644087009091930174e-01 2.084266782070018920e-01 5.103494439304360197e-01 3.804623248095199695e-01 6.951212477995513117e-01
6.942235252616451024e-01 1.982286212546365833e-01 5.136758551285667274e-01 3.549534904836625926e-01 6.887264449366159447e-01
7.253774339836893681e-01 1.899330868966699337e-01 5.149613065777983723e-01 3.275065504277115402e-01 6.787636482894472412e-01
7.508087527581416287e-01 1.835360707968313465e-01 5.152095021521142515e-01 3.042168061854178540e-01 6.694381133258152650e-01
7.779016266377449806e-01 1.767211056770191246e-01 5.154739135832343555e-01 2.794054266010230214e-01 6.595032945745625819e-01
8.006687760353088379e-01 1.709942370653152466e-01 5.156961083412170410e-01 2.585555016994476318e-01 6.511546969413757324e-01
