2.099598497152328491e-01 7.175976037979125977e-01 1.506956070661544800e-01 7.852171063423156738e-01 4.764776825904846191e-01
2.315408121103186001e-01 6.998969494380139489e-01 1.495849577998185631e-01 8.086004132905630915e-01 4.679424544967050736e-01
2.528184928134221132e-01 6.825924460267907001e-01 1.358904587585165191e-01 8.281834964195974313e-01 4.550242762036955657e-01
2.917979826353792605e-01 6.745283431454415224e-01 1.458201363026365993e-01 8.343189583851676749e-01 4.442592554815232297e-01
3.205276067683424657e-01 6.756987555811670987e-01 1.606124141218063517e-01 8.181167717472979106e-01 4.300095802770623199e-01
3.389322248515727609e-01 6.703049284370847793e-01 1.741294134272765304e-01 8.041116370810874603e-01 3.976839856472768608e-01
3.488402414222135373e-01 6.613116375034550076e-01 1.769096592020785175e-01 8.077665228428300148e-01 3.580594406736068991e-01
3.618697207869463472e-01 6.594329419928574021e-01 1.915147521233873107e-01 8.014255809689161403e-01 3.278056984513206262e-01
3.669465930186802116e-01 6.573035209063925466e-01 2.204361329935912717e-01 7.766733263400231735e-01 3.187561827453844199e-01
3.693775497994610246e-01 6.542890666780101228e-01 2.448169814798294430e-01 7.550319762766334319e-01 3.164296841998910925e-01
3.750024327347145636e-01 6.503677105327667629e-01 2.741472428490138724e-01 7.309394236994198879e-01 3.126707789433051388e-01
3.860405392192703955e-01 6.464924752099815430e-01 3.123777348713238089e-01 7.030740414887794998e-01 3.065548558299939219e-01
3.941754715568961953e-01 6.456026779680208438e-01 3.385262309076824128e-01 6.857014828310732391e-01 3.022846932194552805e-01
4.021239454701895366e-01 6.551874477651558060e-01 3.715309000051117416e-01 6.667738770032827222e-01 2.977324215382684547e-01
4.149380705951610793e-01 6.654581671082357985e-01 4.009441157612509410e-01 6.431809322973899290e-01 2.937397495422494620e-01
4.356126224657976276e-01 6.660941627204143289e-01 4.233550473784435386e-01 6.163684953671044742e-01 2.907786794201440705e-01
4.633428226336375744e-01 6.614920123910679184e-01 4.427429744368685527e-01 5.903191935135044810e-01 2.878359437384245822e-01
4.914087503802272439e-01 6.562945118155339985e-01 4.588316641369389881e-01 5.705704131155168168e-01 2.846036053976969127e-01
5.227588980601175495e-01 6.489343814919960041e-01 4.773568760637695307e-01 5.521723092950047151e-01 2.890641688967669487e-01
5.403276034619772794e-01 6.398691194495456092e-01 4.950550660729193808e-01 5.347280228128576951e-01 3.117693376030257202e-01
5.371043619201135710e-01 6.254874944576109819e-01 5.070200719289087443e-01 5.158441779008322570e-01 3.361746921762891471e-01
5.305636683366270479e-01 5.972969781732592187e-01 5.143893507564410994e-01 4.990751356568920993e-01 3.553927052013658439e-01
5.327245235405628776e-01 5.675193556969491127e-01 5.170653234617321736e-01 4.938338314592950473e-01 3.728354594805678435e-01
5.452006548861713098e-01 5.356896878151058417e-01 5.165253464809688166e-01 4.956655169481349321e-01 3.953151369192815512e-01
5.609630870018621485e-01 5.065685053392249282e-01 5.128656372811204456e-01 4.944090714525254393e-01 4.188464754696200054e-01
5.722806689297252891e-01 4.834868201350225325e-01 5.080144801839875379e-01 4.860993106448259771e-01 4.387853790959481692e-01
5.772347419382216627e-01 4.618873581522467964e-01 5.063479148160106025e-01 4.660480397225681970e-01 4.582096064616352771e-01
5.763127703213890562e-01 4.437020344599658106e-01 5.220047629682856849e-01 4.423596618412455883e-01 4.739893661640294797e-01
5.881872994341094119e-01 4.195963745383360366e-01 5.459484362949234004e-01 4.366288005940830441e-01 4.913784562111719323e-01
6.087582277912760853e-01 3.940822804137755764e-01 5.466048671753584998e-01 4.399690799881249559e-01 5.108654326588017991e-01
6.288329707354326503e-01 3.743128833641190534e-01 5.392200138591090042e-01 4.453734368423298284e-01 5.332004575484307063e-01
6.562432988031779990e-01 3.541574196280999898e-01 5.417926813439201128e-01 4.504818358764383079e-01 5.584836965518669150e-01
6.748612151870150289e-01 3.355616640988045574e-01 5.484196198759606622e-01 4.528082975988054759e-01 5.846081407797919516e-01
6.842167791797757470e-01 3.173611781645351293e-01 5.540539835566119509e-01 4.532962474913579953e-01 6.137187922687861175e-01
6.870748084917036591e-01 2.960240903798257439e-01 5.562581635006403902e-01 4.527659590346622132e-01 6.488093729040809166e-01
6.888714363954778763e-01 2.721136652222538865e-01 5.541076227378590735e-01 4.494071143891971709e-01 6.780329850005891723e-01
6.765596199588116422e-01 2.426978947189938063e-01 5.407797250215838902e-01 4.352698136177156618e-01 6.840436762168425888e-01
6.452324825129840402e-01 2.236946588663603075e-01 5.206836356622506212e-01 4.203267450265192884e-01 6.758798127009946199e-01
6.415239440853208741e-01 2.084101538467598713e-01 4.907896869255690131e-01 3.978836084154243058e-01 6.830677346764435498e-01
6.796564687092438994e-01 2.041663648588720181e-01 4.944739509482731221e-01 3.884400678288429387e-01 6.883295307192935919e-01
7.145411943686393874e-01 1.996007784002940266e-01 5.012508334495867635e-01 3.746374427375323002e-01 6.884191556366193732e-01
7.451868165704736979e-01 1.932680760286784316e-01 5.069322195724724756e-01 3.515059242525630512e-01 6.834423643336602350e-01
7.714758080338862678e-01 1.848793578473363064e-01 5.113896831995361492e-01 3.176942994409470145e-01 6.728065693643126011e-01
7.881625235463893819e-01 1.769426156724728527e-01 5.138512380236848198e-01 2.838905322592145675e-01 6.604303479600019955e-01
8.006687760353088379e-01 1.709942370653152466e-01 5.156961083412170410e-01 2.585555016994476318e-01 6.511546969413757324e-01
