2.099598497152328491e-01 7.175976037979125977e-01 1.506956070661544800e-01 7.852171063423156738e-01 4.764776825904846191e-01
2.495221133797701496e-01 7.107707306906079214e-01 1.372481892670217030e-01 8.125844666733029742e-01 4.709914783212388878e-01
2.933713968211465462e-01 6.802887916356779030e-01 1.263293852992680433e-01 8.371098092936924973e-01 4.718794067537511738e-01
2.946980388771854309e-01 6.410228820505950997e-01 1.154948027110201114e-01 8.137012075214267171e-01 4.374818706614440611e-01
2.911438705092200263e-01 6.299835748279610792e-01 1.382934535632612816e-01 7.700315028410258389e-01 4.083068689845408827e-01
3.221926795335319227e-01 6.246972596643265430e-01 1.719780958973518015e-01 7.518045690412893389e-01 3.595888630146514831e-01
3.455208768379919304e-01 6.390417931362106785e-01 2.031637873041129139e-01 7.325685065863111189e-01 3.294920719947693755e-01
3.601308899330812885e-01 6.602616479656634452e-01 2.527690716375404212e-01 7.217298246783189208e-01 3.023819668403074368e-01
3.772672067756756009e-01 6.716756928540925653e-01 3.038577176799078239e-01 7.032410111492515270e-01 2.707177556004604635e-01
4.016943635341780339e-01 6.718170780186712987e-01 3.515101909521601842e-01 6.764508019158386176e-01 2.477286383995291053e-01
4.299068292651639922e-01 6.539900895199731723e-01 3.993149478883967762e-01 6.466918191556254580e-01 2.298109572099782949e-01
4.459578230999086124e-01 6.264735680652544492e-01 4.387223643857522393e-01 6.202446334010213169e-01 2.223011681035558518e-01
4.597531196733340986e-01 5.998744150842785228e-01 4.712049425600534081e-01 5.964965063263896194e-01 2.258596135690435769e-01
4.969988787350353432e-01 5.705879776620157440e-01 4.989040964144901280e-01 5.686803907565949334e-01 2.460598033820869668e-01
5.242034772658569208e-01 5.458840205908662702e-01 5.022243499755666418e-01 5.428049679776818515e-01 2.752848446293708062e-01
5.155124402977141473e-01 5.210695976451997780e-01 4.808407865194780362e-01 5.100981695476776157e-01 3.165464062595911843e-01
5.267715378581240282e-01 5.191618866968522594e-01 4.660684428161567805e-01 4.895327173699672851e-01 3.638333473703277976e-01
5.817167608343232210e-01 5.301890982731660706e-01 4.816383354393439786e-01 4.969282930632332174e-01 3.745814493243956322e-01
6.273310192227306015e-01 5.271234436292736580e-01 5.032032039474478857e-01 4.941304196026712892e-01 3.737413780875424307e-01
6.590323250409695355e-01 5.021434910611521918e-01 5.390553223487484225e-01 4.669924010983240170e-01 3.972304224131453232e-01
6.661950857982470442e-01 4.897148089803622928e-01 5.521275711067020753e-01 4.647989429159835040e-01 4.518542984131371232e-01
6.533864881347728470e-01 4.674315071695515078e-01 5.545827235756990436e-01 4.699211358785029269e-01 5.050397894303187973e-01
6.368675312903087082e-01 4.360612686724773535e-01 5.520574822751621591e-01 4.681687021632331414e-01 5.340170964089779870e-01
6.258561291805142535e-01 3.760399307061177421e-01 5.424178722808059572e-01 4.622178799448260489e-01 5.558279548860088903e-01
6.287995067432760044e-01 3.381936107240672285e-01 5.440872332979832526e-01 4.724659793779247274e-01 5.954666218851374371e-01
6.310866727225019623e-01 3.327432473848758732e-01 5.520181509571580047e-01 4.975186443525522195e-01 6.451019730863863932e-01
6.378349129599136802e-01 3.211287238446122183e-01 5.716543499349114876e-01 5.073546243324453808e-01 6.949361017898424420e-01
6.693423852861717371e-01 2.940482115274966612e-01 5.947240554189656692e-01 4.925370175382456917e-01 7.298692585012845901e-01
7.100252726540331460e-01 2.779547400130751300e-01 5.984883291164634356e-01 4.665656664481551696e-01 7.313207653224927940e-01
7.392323183091649152e-01 2.577987968942471730e-01 5.798591143011729843e-01 4.237862687109245630e-01 7.185505052863092601e-01
7.438839817016615896e-01 2.357611311365271356e-01 5.568216596179290656e-01 3.943166084171574326e-01 7.025862436962257984e-01
7.515510383423854579e-01 2.004565949868649666e-01 5.232120137678449856e-01 3.581233683223626896e-01 6.697577103112665187e-01
7.829010885394520614e-01 1.850143773186604113e-01 5.194073506225056480e-01 3.019384147036162647e-01 6.589370581797860948e-01
8.006687760353088379e-01 1.709942370653152466e-01 5.156961083412170410e-01 2.585555016994476318e-01 6.511546969413757324e-01
