2.099598497152328491e-01 7.175976037979125977e-01 1.506956070661544800e-01 7.852171063423156738e-01 4.764776825904846191e-01
2.330667373857033264e-01 7.097842498634765462e-01 1.259605390449546336e-01 7.993989717014607921e-01 4.636309138829736165e-01
2.478994217402160916e-01 6.733065617078727305e-01 1.145195145434094869e-01 8.202874354111511224e-01 4.437958509231574866e-01
2.714121591430121994e-01 6.641713144959243698e-01 1.372494180810802655e-01 8.216304547165904637e-01 4.258096126017797967e-01
2.915623827539756130e-01 6.664976028549122189e-01 1.498929275895142799e-01 8.104516172501659010e-01 3.986422162034644612e-01
3.246092033341558825e-01 6.611853232256592605e-01 1.600546848344940043e-01 7.977761973963403141e-01 3.807996971772761308e-01
3.492510338457629482e-01 6.563454092358180780e-01 1.759736050546314157e-01 7.923272725349572720e-01 3.545461433172618082e-01
3.643750203064730075e-01 6.527711689403375983e-01 2.063532629268360896e-01 7.907605545942055780e-01 3.314435036130014001e-01
3.833563430116069815e-01 6.477081954201591163e-01 2.354734202028615775e-01 7.866177938330277675e-01 3.231406800957624670e-01
4.080463157347646308e-01 6.417652425840313368e-01 2.618389318032607882e-01 7.784100108861917722e-01 3.237410594142279829e-01
4.329869720253927134e-01 6.363551812647751937e-01 2.908496137785877012e-01 7.672711312090320090e-01 3.274389908860962373e-01
4.539688237949972560e-01 6.318846561124474848e-01 3.248501969659580157e-01 7.546911813830600169e-01 3.308039673084397503e-01
4.687366210876667272e-01 6.284828308380617790e-01 3.579388152525636579e-01 7.369889847945193528e-01 3.306201033883277018e-01
4.778261845590411894e-01 6.258176451227789316e-01 3.830017917277001027e-01 7.060275791037640136e-01 3.249442799840693841e-01
4.839035283648412400e-01 6.250298015186469547e-01 3.959420736116380235e-01 6.728156461685480538e-01 3.190860449769370999e-01
4.949811323238937910e-01 6.275588455775622521e-01 4.093499885618634981e-01 6.368598645394154545e-01 3.183783951586489080e-01
5.110805098536639335e-01 6.314641927715088920e-01 4.272273529207670784e-01 6.052876080712733531e-01 3.263750377126700131e-01
5.266577433358997640e-01 6.312972099475431254e-01 4.498536928107573774e-01 5.795654812586636950e-01 3.422244324015401573e-01
5.332086178762565076e-01 6.237492919265140712e-01 4.760782101220283891e-01 5.586047149727105809e-01 3.637157025882234440e-01
5.260533122719365240e-01 6.088321316561364771e-01 4.983679513559430840e-01 5.396319472687689522e-01 3.865365940666967148e-01
5.137021323663981676e-01 5.889342952447819135e-01 5.082991873043850584e-01 5.217762073565752612e-01 4.064172216627449652e-01
5.021195251545574889e-01 5.612307251825146004e-01 5.034375106189786786e-01 5.039173941612914431e-01 4.261562675932020761e-01
4.902619567017306723e-01 5.324687919857286067e-01 4.858028609257571406e-01 4.919457271831603751e-01 4.421621440968309114e-01
4.753310890814725909e-01 5.082868706432817074e-01 4.652833738297005306e-01 4.865417368468815118e-01 4.535271477797209738e-01
4.604759039692369327e-01 4.803789257783839806e-01 4.489247998585023658e-01 4.827347353866273671e-01 4.679192355339746312e-01
4.607082242329547661e-01 4.508634523159712471e-01 4.457705003359712093e-01 4.775625982397924130e-01 4.863060864122099036e-01
4.769360820323580441e-01 4.220632370302943026e-01 4.495790287061407486e-01 4.724623678585670450e-01 5.065621581526379424e-01
4.996524774777003075e-01 3.929057994911704932e-01 4.534542344899065158e-01 4.695974404424073101e-01 5.283774218285501867e-01
5.178490405089849480e-01 3.715536597192576895e-01 4.571276606665031217e-01 4.683250813831082993e-01 5.443316559130514376e-01
5.469317296486384539e-01 3.504515113827132988e-01 4.696881520485183814e-01 4.654912092758280440e-01 5.553533425752509300e-01
5.800872218646609957e-01 3.356961738792091920e-01 4.892748192246700323e-01 4.668357665619088381e-01 5.614577280573614937e-01
6.088115188586303850e-01 3.213264113810339051e-01 5.072894979834347007e-01 4.766932872196228410e-01 5.799452562128186717e-01
6.281958108309737554e-01 3.105406812985970211e-01 5.202218277962683546e-01 4.863554173478669695e-01 6.032310403994746162e-01
6.474977817025351357e-01 2.976358530405773251e-01 5.353245420041409242e-01 4.861124483076920133e-01 6.337980206727510391e-01
6.560777174328841221e-01 2.779879700757938443e-01 5.387882314827966423e-01 4.666063517714532649e-01 6.641716092289797757e-01
6.486348019472311099e-01 2.503303537470911722e-01 5.186409268275828932e-01 4.494463867864263995e-01 6.769417296010731278e-01
6.693040826397884668e-01 2.313502160351615655e-01 5.050158108501777710e-01 4.543937372080382731e-01 6.974514950287333814e-01
7.050843756797638973e-01 2.298878115685539791e-01 5.153588032680194164e-01 4.595345208485078770e-01 7.077604534763153321e-01
7.423814580672973840e-01 2.249135595462618820e-01 5.237332250430045688e-01 4.566517973438865563e-01 7.099056476128104975e-01
7.755571870135071766e-01 2.156354748535455612e-01 5.274277302455370187e-01 4.389762094743479004e-01 7.034220655764342744e-01
8.005576561483588316e-01 2.025524308722377598e-01 5.266642675850535804e-01 4.001909366153191261e-01 6.897589448345501362e-01
8.047000250475673244e-01 1.942642163528877641e-01 5.242739765489992099e-01 3.647741594070579296e-01 6.801110094098677950e-01
8.044355157900425768e-01 1.854404162243847853e-01 5.211720002759103743e-01 3.250443040003200834e-01 6.692818339482479173e-01
8.023736485223144088e-01 1.775327544555064530e-01 5.181745640108824658e-01 2.886491468986560616e-01 6.593592608782280484e-01
8.006687760353088379e-01 1.709942370653152466e-01 5.156961083412170410e-01 2.585555016994476318e-01 6.511546969413757324e-01
