2.099598497152328491e-01 7.175976037979125977e-01 1.506956070661544800e-01 7.852171063423156738e-01 4.764776825904846191e-01
2.333083307001521389e-01 7.105474496325130396e-01 1.319324338124917007e-01 8.012392116386910512e-01 4.681571621858082732e-01
2.604027128044071326e-01 6.931009554655822580e-01 1.232777806214531424e-01 8.256399780216634454e-01 4.586580077770905928e-01
2.752907343671087137e-01 6.694052484177394069e-01 1.194778673772902561e-01 8.212621699304634149e-01 4.368566896483340734e-01
2.673988426720605438e-01 6.546310792940150947e-01 1.168688823575956826e-01 7.905154748473881554e-01 4.128421086832833042e-01
2.926968205554801861e-01 6.327262372725660500e-01 1.373571749226726035e-01 7.910274598318016714e-01 4.097761295693971850e-01
3.236374188551429665e-01 6.433957393481904985e-01 1.599562387196341307e-01 7.974852592368345539e-01 3.980985053409173968e-01
3.462120213802884483e-01 6.483009351373787421e-01 1.808426469828181005e-01 7.919196336216044463e-01 3.718749416791551354e-01
3.686061193604711073e-01 6.438309575982774646e-01 2.084456952498929261e-01 7.827414757728865524e-01 3.368885760161313137e-01
3.886939940856595777e-01 6.343027015940330138e-01 2.404222131590910416e-01 7.788380189439714218e-01 3.191255567023695283e-01
4.084337995903249419e-01 6.330855639494460396e-01 2.718022631063740091e-01 7.730549591431291612e-01 3.172287243659221434e-01
4.286163393659766507e-01 6.350154538650761848e-01 3.046497318023840273e-01 7.528495572396218805e-01 3.155656872483457720e-01
4.432073126090882442e-01 6.338924806281817093e-01 3.323977041447169212e-01 7.200662544570309853e-01 3.086938534888740149e-01
4.541527435574045923e-01 6.314354520724071440e-01 3.550204840853368737e-01 6.919792229438479492e-01 2.983493115927473571e-01
4.627983629408953248e-01 6.283704921451359615e-01 3.844027372992087077e-01 6.620619266323768404e-01 2.848845419282929892e-01
4.715356082459580822e-01 6.287151417619289973e-01 4.164959755218877180e-01 6.434304953959216755e-01 2.723172914623698815e-01
5.013108783497495224e-01 6.334094262051630508e-01 4.504596096237584169e-01 6.356688637106191475e-01 2.600709225890098786e-01
5.329882621369075313e-01 6.359040854881942151e-01 4.651821325337706647e-01 6.262178442705651493e-01 2.657895066960101471e-01
5.604032705557810967e-01 6.356814759091735656e-01 4.769857131527831529e-01 6.000645082931632679e-01 2.856874143426545443e-01
5.736456402318693693e-01 6.333317665589519585e-01 4.919561328139028800e-01 5.643248027555557433e-01 3.095539568754462900e-01
5.711011393475146081e-01 6.275519304664083364e-01 5.120711285095672638e-01 5.427084993535703505e-01 3.305983814333387505e-01
5.660403278153439688e-01 6.118485684380172707e-01 5.367153481137452165e-01 5.308877638999064397e-01 3.636694983130600578e-01
5.661764211983109085e-01 5.943166019626315855e-01 5.409166893681541799e-01 5.187711161631278767e-01 3.974687974609132368e-01
5.417561370039444268e-01 5.835400234140438736e-01 5.352410198602643998e-01 5.038652797239013825e-01 4.170337447026210009e-01
4.988710376841934413e-01 5.707998608974357291e-01 5.236279470119552526e-01 4.892924673534835844e-01 4.301460792544263834e-01
4.646216666345329704e-01 5.464667932736669842e-01 5.094050271256218565e-01 4.809556744189495414e-01 4.429715604618319480e-01
4.495325763810505970e-01 5.136630240783567336e-01 4.997869219286331099e-01 4.766456854403441912e-01 4.566250759841578022e-01
4.556700574795389258e-01 4.765478735822759049e-01 4.996104510801306353e-01 4.718196705923316525e-01 4.748967445180790059e-01
4.792997542382591014e-01 4.473020662478117693e-01 5.067729908357110347e-01 4.665947912105618545e-01 4.967949029324458254e-01
5.065246141866720508e-01 4.244842597806420814e-01 5.067313188825949277e-01 4.664116466555252027e-01 5.178653733273629323e-01
5.315264786179249024e-01 4.066860849355599661e-01 5.050633639293692356e-01 4.659519252013222812e-01 5.355456462809177198e-01
5.627160101909225443e-01 3.852885693756130658e-01 5.041299060437197666e-01 4.623678497261309861e-01 5.546986700205113197e-01
5.866226726822150184e-01 3.502008650430236125e-01 5.006003049970135788e-01 4.537057767060878044e-01 5.606113761805148199e-01
6.224443564644928095e-01 3.352900174083918716e-01 5.016586963887847972e-01 4.503201285790304209e-01 5.584745444732894804e-01
6.292703153780725422e-01 3.230821180783519653e-01 5.075546604798484296e-01 4.578631593824091239e-01 5.884066815500659242e-01
6.248000490444173272e-01 3.085258467249657466e-01 5.113785731225298781e-01 4.546730392276195354e-01 6.215728022524313889e-01
6.191797146491451187e-01 2.907996821148134958e-01 5.149281187544424432e-01 4.437678016431208516e-01 6.581407407349562089e-01
6.174932100664272117e-01 2.711157274568422593e-01 5.217039193206982617e-01 4.319545485485433156e-01 6.951035876774738220e-01
6.379649557488180633e-01 2.435835012467577609e-01 5.257025838696619546e-01 4.202344556535410613e-01 7.187684786175448926e-01
6.629820889440168896e-01 2.296390355538739381e-01 5.125511601265699824e-01 4.098974179828240860e-01 7.086333286028226874e-01
6.894106367347536679e-01 2.168148449332953087e-01 4.940161415792199695e-01 3.858727355853909802e-01 6.924440001679661449e-01
7.158335737957313150e-01 2.049003025560298119e-01 4.908883132945838779e-01 3.497790269110346295e-01 6.804930438667126102e-01
7.461459542966196734e-01 1.936160479515613431e-01 4.990381318092344531e-01 3.168251103813371494e-01 6.697133435532653944e-01
7.762405518224578804e-01 1.811295216465274860e-01 5.082328239856332974e-01 2.846624742615800341e-01 6.594696930592810480e-01
8.006687760353088379e-01 1.709942370653152466e-01 5.156961083412170410e-01 2.585555016994476318e-01 6.511546969413757324e-01
