2.099598497152328491e-01 7.175976037979125977e-01 1.506956070661544800e-01 7.852171063423156738e-01 4.764776825904846191e-01
1.870390320417700813e-01 7.056341572521390715e-01 1.324405846748344384e-01 7.883525117010541372e-01 4.567979329585425963e-01
1.694736575049335947e-01 6.816256473359629808e-01 1.203344631182989705e-01 7.972008841131992263e-01 4.325327543197248770e-01
1.796397671364892146e-01 6.579163035402987303e-01 1.228914686104451010e-01 7.692068782249559256e-01 4.176259162963894545e-01
1.947284271703959013e-01 6.415476366972058253e-01 1.332582332213420873e-01 7.434022388617499422e-01 4.037266594356060945e-01
1.931054455994229146e-01 6.326965639806080288e-01 1.411490587788486739e-01 7.176677213588584792e-01 3.766284032524154779e-01
2.132990948102420070e-01 6.497779714841489529e-01 1.815705662284154975e-01 7.278164671638117644e-01 3.690420332508626000e-01
2.508253163460653634e-01 6.511836712214098544e-01 2.003873171421308164e-01 7.346377231456047152e-01 3.710165380483717024e-01
2.790135076643489587e-01 6.508581115913812942e-01 2.117423414247810165e-01 7.360759328531794043e-01 3.688757604009470503e-01
3.160455827785235705e-01 6.497149433538784713e-01 2.277472078925069643e-01 7.352388357078728509e-01 3.633743381661291294e-01
3.480159895474329024e-01 6.467236451233751016e-01 2.476791677186913621e-01 7.304675551482784357e-01 3.564741275586185143e-01
3.723581928663980967e-01 6.418700434089757989e-01 2.753895428337342355e-01 7.164832735130590713e-01 3.433043147294806419e-01
3.830885556063453601e-01 6.381810453371494773e-01 2.966864887944897222e-01 7.012404685976427743e-01 3.301315989813471408e-01
3.914845708509264166e-01 6.318550196814135544e-01 3.249573378095004239e-01 6.750360254340618260e-01 3.104262620630700575e-01
3.982473732010333167e-01 6.221761993803562873e-01 3.493922179744403111e-01 6.462809628701674525e-01 2.938672655757326169e-01
4.030485393317589926e-01 6.071298679407324261e-01 3.696037257913024066e-01 6.141824551096570772e-01 2.840063592724539898e-01
4.073695559093165608e-01 5.868146511613504535e-01 3.877669580242632530e-01 5.781064746293749224e-01 2.857396180904998029e-01
4.144676188344836865e-01 5.687794426291321592e-01 4.015742092673166841e-01 5.502398509728845255e-01 2.957375707351409533e-01
4.247952563156235928e-01 5.533485385579475224e-01 4.119515248149946962e-01 5.308464361187107405e-01 3.091142982864951150e-01
4.414394015471898025e-01 5.342069911666713633e-01 4.239884605470021772e-01 5.131785114633221623e-01 3.309004957074047626e-01
4.557118101097692442e-01 5.160805028545386586e-01 4.382769592544096260e-01 4.979504589934435344e-01 3.550088744458408385e-01
4.647285030673967143e-01 4.985830110366215595e-01 4.571324776652881949e-01 4.813142033238396178e-01 3.808841193508143430e-01
4.706702989225734490e-01 4.829856824195454812e-01 4.789149000771791842e-01 4.661580927490903137e-01 4.078666136696275091e-01
4.798281815847461607e-01 4.718622335301491666e-01 5.012573536921279826e-01 4.581455424823154821e-01 4.361530211075957952e-01
4.965795540434527755e-01 4.677913981160385370e-01 5.213574003722020178e-01 4.601508879824292020e-01 4.651422175390232949e-01
5.191362152997475166e-01 4.686078334823800540e-01 5.363868335712470570e-01 4.693701228164877670e-01 4.945936745219678410e-01
5.396201336269953464e-01 4.673949333919498184e-01 5.463200292545586922e-01 4.785544267457562118e-01 5.239708553880250141e-01
5.546863666583434771e-01 4.560458962900499902e-01 5.544188739969073687e-01 4.840735218635027204e-01 5.621716335896427275e-01
5.570420470231840504e-01 4.369899935340390562e-01 5.587068136985378075e-01 4.833961097889324932e-01 5.968707859192540210e-01
5.539902167714069181e-01 4.137363967752457072e-01 5.608581607787146428e-01 4.799575349209065922e-01 6.247166994221121650e-01
5.567514896584616624e-01 3.846353211616957979e-01 5.582632965482884346e-01 4.774739868545089250e-01 6.506840350003547657e-01
5.671577235944081918e-01 3.517880421108041666e-01 5.500976806950900189e-01 4.702773209270081911e-01 6.729764887118875327e-01
5.766253044203725198e-01 3.162552153000164346e-01 5.425507893645901136e-01 4.500468907488330839e-01 6.849876849916929356e-01
5.705762799393615525e-01 2.853880838675879605e-01 5.361026678165293768e-01 4.281334480309564317e-01 6.847844235941381585e-01
5.408454126336602608e-01 2.640036016302881317e-01 5.261916297554573019e-01 4.176792397886641695e-01 6.822854507834654747e-01
5.453204273983410788e-01 2.423072813696581784e-01 5.138731476345651528e-01 4.326519851897903113e-01 7.096417777542465277e-01
5.800565642782984366e-01 2.386696940157345959e-01 5.257636138378641855e-01 4.319832158810100742e-01 6.996109744759089200e-01
6.071381216736932984e-01 2.336235966414300091e-01 5.483584058120074545e-01 4.199864082992980641e-01 6.765749728907684002e-01
6.385578634836265310e-01 2.205758012130789036e-01 5.673741799166390765e-01 4.082453382724587909e-01 6.800228002826390616e-01
6.753683911736024781e-01 2.135396430294779491e-01 5.731088719762571504e-01 3.909311384504963738e-01 6.707435012431831600e-01
6.954909383540602841e-01 2.096052712192527367e-01 5.543378411541098894e-01 3.665648567129998758e-01 6.569697204904764165e-01
7.163649087127546000e-01 1.939626798714567946e-01 5.328147955375130973e-01 3.371761263247285978e-01 6.634413628086752723e-01
7.456059707151805327e-01 1.847842315237796518e-01 5.262647594749653157e-01 3.108596131681429786e-01 6.616725228266280290e-01
7.767737871394556626e-01 1.769785265061300794e-01 5.202824674999422250e-01 2.812533311232431332e-01 6.557190000362772553e-01
8.006687760353088379e-01 1.709942370653152466e-01 5.156961083412170410e-01 2.585555016994476318e-01 6.511546969413757324e-01
