2.099598497152328491e-01 7.175976037979125977e-01 1.506956070661544800e-01 7.852171063423156738e-01 4.764776825904846191e-01
2.461562341734011838e-01 7.291499402439698407e-01 1.885435901943660342e-01 7.983033858471282329e-01 4.836178487129313974e-01
3.081724517306385080e-01 7.110216038331181876e-01 2.158293717429007053e-01 8.122548226227545021e-01 4.819504453970775981e-01
3.481388319631888439e-01 6.939707862693378360e-01 2.376646562186469080e-01 7.942012596294586446e-01 4.457071279784049489e-01
3.706220908130185565e-01 6.808019553203511487e-01 2.542199327301876699e-01 7.586164388285248084e-01 4.207044184539279197e-01
3.874264967318238884e-01 6.664821317324060024e-01 2.608328629301191470e-01 6.984976041962209781e-01 3.927340606571729786e-01
4.051544479604389792e-01 6.552390933764770109e-01 2.845338764963997180e-01 6.494388566236873883e-01 3.713188475455062587e-01
4.317677473264225352e-01 6.440822139849282646e-01 3.359088228991500835e-01 6.237917610500853804e-01 3.599454858647480049e-01
4.591221862081463212e-01 6.345187731336138226e-01 3.815986824669091448e-01 6.191730825959398388e-01 3.577822716828758520e-01
4.992667981447321268e-01 6.170562257827824082e-01 4.272740485515503783e-01 6.135505465314544660e-01 3.602885501738657403e-01
5.406302289857820575e-01 5.984758769896479924e-01 4.685707855105334385e-01 5.877421149235213527e-01 3.658927639384562669e-01
5.718406715041340904e-01 5.919546258035457420e-01 5.098696057762025502e-01 5.429216645567676025e-01 3.656689629518027895e-01
5.944465277493574673e-01 5.913694437059600073e-01 5.416975447018832490e-01 5.083191550596333208e-01 3.619208134956943823e-01
6.361635202725086646e-01 5.662933834531374000e-01 5.733362155772887547e-01 4.772743037776241981e-01 3.737818798003697540e-01
6.696140235915661876e-01 5.222560557466204845e-01 5.851245940756042430e-01 4.541224743004467213e-01 4.024256743380315027e-01
6.917368958014838976e-01 4.838896645462640311e-01 5.858971089916352737e-01 4.362781843759158118e-01 4.276476761029266438e-01
7.089074723078392370e-01 4.379979116278468476e-01 5.772537668093900010e-01 4.252111177622654448e-01 4.616058981736233524e-01
7.150556082329126983e-01 3.927310253907079218e-01 5.639469461298114439e-01 4.260305504069726856e-01 5.125873506520094436e-01
7.184099977336158016e-01 3.563810386521807927e-01 5.552239829475005273e-01 4.293679031736004070e-01 5.781499629800183060e-01
7.188836217515895965e-01 3.322718730876911275e-01 5.531192119663793649e-01 4.314583183648751930e-01 6.289631681737185565e-01
7.062366668387618507e-01 2.949745863799260182e-01 5.515510359585710232e-01 4.345428015117776543e-01 6.845315525145503344e-01
6.787903728931408143e-01 2.582680758506994412e-01 5.420892468432449984e-01 4.383195967795788239e-01 7.208474548221505129e-01
6.624171051868312787e-01 2.202885148549292571e-01 5.012245125453457240e-01 4.441450790948650584e-01 7.404291964515068436e-01
7.147490895954516921e-01 2.162671511504224986e-01 5.147892925577391976e-01 4.116247468029679002e-01 7.253593302578913438e-01
7.504827657241345262e-01 2.038920767130667777e-01 5.189406803103500110e-01 3.644559690207632152e-01 7.027694919871892987e-01
7.815251935964251384e-01 1.835432024334128220e-01 5.169337586462493528e-01 2.989515067596573150e-01 6.708432929843574088e-01
8.006687760353088379e-01 1.709942370653152466e-01 5.156961083412170410e-01 2.585555016994476318e-01 6.511546969413757324e-01
