2.099598497152328491e-01 7.175976037979125977e-01 1.506956070661544800e-01 7.852171063423156738e-01 4.764776825904846191e-01
2.374388876183540498e-01 7.048557971383128118e-01 1.467584575721381790e-01 7.879785467112295771e-01 4.584921915952869242e-01
2.702270831904720616e-01 6.891278201950780113e-01 1.415252190026899115e-01 7.925474658846394238e-01 4.374872045982707847e-01
2.954574656503859420e-01 6.700982664612604722e-01 1.308061614291644581e-01 8.048561996906524740e-01 4.276605962191003529e-01
3.269781690323000922e-01 6.577622638862774540e-01 1.330848635877738551e-01 8.125683500004045046e-01 4.107446083483372035e-01
3.455413855635964260e-01 6.504386927780543282e-01 1.445078810089983068e-01 8.009317067526611211e-01 3.993067907406834260e-01
3.661024877857230186e-01 6.470398772162980761e-01 1.645820309119266633e-01 7.815966068649673471e-01 3.837620916449828168e-01
3.778790325850772680e-01 6.492110972898831323e-01 1.873531578348703874e-01 7.581842399148098766e-01 3.689686195118118683e-01
3.839860867116446919e-01 6.462143452077647732e-01 2.093121656262655061e-01 7.303440204837007288e-01 3.521317058708780534e-01
3.904744898757541716e-01 6.462248742516777389e-01 2.382424489593825967e-01 7.086610852119918924e-01 3.362326861059986016e-01
3.981337802169625517e-01 6.460712510599646574e-01 2.713232538586436426e-01 6.862370815127775137e-01 3.259901283482597445e-01
4.060203594126256532e-01 6.463913979592422754e-01 3.062068223741928330e-01 6.667480948178933220e-01 3.156777501293985266e-01
4.121073691287289176e-01 6.467739343434950605e-01 3.331296811601838770e-01 6.526442146468584005e-01 3.076354292633338705e-01
4.263355327748113432e-01 6.496185868590770296e-01 3.668572744395847685e-01 6.402115999782531652e-01 2.955275840977286683e-01
4.425400106595734906e-01 6.642133749336048831e-01 3.961539832438451536e-01 6.405690085598368944e-01 2.832017370035981862e-01
4.557964512517144184e-01 6.640972753253104877e-01 4.242923185626772953e-01 6.307987167390812777e-01 2.847393007098413253e-01
4.686340900934948261e-01 6.520350613396886930e-01 4.322393740119089278e-01 6.153343465131158041e-01 3.087094798831330200e-01
4.807331471660434841e-01 6.478061931416837504e-01 4.426524659588154664e-01 6.043892121902911807e-01 3.382857278574711857e-01
4.898950770154312240e-01 6.421266919172410326e-01 4.603425876068952816e-01 5.873929179324570704e-01 3.683317321431561764e-01
4.951593611604854228e-01 6.296815698818893914e-01 4.765761130960359804e-01 5.640583508018484071e-01 3.862449986038599681e-01
4.986899865438684798e-01 6.107882723886201015e-01 4.916709685073101799e-01 5.419539731041194131e-01 3.971045731298229464e-01
4.988424628618087775e-01 5.821485567745030565e-01 5.062993072886597945e-01 5.217868354628834027e-01 4.106515271945020418e-01
4.892623987472105584e-01 5.522210347014380183e-01 5.069326675791715475e-01 5.078432077044405801e-01 4.308464060669937590e-01
4.754759120896044911e-01 5.275175883648951514e-01 4.960631848044205761e-01 4.991790940357808681e-01 4.513749650006058101e-01
4.720405236655458858e-01 4.980397127823740222e-01 4.879121564190321836e-01 4.882956670284841483e-01 4.679494931603728203e-01
4.915102166918932647e-01 4.736325142224078188e-01 4.958466151694126967e-01 4.698201877520314373e-01 4.693824823621287057e-01
5.206244212290198625e-01 4.594598067496749039e-01 5.130709267593586143e-01 4.571739497764755189e-01 4.778837211012324504e-01
5.435565379262234931e-01 4.455243749391371022e-01 5.248210012996802343e-01 4.559973472186957810e-01 4.942779183717564417e-01
5.667321804436413757e-01 4.250037891616555985e-01 5.278040614825258992e-01 4.476967895853098400e-01 5.128257531822754123e-01
5.886251965895613614e-01 4.069691455918161282e-01 5.281619262721451991e-01 4.450445012038464765e-01 5.336566116334283683e-01
6.139565310301903223e-01 3.819466264713115011e-01 5.370114491222912623e-01 4.426395078593021171e-01 5.507661857083305801e-01
6.040809719693835955e-01 3.553874640918046612e-01 5.457442699353558524e-01 4.391766907154362465e-01 5.794428607209795024e-01
6.189749976724578939e-01 3.359922941128888341e-01 5.387888958778593862e-01 4.365974093461226779e-01 6.062526824009623061e-01
6.317370396399520915e-01 3.131382887984159313e-01 5.280157730445953490e-01 4.369909357552155815e-01 6.335251934302139620e-01
6.520076291490399800e-01 2.928752792565480489e-01 5.316029020356545232e-01 4.416823978727394406e-01 6.562633306960620194e-01
6.783511870593973425e-01 2.806090251279986236e-01 5.483423399480268356e-01 4.366158763867698522e-01 6.635165436144567774e-01
7.058175318884071237e-01 2.624590654644563537e-01 5.663796469215106599e-01 4.173044002475644887e-01 6.689773375669592070e-01
7.010864744093683321e-01 2.433059494465126815e-01 5.470401361153116593e-01 3.897698858144545420e-01 6.684700089097078690e-01
7.331499379539999639e-01 2.191388617363126956e-01 5.507789714330619812e-01 3.842723772079443267e-01 6.679353540287001900e-01
7.539711915348789040e-01 2.080626272876602012e-01 5.555857575188365427e-01 3.548967803709837110e-01 6.580746560555443825e-01
7.710317162634822141e-01 1.938255472445369332e-01 5.458751393584621026e-01 3.190573799869199090e-01 6.531650591500192116e-01
7.881641998964056262e-01 1.806273065629308283e-01 5.284293549607821383e-01 2.840826744155326988e-01 6.520029162822382762e-01
8.006687760353088379e-01 1.709942370653152466e-01 5.156961083412170410e-01 2.585555016994476318e-01 6.511546969413757324e-01
