2.099598497152328491e-01 7.175976037979125977e-01 1.506956070661544800e-01 7.852171063423156738e-01 4.764776825904846191e-01
2.538491472975405450e-01 7.185379848676201053e-01 1.456124877957878372e-01 7.867303938212817371e-01 4.787082498010558074e-01
3.018902745995359349e-01 7.266168528566339102e-01 1.571234755291467944e-01 7.927950327098334249e-01 4.592803273555960963e-01
3.355407331305180763e-01 7.248339963180111534e-01 1.796819453448969262e-01 7.815550952034244769e-01 4.470402229653037685e-01
3.579303177372112899e-01 7.241118304426473751e-01 1.997830227947472170e-01 7.652285683600706934e-01 4.213848318906430745e-01
3.633664177643354254e-01 7.269264948170760521e-01 2.153754422655596024e-01 7.432439763112981268e-01 3.731271037838440607e-01
3.487729566049045937e-01 7.258557672563279439e-01 2.330919383579705961e-01 7.174184418980014133e-01 3.281964974500184984e-01
3.585365550004111501e-01 7.122873178910306136e-01 2.510588172044943001e-01 6.926856088651240917e-01 2.937410484514056952e-01
3.929352534794058327e-01 6.958055540149790108e-01 2.651660190999736155e-01 6.683837026375128998e-01 2.602780660524219858e-01
4.200055220230894393e-01 6.821942724895424526e-01 2.898096909140163158e-01 6.472971263515590046e-01 2.355988596533050705e-01
4.439945254112420692e-01 6.671203676367233326e-01 3.275002034437830001e-01 6.372469734412917752e-01 2.227038562018571199e-01
4.701672140092111873e-01 6.557659945302484195e-01 3.734382740785567867e-01 6.384378557096148654e-01 2.287387759118468811e-01
4.839226730769083940e-01 6.506258828643650682e-01 4.214665576496311461e-01 6.375664076247015144e-01 2.459128327814338044e-01
4.846322320635912395e-01 6.331789798419005244e-01 4.704604469238292119e-01 6.301728059144626748e-01 2.534582806561214152e-01
4.828558520414050204e-01 6.101911785263659516e-01 5.039931814171616509e-01 6.165525891352358068e-01 2.587967000250360194e-01
4.857987746494332737e-01 5.847821074744974368e-01 5.285122600198002285e-01 5.943301689262804333e-01 2.799025564321556692e-01
4.829303934897015149e-01 5.626820712630573595e-01 5.354782344508070002e-01 5.649531526864876030e-01 3.184528360467671071e-01
4.688173423962011532e-01 5.499507521497349893e-01 5.300597910675650670e-01 5.403401948105079899e-01 3.471957928248826097e-01
4.589868243011284710e-01 5.365843028178247653e-01 5.155968179239897031e-01 5.157681083117229281e-01 3.724520149775416011e-01
4.818174675871527146e-01 5.170953280726208190e-01 4.943453846440166721e-01 4.953651117688561700e-01 3.975549711503736927e-01
5.242654188679972682e-01 5.022936822912742461e-01 4.847981923734488996e-01 4.852316774786656350e-01 4.115772282505609225e-01
5.707128288777590930e-01 4.875225771628946547e-01 4.921634368838981866e-01 4.734701259106443016e-01 4.195876678406931237e-01
6.082041998881374534e-01 4.649998656886232262e-01 5.119583963554442674e-01 4.616146597022540710e-01 4.292632346797665699e-01
6.333992062050843863e-01 4.336485434743264644e-01 5.371828980812609622e-01 4.564851082865153398e-01 4.432065651978090992e-01
6.510699525207300775e-01 4.010375201355780295e-01 5.627104441643420163e-01 4.572297431887809016e-01 4.650020824849919743e-01
6.689704047254352304e-01 3.745996170012328985e-01 5.809888729717355149e-01 4.610552508769337199e-01 5.033424404893511728e-01
6.820091201703852857e-01 3.576414755137033441e-01 5.837854982061841946e-01 4.619020782822931825e-01 5.456725505862866088e-01
6.942444311612712138e-01 3.381946358591826352e-01 5.779754004508317333e-01 4.555714587539020921e-01 5.920190063625245802e-01
7.067245847899878974e-01 3.230881383666238671e-01 5.758887092919485751e-01 4.489969144229832843e-01 6.255938394694207094e-01
7.312106543119659685e-01 3.041696040400657663e-01 5.835023645660949443e-01 4.512995911994909792e-01 6.730576003895393233e-01
7.339982287930054694e-01 2.777845572888738568e-01 5.842868529326628035e-01 4.612376114059955623e-01 7.118117769334776357e-01
7.116368567154378599e-01 2.369633861161040134e-01 5.708412918491396759e-01 4.529341328117840182e-01 7.346805238751407119e-01
7.320821592722570603e-01 2.015651863259965426e-01 5.432940446366434362e-01 4.327183351276824852e-01 7.297488003995177275e-01
7.310476165161473583e-01 1.933900860881638262e-01 5.380218276294237434e-01 3.887470997175205834e-01 7.049592534121597032e-01
7.501981883322240696e-01 1.847330476715689507e-01 5.299252589850950157e-01 3.383579539909976619e-01 6.820702177946916800e-01
7.807490367056625358e-01 1.764166729518548971e-01 5.213120717093431278e-01 2.900519458634425174e-01 6.633564394742976766e-01
8.006687760353088379e-01 1.709942370653152466e-01 5.156961083412170410e-01 2.585555016994476318e-01 6.511546969413757324e-01
