2.099598497152328491e-01 7.175976037979125977e-01 1.506956070661544800e-01 7.852171063423156738e-01 4.764776825904846191e-01
2.296811064695480076e-01 6.946989202677230635e-01 1.472566969382894941e-01 7.999305598495880520e-01 4.653605362218405928e-01
2.395739783053381089e-01 6.812033141343948328e-01 1.262088529736822839e-01 8.254382753338146417e-01 4.507559577574233867e-01
2.653100420797319114e-01 6.803802335384689925e-01 1.256886081904743380e-01 8.342910686233849793e-01 4.352056333977929459e-01
2.951849831371440303e-01 6.824109745880655442e-01 1.448184210174138231e-01 8.190111368816721527e-01 4.236263107814855489e-01
3.177100416537383953e-01 6.801439372178608167e-01 1.616277333037841879e-01 7.980938946507407650e-01 4.077565764127397130e-01
3.345801128360214594e-01 6.740915218827988609e-01 1.737627100866644680e-01 7.880089809734580619e-01 3.852470625032213269e-01
3.477820982239880898e-01 6.623394840596374955e-01 1.862606694025419063e-01 8.011333798815128970e-01 3.534873034286687976e-01
3.683789639877687594e-01 6.517368445964852874e-01 2.052282450991449736e-01 7.949802183005871825e-01 3.275757468267378458e-01
3.908974164732940126e-01 6.515080590414887851e-01 2.329489203722499846e-01 7.711239560275493510e-01 3.206797440353774120e-01
4.104186384288124878e-01 6.525993032654969772e-01 2.617750779101941649e-01 7.543715127207469839e-01 3.187267763738044213e-01
4.287294353109149525e-01 6.514940850304887787e-01 2.911312384264788111e-01 7.364988740610373119e-01 3.172433971996010404e-01
4.414412936792515008e-01 6.488276876553241701e-01 3.171646529465351749e-01 7.186547815378431237e-01 3.150175087197900070e-01
4.499662662700816829e-01 6.457569873503231639e-01 3.480473959601846357e-01 6.962953641087441525e-01 3.104056333564987336e-01
4.459925215840865320e-01 6.462778620140193775e-01 3.785242964533997445e-01 6.726510083253154360e-01 3.019225116184758306e-01
4.222841682451873857e-01 6.589894539181969657e-01 3.938593787654368628e-01 6.530371789982731823e-01 2.945697596594060164e-01
4.266266621338598575e-01 6.726896575520320276e-01 4.309324323614231456e-01 6.357469003652043149e-01 3.033603982595285409e-01
4.518486718367554222e-01 6.603164302328325963e-01 4.507726485040430275e-01 6.181983999845501732e-01 3.164175301489161596e-01
4.689724100702980514e-01 6.495331675703913676e-01 4.602459594292814815e-01 5.984467749486884758e-01 3.289002351001372726e-01
4.896741344680053398e-01 6.378910750007651398e-01 4.702158426704473593e-01 5.740401356842114167e-01 3.430960844020137790e-01
5.120581418208554059e-01 6.275128540744935313e-01 4.820046954440848075e-01 5.501901394032092663e-01 3.524822538862923405e-01
5.273501582190911474e-01 6.119569059590608262e-01 4.970092146086230733e-01 5.196194330663147509e-01 3.534633161596704154e-01
5.197936451540364766e-01 5.831042901269906098e-01 5.005256886731916932e-01 4.950015507946666227e-01 3.690671141753171791e-01
5.198524244727442678e-01 5.575293460981807225e-01 4.985756427494306697e-01 4.869220077526470458e-01 3.924538852628978169e-01
5.320811431902449096e-01 5.259180596922820028e-01 4.974472586354097281e-01 4.815133411530788110e-01 4.182277095229411379e-01
5.485481553968910573e-01 4.978981435663791255e-01 4.981128840553428749e-01 4.744981184891313153e-01 4.336972507386297471e-01
5.696373069257103516e-01 4.697759950055339084e-01 5.011914506920865930e-01 4.578695575199536183e-01 4.458804763493880996e-01
5.825473087694955643e-01 4.465151557227905466e-01 5.107500495721050138e-01 4.365601328027173267e-01 4.602013948912287433e-01
5.821805139879052682e-01 4.213686151411581426e-01 5.244469887815659259e-01 4.244946527648939538e-01 4.854738918832489647e-01
5.735319067677485672e-01 3.970189367921897472e-01 5.244630324796214493e-01 4.305375744774808666e-01 5.173101713652251687e-01
5.674468946066273389e-01 3.803323457285354148e-01 5.158137099464238373e-01 4.405442448313536263e-01 5.414866176165361589e-01
5.722454988023381039e-01 3.640755073733226710e-01 5.090606516069732246e-01 4.495727987762492273e-01 5.651992507303114088e-01
6.036499471521566962e-01 3.462076798509886033e-01 5.158635139725376018e-01 4.541024655770780072e-01 5.898360884752668065e-01
6.337788110211017845e-01 3.341763742262476855e-01 5.264016259088888372e-01 4.538083752122982206e-01 6.069695393119561855e-01
6.595018191156709619e-01 3.205287273268250803e-01 5.360619308430888408e-01 4.527038909816426537e-01 6.270758103750652124e-01
6.790974481265529272e-01 3.018442291379892506e-01 5.444227120685711796e-01 4.504953200475795838e-01 6.515322111526415938e-01
6.863837926075317952e-01 2.729113917437269721e-01 5.473874880993093717e-01 4.424615202821494120e-01 6.770828981254917167e-01
6.688867474580668659e-01 2.429406614813207355e-01 5.345839493155193356e-01 4.317480742748040501e-01 6.893642527590987390e-01
6.730894564949968517e-01 2.143266597180364941e-01 5.119936666776770950e-01 4.089019692179551302e-01 6.865380608866065160e-01
7.098087046247152365e-01 2.125125960856734664e-01 5.196135984182116418e-01 3.937199083412318279e-01 6.829464945205174775e-01
7.276680388556597823e-01 2.093706829047959628e-01 5.245164462959778229e-01 3.700067827110961050e-01 6.772287716279039582e-01
7.421036991307916608e-01 2.019458745334233862e-01 5.255278312907443183e-01 3.405194206612819907e-01 6.696825615344010885e-01
7.606116613377728042e-01 1.906821110074876924e-01 5.225199500217054815e-01 3.085665979696365913e-01 6.620081131843855715e-01
7.835786306063072804e-01 1.793939590972236930e-01 5.186074624810397271e-01 2.798924580622557667e-01 6.557852466800450086e-01
8.006687760353088379e-01 1.709942370653152466e-01 5.156961083412170410e-01 2.585555016994476318e-01 6.511546969413757324e-01
