2.099598497152328491e-01 7.175976037979125977e-01 1.506956070661544800e-01 7.852171063423156738e-01 4.764776825904846191e-01
2.536742082572654988e-01 7.079202933219631566e-01 1.312569078170898185e-01 8.207839055872162559e-01 4.692766820029405372e-01
3.142238997981868232e-01 6.763630154461470756e-01 1.252529145589709458e-01 8.131458353248307569e-01 4.552801198053154641e-01
2.871709703446890249e-01 6.222197785565229955e-01 1.285665973121523087e-01 8.000674411776628192e-01 4.258324150473819514e-01
2.887589149135841859e-01 6.064902450432315684e-01 1.515130757380427629e-01 7.552737514613214742e-01 3.720140649229858876e-01
3.198173941135969978e-01 6.276124802092735155e-01 1.805113288702544505e-01 7.320680996873316637e-01 3.333649107200256090e-01
3.542428496572092578e-01 6.455476555235276637e-01 2.121540694933909954e-01 7.189429655956462994e-01 3.078492205772218049e-01
3.936879871682291698e-01 6.554626453879078829e-01 2.613784956297999229e-01 7.114713883633336788e-01 2.849958504263800929e-01
4.066009555458120484e-01 6.641355290904953357e-01 3.185360235858394895e-01 7.170586653139479072e-01 2.742669311586961589e-01
4.120974128070001852e-01 6.659964408450429474e-01 3.767451373250860769e-01 6.932083129948437561e-01 2.625202584554985341e-01
4.315135739919449542e-01 6.505437266368974125e-01 4.042508554745992688e-01 6.621244081799443348e-01 2.499214235547524976e-01
4.616743281316621483e-01 6.201248085058406190e-01 4.425614203763998944e-01 6.321073650219444229e-01 2.335232441810495552e-01
4.707129352645141318e-01 5.946018049669105077e-01 4.856537433861164432e-01 6.007444475268217676e-01 2.291665311308371256e-01
4.565821231952054693e-01 5.704292224728535476e-01 4.990888635218284630e-01 5.495335855764857946e-01 2.623557002161776008e-01
4.640342246462810794e-01 5.449285042165261661e-01 4.872255997396760518e-01 5.132678581268600437e-01 3.055367240839826914e-01
4.883582019498251547e-01 5.285483129623359533e-01 4.696799270932900394e-01 4.863867869793667698e-01 3.403091025605123887e-01
5.574849441200042666e-01 5.196378490407956852e-01 4.791686366343215209e-01 4.786031516761241611e-01 3.535871287363318016e-01
6.052317699296213549e-01 5.181163525611163223e-01 4.946877710076806878e-01 4.797010014352663942e-01 3.508837543026027128e-01
6.724921872972423609e-01 5.210718167709699200e-01 5.235215758373231720e-01 4.683545365061701493e-01 3.409710023863928852e-01
6.806437852673488109e-01 5.084535980260798116e-01 5.445007860614169415e-01 4.592514137808144659e-01 4.000099295676879940e-01
6.876960515663504969e-01 4.977512033777873879e-01 5.513057496537597801e-01 4.725385226364473557e-01 4.471956039334531452e-01
6.668948795148068598e-01 4.744995842177066048e-01 5.513861410441177613e-01 4.821134214998434309e-01 4.872485532211359160e-01
6.236552705107216710e-01 4.347447841347990005e-01 5.451867676768519244e-01 4.804285743647054852e-01 5.171785699924745794e-01
5.928121709827625097e-01 3.815469218218796033e-01 5.362784547097195764e-01 4.613755488503969993e-01 5.537512988889859988e-01
6.020779571483273473e-01 3.413279222193510987e-01 5.438969604632729604e-01 4.573199987307178804e-01 5.949168486008981072e-01
5.976949752824085582e-01 3.184989355141875089e-01 5.558956931768698206e-01 4.666998309810722056e-01 6.544057011871198259e-01
6.191919930457852050e-01 3.018613581457226802e-01 5.760879164197347801e-01 4.885730635750563100e-01 7.009921315056367730e-01
6.734527935845407987e-01 2.944898025538882913e-01 5.953100429807249849e-01 4.949678973929981241e-01 7.213654566433722604e-01
7.218174201775583443e-01 2.962177682368282161e-01 6.082678217650622221e-01 4.762128397718201622e-01 7.283564532170390127e-01
7.292292074563234694e-01 2.598523453410827022e-01 5.810114694682873004e-01 4.277867842220322014e-01 7.292413145782729034e-01
7.371508873916514659e-01 2.284547918561511681e-01 5.560401830919700084e-01 4.068720304213137018e-01 7.125691893220253981e-01
7.477826141321696207e-01 1.934188659634493990e-01 5.300360844377742797e-01 3.626101137567802613e-01 6.808932599441698263e-01
7.789751094183107183e-01 1.800890596574185043e-01 5.214536523163643134e-01 3.002398214194854087e-01 6.638217714070079323e-01
8.006687760353088379e-01 1.709942370653152466e-01 5.156961083412170410e-01 2.585555016994476318e-01 6.511546969413757324e-01
