2.099598497152328491e-01 7.175976037979125977e-01 1.506956070661544800e-01 7.852171063423156738e-01 4.764776825904846191e-01
2.484418917346828681e-01 7.014374351049853518e-01 1.333487302578920120e-01 8.200675995587749512e-01 4.536978214936379650e-01
3.024592871460988763e-01 6.645564999479864898e-01 1.519486759042742996e-01 8.201990334926663184e-01 4.177385749454153308e-01
3.328227481975248869e-01 6.355582214948828357e-01 1.509084637728630440e-01 7.663610662232566151e-01 4.005557310855500930e-01
3.939266448841839963e-01 6.438801087547737501e-01 1.916802135213587222e-01 7.153512569776486751e-01 3.863990486584200079e-01
4.360533148629400224e-01 6.539855374760514817e-01 2.282150905673930308e-01 6.855845839891397953e-01 3.765970955842687373e-01
4.685051564274704816e-01 6.504857803377591674e-01 2.941309467165263980e-01 6.602778490897016628e-01 3.638697287180609474e-01
4.883876156174916661e-01 6.342885076156091761e-01 3.514433545782080226e-01 6.425849552927432873e-01 3.561879380717226096e-01
4.793680434072203900e-01 6.130030775521164710e-01 4.147827612634221728e-01 5.907094299855233377e-01 3.542158335246752277e-01
5.264073110478190154e-01 6.059507520892859489e-01 4.685175328744409784e-01 5.664020094213593204e-01 3.605133101367309911e-01
5.988052078964957170e-01 6.060674425864056580e-01 5.154720101955522216e-01 5.539955209107658707e-01 3.551181526885693884e-01
6.478967358265683707e-01 5.906618953724881438e-01 5.491189407981162951e-01 5.200016941910072799e-01 3.505654098052718437e-01
6.542686004493578622e-01 5.517778553091582383e-01 5.613734830451693192e-01 4.746316083418216092e-01 3.588824049641863301e-01
6.395924059340813983e-01 4.930160660165721631e-01 5.729929216517939405e-01 4.166790240408563273e-01 3.798137472820818927e-01
6.647247881793633129e-01 4.344075106609674441e-01 5.819675225065389368e-01 4.150561819094728544e-01 4.208823069378640480e-01
6.643099523394154771e-01 3.826943649956965898e-01 5.852582201568830023e-01 4.209283360822433928e-01 4.917564966271588678e-01
6.410450196521468857e-01 3.580488344692965286e-01 5.841305580441954470e-01 4.157143433506159114e-01 5.521310315084594356e-01
6.246874361493092165e-01 3.451614718149675354e-01 5.816310783134545082e-01 4.247336379111740778e-01 6.267250446618626292e-01
6.101294777804222580e-01 3.228943845424470105e-01 5.660079295927433751e-01 4.509086591619230200e-01 6.935052482976996613e-01
5.611403760783922889e-01 2.713105052453384514e-01 5.385441377807114183e-01 4.540914508596871624e-01 6.981786461934976762e-01
6.065188960970536725e-01 2.366385219094225556e-01 5.231823047241564995e-01 4.431481516009140309e-01 7.310782735273210209e-01
6.849416116621119821e-01 2.223874985447039099e-01 5.083322162223038454e-01 4.406268241355186244e-01 7.511709670812830586e-01
7.146865975776960367e-01 2.020210184768173323e-01 5.161289037242663413e-01 3.771185679618983544e-01 7.185627765102959863e-01
7.689322619183724949e-01 1.824463996405477073e-01 5.158558555938488333e-01 3.023178079550455366e-01 6.760354048649278580e-01
8.006687760353088379e-01 1.709942370653152466e-01 5.156961083412170410e-01 2.585555016994476318e-01 6.511546969413757324e-01
