2.099598497152328491e-01 7.175976037979125977e-01 1.506956070661544800e-01 7.852171063423156738e-01 4.764776825904846191e-01
2.168010687427091854e-01 7.073555915757568924e-01 1.419764755100979270e-01 8.230501322981673695e-01 4.855833190722751991e-01
2.133829598122937432e-01 6.669871355584802153e-01 1.356554270601778578e-01 8.349433372442836010e-01 4.609024741332443109e-01
2.146097922389332280e-01 6.555034210546355489e-01 1.372758827415950789e-01 8.066415926982508644e-01 4.399612792290881202e-01
2.069650795849114766e-01 6.687496081148537330e-01 1.129219273918899286e-01 7.883929453178517566e-01 4.058509216698106270e-01
2.129124308841957580e-01 6.603886293661864748e-01 1.259035260778932075e-01 7.587504385148592378e-01 3.807311803624859881e-01
2.365566942210843848e-01 6.538506685327175605e-01 1.557562925871042725e-01 7.526231580251353526e-01 3.639979627490925740e-01
2.618567085642153347e-01 6.486058673206719360e-01 1.777025569837400454e-01 7.503309204661721132e-01 3.556564104866316578e-01
2.949556827136826653e-01 6.391368697979579183e-01 2.014357532234317960e-01 7.441687812276661651e-01 3.479689000025421586e-01
3.288851421972655009e-01 6.286543808446000137e-01 2.204559375259971532e-01 7.365617997541566986e-01 3.412603351057832968e-01
3.582670959196103122e-01 6.134471484498104088e-01 2.429631411809000385e-01 7.309477893583485875e-01 3.413977070558752436e-01
3.769693851749112423e-01 6.011627347674757260e-01 2.705374540041327047e-01 7.148233657038984834e-01 3.419166116779848719e-01
3.873041638409544518e-01 5.967164209335354963e-01 2.946438348105107075e-01 6.881988807995097490e-01 3.330951796041056179e-01
3.967435869162691531e-01 5.964334728551067277e-01 3.195579093835003159e-01 6.509939395952100138e-01 3.116775613679327872e-01
4.065619824942628968e-01 5.984770017096107120e-01 3.414073457954584501e-01 6.206583968015361163e-01 2.901407894248808628e-01
4.185994659824227582e-01 6.015996519301056722e-01 3.656890030427679128e-01 5.935038119964158865e-01 2.778008662505294102e-01
4.197185347501206643e-01 5.965703782158223722e-01 3.861801856845334946e-01 5.592648365306753799e-01 2.896672921726251015e-01
4.075031239899567503e-01 5.843805997785145312e-01 3.913037562891213406e-01 5.333583538449471195e-01 3.137229819278473109e-01
3.924879225812868411e-01 5.657845300177064551e-01 3.907782259574383299e-01 5.163583888595242311e-01 3.471533028845877333e-01
3.847032151073315198e-01 5.404552411992959993e-01 3.943230355499292017e-01 5.078069483200998713e-01 3.823280717788162253e-01
3.874475569662282348e-01 5.087565189451861425e-01 4.099929449439234097e-01 4.958671521085724065e-01 4.066460911307687165e-01
4.144686237263545681e-01 4.841904482627047979e-01 4.252098044991710624e-01 4.843699278838939359e-01 4.192349397854114867e-01
4.508068151314724159e-01 4.761576324003569116e-01 4.188743212085595524e-01 4.914041117183700624e-01 4.306146369269607255e-01
4.875548822876090149e-01 4.792199058521897648e-01 4.383470808418347686e-01 4.794414273422215045e-01 4.310456322861507261e-01
5.093308029768985890e-01 4.792533275623722666e-01 4.691166136039674472e-01 4.648629162784430613e-01 4.304593940904805627e-01
5.291353455889177271e-01 4.742764012767898829e-01 5.039690415596074224e-01 4.554205813317073193e-01 4.344467281614664000e-01
5.504671427660111638e-01 4.570636812489183853e-01 5.316803347635837840e-01 4.497599931250961247e-01 4.440524001791928965e-01
5.663147981470257886e-01 4.381929899630179759e-01 5.432035013420604130e-01 4.547807131974184736e-01 4.675294908528705440e-01
5.882720331623295662e-01 4.264569425502101607e-01 5.512637828731787870e-01 4.699106749780354586e-01 4.988257427297302926e-01
6.101478632174857086e-01 4.166485486192358367e-01 5.589116195980431412e-01 4.814752249744497226e-01 5.286321340730203433e-01
6.360645471085154545e-01 4.019160236002872755e-01 5.606233099467797798e-01 4.934598606091818995e-01 5.547882027654682524e-01
6.344379112663119935e-01 3.880416370104975976e-01 5.603966392801992269e-01 5.038358785983594323e-01 5.856900430161872118e-01
6.216331039067313213e-01 3.663817146245600953e-01 5.596518344082157537e-01 5.022771141533344252e-01 6.199178427837356287e-01
6.105502633532257084e-01 3.428582089725429882e-01 5.562548115264146498e-01 4.892800283929242822e-01 6.497470581053570449e-01
6.013163702002162214e-01 3.219287088881022108e-01 5.517302620074527875e-01 4.724274183183998499e-01 6.736972471797335604e-01
6.030625357887559046e-01 2.974613897883152669e-01 5.491086051342977115e-01 4.527430454272967086e-01 7.005632175041366372e-01
6.291864845649154381e-01 2.703563646313784097e-01 5.479864685309827621e-01 4.379596374343086573e-01 7.216283206887630364e-01
6.525964962055132990e-01 2.448904792519691342e-01 5.397376517289155240e-01 4.260499941152419701e-01 7.286723504602601320e-01
6.446043169152367858e-01 2.146387529108790271e-01 5.088641574858298045e-01 4.091393884994082297e-01 7.200404556002614198e-01
6.671647645804295035e-01 1.785231389301710492e-01 5.010415335938182002e-01 3.972359409676524677e-01 6.956767705671955682e-01
7.029894155512277365e-01 1.743957306830673237e-01 5.153411363714281990e-01 3.839729212372642309e-01 6.870180384171955534e-01
7.401678898943919727e-01 1.749725703276580890e-01 5.263671161175590418e-01 3.567561539114245117e-01 6.827420186818426995e-01
7.648453682652393004e-01 1.775829222188459178e-01 5.208465500261443282e-01 3.244260971445480646e-01 6.753426197924325969e-01
7.848570112355861550e-01 1.739516216853736197e-01 5.178357936048593180e-01 2.875394504745492075e-01 6.618214925175506247e-01
8.006687760353088379e-01 1.709942370653152466e-01 5.156961083412170410e-01 2.585555016994476318e-01 6.511546969413757324e-01
