2.099598497152328491e-01 7.175976037979125977e-01 1.506956070661544800e-01 7.852171063423156738e-01 4.764776825904846191e-01
2.330941196099221846e-01 7.079993038899062840e-01 1.349717230175998817e-01 8.000727716425706237e-01 4.672002475020094470e-01
2.625977193564683065e-01 6.963490587683391908e-01 1.257617197200755765e-01 8.127826030496347887e-01 4.486275598707243351e-01
2.878316572566514964e-01 6.814162345124140652e-01 1.337488960881726974e-01 8.132145109827849661e-01 4.156267746133943675e-01
3.122784561964549455e-01 6.813467056930890831e-01 1.479860510392915773e-01 7.965392913300598510e-01 3.894952065136842445e-01
3.354541466878299683e-01 6.811439610615919182e-01 1.622785021270385930e-01 7.795796655508180351e-01 3.725414511608624579e-01
3.653145849219734953e-01 6.656044447800977260e-01 1.720008937664375404e-01 7.645315601442604914e-01 3.589443054718326476e-01
3.860818726755595454e-01 6.431315167974662739e-01 1.815808941008060784e-01 7.592485769464505374e-01 3.378935493401760692e-01
4.095797276816173227e-01 6.366936141027771390e-01 2.102074598213390932e-01 7.549608797689987272e-01 3.229982381540260628e-01
4.251023430361499100e-01 6.399556058829317662e-01 2.489013741234190058e-01 7.418125409243098156e-01 3.158761466621788916e-01
4.325115549348440003e-01 6.447209001146742002e-01 2.868204744617500745e-01 7.232732446999123876e-01 3.135642175921392605e-01
4.372190274567056001e-01 6.491432115343044318e-01 3.219175635786608591e-01 7.040718960224430223e-01 3.128203304211163993e-01
4.402089292179053870e-01 6.520015426305904027e-01 3.470726474812690920e-01 6.886392816995452471e-01 3.122220756850281886e-01
4.449470327407581971e-01 6.536693400796151909e-01 3.791552797496256511e-01 6.635772269365386444e-01 3.090787811250475525e-01
4.581244332433737076e-01 6.478075814979488145e-01 4.081742655749867055e-01 6.303038684172023176e-01 2.987395908699233549e-01
4.637394985563563776e-01 6.427388956522614993e-01 4.245755251941945030e-01 5.963558252382954450e-01 3.054615886013964388e-01
4.630787220418648986e-01 6.399532632868406568e-01 4.372210713686866534e-01 5.796208677907385143e-01 3.379693990923374747e-01
4.769247677546459840e-01 6.360219754343783283e-01 4.582546813598651347e-01 5.718330387014979310e-01 3.639996163753480563e-01
4.960538376080329548e-01 6.271822496684891224e-01 4.864490922009461760e-01 5.609506672158323104e-01 3.893559730376545125e-01
4.910782451037823404e-01 6.034639765616114371e-01 4.999531552573086568e-01 5.421599624823930652e-01 4.021831539721631432e-01
4.779723080257693435e-01 5.742572648542962899e-01 4.970473692888428552e-01 5.206466192749596988e-01 4.060869371115155557e-01
4.783619389742612138e-01 5.469878812345411179e-01 4.917229431319065092e-01 5.033968786313961497e-01 4.215878398448801856e-01
4.911888901788145079e-01 5.226770069170038058e-01 4.970541802700375045e-01 4.848645163722699603e-01 4.412115485347470889e-01
5.043996232031522364e-01 4.997944339130029334e-01 5.080823110445084057e-01 4.616975241821897336e-01 4.570908091507803750e-01
5.270282857203201221e-01 4.759143845957157781e-01 5.155418856618952939e-01 4.450172278058115993e-01 4.714843005104224494e-01
5.603167697774734668e-01 4.481013825379722704e-01 5.198548795286954682e-01 4.378439045069378310e-01 4.904283024508366839e-01
5.850324367315952179e-01 4.234337055643305203e-01 5.231873330245702114e-01 4.354558252747649516e-01 5.115963866325075049e-01
6.048678360830130885e-01 4.011832436600669127e-01 5.320156464289026443e-01 4.314589777530487558e-01 5.331065179816256716e-01
6.270490231073020393e-01 3.827322185891318118e-01 5.458825087065942716e-01 4.265815297821893837e-01 5.527840642641049795e-01
6.532365685952311596e-01 3.620794662125718100e-01 5.460004497157587844e-01 4.331110789198766020e-01 5.799311028661080503e-01
6.648076191758979236e-01 3.410599485868290870e-01 5.348928951334525062e-01 4.430785199323712398e-01 6.079345677346178478e-01
6.515439335163885071e-01 3.202489627814829043e-01 5.242509665719912171e-01 4.449135666325598759e-01 6.322525827695170131e-01
6.263048282948893153e-01 3.049311128880231592e-01 5.173796039159423987e-01 4.420876905210981977e-01 6.508691621287706619e-01
5.926482575317124635e-01 2.914846648673242724e-01 5.123721564692519381e-01 4.397840219487654800e-01 6.735744800481469063e-01
5.829798895003263093e-01 2.704682167880174681e-01 5.191722097462564411e-01 4.238702545778614827e-01 7.040191332661966950e-01
6.138619759371093387e-01 2.557081389636293167e-01 5.273485268159255890e-01 4.168114567283046634e-01 7.040936378067463863e-01
6.493668165361379252e-01 2.424486444673458474e-01 5.409761680774073378e-01 4.208351536825822303e-01 6.878476443189363021e-01
6.800553529004245146e-01 2.453159225962807943e-01 5.577230286878888110e-01 4.091646327398682503e-01 6.819524835765179427e-01
7.153854983342975427e-01 2.510010623624687742e-01 5.696757128441438667e-01 3.982753096504141888e-01 6.780340632430693626e-01
7.468154859966450454e-01 2.459307257748008513e-01 5.649818803379305088e-01 3.766770141541938011e-01 6.754965149143271619e-01
7.454716162097331233e-01 2.214246552916488142e-01 5.517535945196735403e-01 3.429595948382117565e-01 6.726312559192088036e-01
7.643322317704733804e-01 2.035263263204259154e-01 5.428940198333122025e-01 3.126595570705339444e-01 6.664189838084746409e-01
7.852292568123686589e-01 1.848172306267246712e-01 5.272525919254968940e-01 2.815444958330837744e-01 6.576405434982570686e-01
8.006687760353088379e-01 1.709942370653152466e-01 5.156961083412170410e-01 2.585555016994476318e-01 6.511546969413757324e-01
