2.099598497152328491e-01 7.175976037979125977e-01 1.506956070661544800e-01 7.852171063423156738e-01 4.764776825904846191e-01
2.402206322760581936e-01 7.129174640493161075e-01 1.585648934351915063e-01 7.942188535871772537e-01 4.614134481300961599e-01
2.681847760997106422e-01 7.097536366353918158e-01 1.627647214557839117e-01 8.184055235598791667e-01 4.478587178504143118e-01
2.869181894506201980e-01 6.944520565740441853e-01 1.627881468401389253e-01 8.448555652867351107e-01 4.266371187859200886e-01
2.892239273525232801e-01 6.703795961537708514e-01 1.746112236719949140e-01 8.326645640683882910e-01 3.965186545586200650e-01
3.024263284263062901e-01 6.680816353593121981e-01 1.911868113405944258e-01 8.115099235710783177e-01 3.743901289406295074e-01
3.273276269667871885e-01 6.606341772383826916e-01 2.011802540155581964e-01 7.985047155704876332e-01 3.475355165972457416e-01
3.589961332081610945e-01 6.429462186762558984e-01 2.101661415796591548e-01 7.942870713036470631e-01 3.330515445791609186e-01
3.915333449160457446e-01 6.298252795060077514e-01 2.330494000860297010e-01 7.870081046935176738e-01 3.320953537600561667e-01
4.148369666839073489e-01 6.259669348316417858e-01 2.610715565020295115e-01 7.777778307631593169e-01 3.334280580697474017e-01
4.371072195898366708e-01 6.241472605107900584e-01 2.920702750133560843e-01 7.666638863742366583e-01 3.315384103147149264e-01
4.628287712842438784e-01 6.222680134294542587e-01 3.216426994281079144e-01 7.473455730214809689e-01 3.254008061865752421e-01
4.801682027905700978e-01 6.215774744786720651e-01 3.381144407080460823e-01 7.307738059746068382e-01 3.200554680532450291e-01
5.032498097622918332e-01 6.222806580868540660e-01 3.572864449207281412e-01 7.060347247864898756e-01 3.117707743707490708e-01
5.186650509016139665e-01 6.235039902611012597e-01 3.748877030172171887e-01 6.709613559828436768e-01 3.038634094867460056e-01
5.022448807790317327e-01 6.229586735101199091e-01 3.798727690329895545e-01 6.352740632446057800e-01 3.041230956546830400e-01
4.787978510577218794e-01 6.202787073341018420e-01 3.815368419669949440e-01 6.029340550349123751e-01 3.070677058139313353e-01
4.687894015679321957e-01 6.155234035974131990e-01 3.907660383561728512e-01 5.663873120534851369e-01 3.104342968426470617e-01
4.951310930814501465e-01 6.167549814157573529e-01 4.190507749383038383e-01 5.491298684634100535e-01 3.135686170266779316e-01
5.310893492214360245e-01 6.180286748938558228e-01 4.441470475347281122e-01 5.383139641540669595e-01 3.115468601712514940e-01
5.688037450411591589e-01 6.187843432153230516e-01 4.632383761523601318e-01 5.296982750894021486e-01 3.158764039844449423e-01
5.786189726435194691e-01 6.194774953650238336e-01 4.798384338588959630e-01 5.250332596836370103e-01 3.475726492274536228e-01
5.702192976613220665e-01 6.079592616291400464e-01 4.918671126588173292e-01 5.109643240795176400e-01 3.830646665629668379e-01
5.642527482358761226e-01 5.903988886712947526e-01 4.985164349357603109e-01 4.950652776394365295e-01 4.101690841391344988e-01
5.571962455167210893e-01 5.681650567108506023e-01 5.006215775140645530e-01 4.815853641037720068e-01 4.365421814176747572e-01
5.484937157306225552e-01 5.407302621585888813e-01 4.996501766688141721e-01 4.751159426954935094e-01 4.640692712239612994e-01
5.468260900188500750e-01 5.102313002232928829e-01 4.998987899136361768e-01 4.756301379959824716e-01 4.875664306468486808e-01
5.536306957653515104e-01 4.785158857802386256e-01 4.993692992892315163e-01 4.767360386316406573e-01 5.022333510324885619e-01
5.705230812065282819e-01 4.415330687344214411e-01 4.959814495650257116e-01 4.758994667105292953e-01 5.092018225303944767e-01
5.976591900308974026e-01 4.059810771130289986e-01 4.956139960690590374e-01 4.717540551742517296e-01 5.144555665500196717e-01
6.207768153096119290e-01 3.746237100676133580e-01 5.056700170090322466e-01 4.609770800384911937e-01 5.216413370325860832e-01
6.214173968976733908e-01 3.374767126201301259e-01 5.167159123854018210e-01 4.448037613268743251e-01 5.348401681212874292e-01
5.966473720648113321e-01 3.190457225305716182e-01 4.976679853160161926e-01 4.499764889570199156e-01 5.596388990717203749e-01
5.765221357704316540e-01 3.060140736434773245e-01 4.806689913033540540e-01 4.594220896713270275e-01 5.896761402409147479e-01
5.651807276154576787e-01 2.892439519296458039e-01 4.705748625066686897e-01 4.648401988316901989e-01 6.237313674578223166e-01
5.635672992960131245e-01 2.691065341174624370e-01 4.662580202268762908e-01 4.643824945750111288e-01 6.544418393715476512e-01
5.742861293410292944e-01 2.410513316695733210e-01 4.687204770341462101e-01 4.555960638662035489e-01 6.832262981492066567e-01
5.929442307126617795e-01 2.253103794266303195e-01 4.820798876567035096e-01 4.400290285126271517e-01 7.114140789194904890e-01
6.221850080991108145e-01 2.238249238768179605e-01 4.828135822549003420e-01 4.173552137973276510e-01 7.062831883041138514e-01
6.582453371617599247e-01 2.109680603209442562e-01 4.950359024541455266e-01 3.981383875259694727e-01 6.902087513431145460e-01
6.802631599513430105e-01 2.018957665214279329e-01 5.008040295020184107e-01 3.703817896733049841e-01 6.788575719224690941e-01
7.120832251268091051e-01 1.931974441698563194e-01 5.049617091368477917e-01 3.386527666278382198e-01 6.702414365207886027e-01
7.434520715714312278e-01 1.853419526997120426e-01 5.086869809813013843e-01 3.102144505123864415e-01 6.632262551798814298e-01
7.741410510768582665e-01 1.776463576955785717e-01 5.124463919858094352e-01 2.825064186491809126e-01 6.567513962925692894e-01
8.006687760353088379e-01 1.709942370653152466e-01 5.156961083412170410e-01 2.585555016994476318e-01 6.511546969413757324e-01
