2.099598497152328491e-01 7.175976037979125977e-01 1.506956070661544800e-01 7.852171063423156738e-01 4.764776825904846191e-01
1.929254211817146292e-01 6.945823176457466275e-01 1.418351896288938818e-01 7.718545627303545764e-01 4.558994361115962235e-01
1.772755702247001408e-01 6.717810975928973916e-01 1.391315251965701272e-01 7.580940990431125348e-01 4.261564595471553085e-01
1.951853124563621422e-01 6.553576363527566784e-01 1.579642571101431414e-01 7.604688090335005590e-01 4.037327177177315041e-01
2.272731574600836690e-01 6.460349455401532826e-01 1.713200559986910732e-01 7.479708331042090874e-01 4.082758552873492208e-01
2.584877876327593138e-01 6.407907899935012530e-01 1.823704691611211515e-01 7.317783090715003214e-01 4.014261068026730439e-01
2.849667208530499707e-01 6.385241465457138776e-01 1.926790899193912554e-01 7.214699891126777898e-01 3.814210546934585500e-01
3.007067627643999486e-01 6.350355877543426564e-01 1.928538205982915088e-01 7.224289781475130567e-01 3.458845803761498860e-01
3.207953305757236251e-01 6.241423389631260976e-01 2.035409862940277259e-01 7.306851863292851412e-01 3.238016661008873975e-01
3.533131398604696938e-01 6.223401928685792228e-01 2.294748588236694697e-01 7.218151842470489354e-01 3.154689065456067754e-01
3.875371964025295379e-01 6.223064631128861768e-01 2.560707441146626850e-01 7.190433369626273441e-01 3.162790561317349036e-01
4.117783694096085467e-01 6.211385571614652656e-01 2.904368645721589481e-01 7.151288412880828504e-01 3.210824635359849077e-01
4.133780901933207241e-01 6.156259257054768064e-01 3.275607469847310882e-01 6.969311411568174242e-01 3.110311351812051206e-01
4.129038627148420848e-01 6.260955038495678027e-01 3.533403543696844729e-01 6.721812269676078477e-01 2.994023256421511903e-01
4.132198423800962916e-01 6.353087180186409721e-01 3.735786082692568733e-01 6.488407716450291796e-01 2.886484509292550071e-01
4.207963636063593027e-01 6.311899465630755879e-01 3.955678915044332777e-01 6.155057801941470341e-01 2.795232423007333322e-01
4.299812450496667826e-01 6.217842978169084711e-01 4.065851445203538250e-01 5.843451324649538980e-01 2.842997450226683043e-01
4.429521493380111918e-01 6.125539314431129867e-01 4.121365073567199722e-01 5.499493717047291286e-01 2.976756440606301846e-01
4.585822808274395701e-01 6.040573274685252514e-01 4.185337733450852915e-01 5.170035848405946100e-01 3.117579024404301125e-01
4.685108948600950618e-01 5.965807034212423643e-01 4.247907487329760645e-01 4.933831431974892157e-01 3.246490193481679221e-01
4.717469286414790464e-01 5.837375165062467230e-01 4.290210700109605146e-01 4.788887807694486853e-01 3.558049766507095368e-01
4.844358175246231690e-01 5.706498689226905396e-01 4.323515283803099352e-01 4.790360689197182276e-01 3.885624764454525537e-01
5.024237006503655678e-01 5.590756422441814921e-01 4.409531389002971924e-01 4.814042730175570051e-01 4.119350973720074527e-01
5.160727779553218042e-01 5.415933298505016813e-01 4.669908560885956961e-01 4.820316957382700940e-01 4.352118448387438665e-01
5.117504680990949684e-01 5.212173210087708286e-01 4.931206563917550634e-01 4.794809630176349868e-01 4.549651309096374163e-01
5.069416535528602497e-01 4.955335791965275183e-01 5.156252972060302309e-01 4.740292666320676251e-01 4.745285907024445748e-01
5.223078593651649948e-01 4.767610284295586420e-01 5.386177109947168917e-01 4.745376499133684978e-01 4.867416622774591861e-01
5.440028526072160364e-01 4.645302547584636566e-01 5.543853306158708083e-01 4.890607154057334260e-01 5.078925008906750582e-01
5.528109146948935182e-01 4.463148622325076031e-01 5.444331947559730711e-01 4.894754505457530325e-01 5.355057907952764928e-01
5.584748397223910921e-01 4.230138637264780899e-01 5.202323392027077276e-01 4.672783138779380563e-01 5.413542887464426467e-01
5.634001054373640738e-01 4.015715995845596242e-01 5.021706008757865769e-01 4.489381946312259175e-01 5.377381073454498006e-01
5.744611382545246059e-01 3.704673393844130080e-01 4.938653848725340634e-01 4.396413291458340367e-01 5.427988113102643064e-01
5.948235290493696370e-01 3.423672083785077036e-01 5.036115626646348042e-01 4.379765088934863271e-01 5.599938772360690820e-01
5.963837541425930366e-01 3.188320496765704726e-01 5.023263387633600807e-01 4.345383969509853950e-01 5.914915400550923019e-01
5.802305490348252937e-01 3.000382528153785477e-01 4.915914751264681692e-01 4.303490981005488325e-01 6.175104269568537640e-01
5.614599508260926797e-01 2.803591212532169918e-01 4.839308148569367862e-01 4.276688547440988253e-01 6.414716885742991481e-01
5.642980343619043992e-01 2.547065531989211040e-01 4.908309127680647865e-01 4.344605323532995111e-01 6.722093727087138371e-01
5.741441298489627920e-01 2.301088427944051606e-01 4.769154969246555686e-01 4.076404387609448010e-01 6.601128901366946078e-01
6.073451379172771780e-01 2.209301788225555840e-01 4.788087788901708719e-01 3.831401332096533996e-01 6.646228380393160995e-01
6.441146841504021836e-01 2.125393526352567786e-01 4.860757463030700998e-01 3.658367964134981998e-01 6.634334414749211151e-01
6.782443334246546218e-01 2.042724292156563315e-01 4.934216391185621275e-01 3.461874186378731122e-01 6.600092373799398837e-01
7.127117866617486142e-01 1.953345351991654655e-01 5.002023459619344692e-01 3.233021077591715642e-01 6.567777039488360558e-01
7.463021898283730415e-01 1.861803481568466423e-01 5.062669606929116606e-01 2.991143325630563066e-01 6.543422117586102926e-01
7.779583554658896505e-01 1.773378939649754293e-01 5.117572936455677679e-01 2.754980425316137516e-01 6.524862096796432143e-01
8.006687760353088379e-01 1.709942370653152466e-01 5.156961083412170410e-01 2.585555016994476318e-01 6.511546969413757324e-01
