2.099598497152328491e-01 7.175976037979125977e-01 1.506956070661544800e-01 7.852171063423156738e-01 4.764776825904846191e-01
2.108646153973748605e-01 6.976846577346220712e-01 1.497432146974536638e-01 7.919647401446848756e-01 4.446028994271129520e-01
1.882956107009866320e-01 6.720068835569081855e-01 1.476197241527107962e-01 8.023139839087328751e-01 4.295192859063128865e-01
2.064748531827016176e-01 6.422572997315791898e-01 1.492315238919584008e-01 7.950317825660583315e-01 4.190116862678399667e-01
2.093119238334101295e-01 6.420623733660500987e-01 1.510820018052304314e-01 7.716726745366054852e-01 3.972724640913120053e-01
1.860873056833656225e-01 6.439109000323632870e-01 1.569575368426907869e-01 7.594129345149073229e-01 3.745448159626782458e-01
2.061161812409379734e-01 6.404424723740478331e-01 1.794266547319525451e-01 7.511880235887123947e-01 3.541440478337973818e-01
2.376929505323123470e-01 6.391361371080456211e-01 1.960010132797011251e-01 7.463769920857895590e-01 3.472970520066142042e-01
2.620299961154209378e-01 6.392720001768700255e-01 2.064369686155388128e-01 7.431068172997363774e-01 3.451837629200603108e-01
2.985622308387931856e-01 6.404802512655235480e-01 2.205899259442808402e-01 7.382974207043717652e-01 3.441467150292632504e-01
3.330913030268169983e-01 6.412484199642790594e-01 2.321169123127843903e-01 7.339882739073499973e-01 3.429647738088180131e-01
3.712691858758063179e-01 6.384154979068819014e-01 2.446708096536590327e-01 7.219644940995059157e-01 3.381389990120106104e-01
3.991299490371540415e-01 6.365622855877325348e-01 2.645965456059489185e-01 7.075629944860312159e-01 3.326207405997465560e-01
4.145747078109444650e-01 6.361629118283436135e-01 2.908711189525373664e-01 6.920075930472258108e-01 3.266211052561414085e-01
4.207084026030913360e-01 6.339648235158881207e-01 3.233590263444353630e-01 6.673045653320774928e-01 3.160716554962220703e-01
4.212367660203384934e-01 6.288179336867639746e-01 3.490034895341943555e-01 6.412529372179884835e-01 3.046255789960620741e-01
4.200600262930970774e-01 6.194014136501387879e-01 3.729283522435918319e-01 6.109908498928771081e-01 2.944817965741137189e-01
4.195278090417826622e-01 6.081294957476015561e-01 3.933389557852038365e-01 5.826489745103794471e-01 2.907301421277529996e-01
4.205695605469353948e-01 5.979371243067520547e-01 4.089643238144393123e-01 5.608507152769978132e-01 2.923964086177804900e-01
4.272917017625144087e-01 5.833041519354978943e-01 4.274355917213116807e-01 5.371347290442420874e-01 3.020701661233940460e-01
4.403962753504780392e-01 5.651211648255566322e-01 4.423370340567444603e-01 5.170362381835800214e-01 3.211944325465641570e-01
4.473169333701823014e-01 5.474178316919209308e-01 4.465081412224122803e-01 5.007811927774794558e-01 3.443443361525862501e-01
4.423582377312483827e-01 5.298001016856981327e-01 4.426024236426333025e-01 4.836826063646128548e-01 3.704302018008242547e-01
4.438057342921241655e-01 5.072003422799132855e-01 4.495875078553495663e-01 4.642840669194820968e-01 4.061730371122150851e-01
4.597561401325389041e-01 4.928337899218506180e-01 4.700165299543453412e-01 4.563719493355677392e-01 4.291217102094163072e-01
4.803399592744058699e-01 4.823966193981180650e-01 4.933771365131868203e-01 4.568999423559468864e-01 4.442583489559180920e-01
5.019130100750848200e-01 4.674074437889118028e-01 5.119708535562454976e-01 4.620178099772166980e-01 4.642842580203389580e-01
5.197871900468835626e-01 4.471714965387387775e-01 5.183409068840884037e-01 4.664865861411099379e-01 4.934351984472705177e-01
5.303993220518007368e-01 4.309902190460858651e-01 5.179163650329272617e-01 4.671615602952009505e-01 5.188603506790629982e-01
5.405467165086571546e-01 4.108949506478571934e-01 5.172585189735726674e-01 4.633859310752506677e-01 5.529764941515575849e-01
5.477363097688737748e-01 3.927227071826476235e-01 5.188910722587831703e-01 4.579924388397468293e-01 5.848858997824888384e-01
5.545471785758022687e-01 3.730199237564738590e-01 5.235865553334837497e-01 4.526692318503229284e-01 6.200904619197795675e-01
5.621886330623480088e-01 3.539109898293870682e-01 5.320317880185667647e-01 4.494846586128856680e-01 6.536126256792784694e-01
5.699234271060114043e-01 3.352674907953450689e-01 5.458706141534244161e-01 4.476250637186046100e-01 6.819599810509971993e-01
5.583300677945718382e-01 3.050648331968536797e-01 5.501677087179907000e-01 4.358023437119427634e-01 6.936595985040276968e-01
5.626783253358024206e-01 2.869524358821592402e-01 5.284711705828173400e-01 4.178437167443306288e-01 6.834014786986010170e-01
5.677134154571227276e-01 2.633576986283968635e-01 5.162399715382903764e-01 4.050122981872444905e-01 6.675013539768085424e-01
5.983980582631824863e-01 2.407586164440144727e-01 5.152536678615435850e-01 3.930809085335987829e-01 6.613724957795092951e-01
6.345811338641330623e-01 2.325067473568098175e-01 5.123383404332019220e-01 3.830210206140930440e-01 6.618457442342566832e-01
6.685798440201080606e-01 2.283840550389798219e-01 5.117538972045061474e-01 3.806282220135969729e-01 6.605052354390198444e-01
7.064183593679571604e-01 2.204685736599176493e-01 5.190458272905665860e-01 3.694513064060013230e-01 6.619470349466586301e-01
7.358895778310214908e-01 2.091699985376432314e-01 5.234882928810109526e-01 3.476809832491173369e-01 6.637794673512109611e-01
7.628139285098175515e-01 1.951035604183287975e-01 5.230556511157467003e-01 3.165503878946269167e-01 6.616061968075591659e-01
7.841027486062959184e-01 1.815449521802556809e-01 5.189167893223186612e-01 2.839352070279361206e-01 6.557284792909394699e-01
8.006687760353088379e-01 1.709942370653152466e-01 5.156961083412170410e-01 2.585555016994476318e-01 6.511546969413757324e-01
