2.099598497152328491e-01 7.175976037979125977e-01 1.506956070661544800e-01 7.852171063423156738e-01 4.764776825904846191e-01
2.646640160949905729e-01 7.005060557055435844e-01 1.643428127500410063e-01 8.071589769330087538e-01 4.588100821409112906e-01
2.728953564960501788e-01 7.278659112002519027e-01 1.540677230044109336e-01 8.516319126206109980e-01 4.812576347009604461e-01
2.515050964487094420e-01 7.544126694571477998e-01 1.343975892848992826e-01 8.765204599219200698e-01 5.063942313392096883e-01
2.657799336809017476e-01 7.119858363553956959e-01 1.317650595070836428e-01 8.533431958293337116e-01 4.737704841311635162e-01
2.756316488401676090e-01 6.843623612300290260e-01 1.356600935371286842e-01 8.446658913736391217e-01 4.364902560406710985e-01
3.124314846612759600e-01 6.621023030204780113e-01 1.544112138214564500e-01 8.268108876563898813e-01 4.013164842882318561e-01
3.657739025875290650e-01 6.554453403295947833e-01 1.915521356247258111e-01 8.040238150238324666e-01 3.800431464831728334e-01
3.674433012350348249e-01 6.687327537724364612e-01 1.934133511442801545e-01 7.559100589038174611e-01 3.433824733687461106e-01
3.820403750611374716e-01 6.756082654773510887e-01 2.178937847789396698e-01 7.225121697573826385e-01 3.007475818901463316e-01
4.155486869937903838e-01 6.771069730558590960e-01 2.547985507056691468e-01 6.888021709294359640e-01 2.628296739778622215e-01
4.465532668693877327e-01 6.689008445100278477e-01 2.960951029128880418e-01 6.631692181928651175e-01 2.452219835805528325e-01
4.522186636062429654e-01 6.490904145035093498e-01 3.500626791330197496e-01 6.405359556424299328e-01 2.382264598617956364e-01
4.509673744545258378e-01 6.184243904959723093e-01 4.080017836504188922e-01 6.120395563124836347e-01 2.342685101343082166e-01
4.641852858745258992e-01 5.851953987981586280e-01 4.549855724471567608e-01 5.638920354348799791e-01 2.444125212933377089e-01
4.722942157685062758e-01 5.693000893695168152e-01 4.646700127283179271e-01 5.242452480875011700e-01 2.784512423719245899e-01
4.715311830457318831e-01 5.648050503719538318e-01 4.642901404690814027e-01 4.910990468715771273e-01 3.365907697294002743e-01
4.998552220053638639e-01 5.598368219225247078e-01 4.703404477598550071e-01 4.788729859418917045e-01 3.790023527839828099e-01
5.626811192408210927e-01 5.480463651341760389e-01 4.839178176857153457e-01 4.726312645697388071e-01 3.965307345397281469e-01
6.168569626736898348e-01 5.394361718731541799e-01 5.089087605118419733e-01 4.709302163855688117e-01 3.849757395288702644e-01
6.467309289906335579e-01 5.325265318517671265e-01 5.530471218599397609e-01 4.844247050543956101e-01 4.065368252690979012e-01
6.367485489441037094e-01 5.168184298490620110e-01 5.701552613618317000e-01 4.899910445906754397e-01 4.587538977251326977e-01
6.194715273890211149e-01 4.799216519812306569e-01 5.906627778984103738e-01 4.864421527630581332e-01 5.025722930052728410e-01
6.177663419951454626e-01 4.250810627141464182e-01 6.019745665432565396e-01 4.751482186057524593e-01 5.262566985319507840e-01
6.507485347125373520e-01 3.789340274505496597e-01 5.990906436788836498e-01 4.720265253127047256e-01 5.622854032583004535e-01
6.933245327777081135e-01 3.537380879834194358e-01 6.046454664931660838e-01 4.795640454078796688e-01 6.028446559227330637e-01
7.171863911544628101e-01 3.182557974235559195e-01 5.940038533987692659e-01 4.776879869954293034e-01 6.518901313428119293e-01
7.065897399060014905e-01 2.738285161054962447e-01 5.616245856417488858e-01 4.757888113411558595e-01 6.949187708499002802e-01
7.189566739096435732e-01 2.276701712339304629e-01 5.447949684831480122e-01 4.717297117476811907e-01 7.132538366895001536e-01
7.461166355380642878e-01 2.097909237301775198e-01 5.432567327620563269e-01 4.198569778807634267e-01 6.987221767031361885e-01
7.469648824338567250e-01 1.932545765904065405e-01 5.272517012898195743e-01 3.528273800761690393e-01 6.779519904095344662e-01
7.796950186535045457e-01 1.796878890358909187e-01 5.202090809890758116e-01 2.953728602260711766e-01 6.616202310767809180e-01
8.006687760353088379e-01 1.709942370653152466e-01 5.156961083412170410e-01 2.585555016994476318e-01 6.511546969413757324e-01
