2.099598497152328491e-01 7.175976037979125977e-01 1.506956070661544800e-01 7.852171063423156738e-01 4.764776825904846191e-01
2.191365261039059376e-01 6.849401125882614849e-01 1.545260129625766199e-01 8.177677144851772661e-01 5.195772596354398809e-01
2.582251536069433140e-01 6.767809080244848730e-01 1.280648413310450096e-01 8.633269859060432871e-01 4.974007787531209979e-01
2.809145835034159711e-01 6.828356910951991487e-01 1.429908113326100738e-01 8.455217777688972536e-01 4.503868357164672043e-01
2.652546183800871815e-01 6.901485802732403307e-01 1.659651497099677853e-01 8.209457939091046041e-01 4.025428821235554344e-01
2.753059315043808741e-01 6.934651880709435945e-01 1.787866840549247882e-01 7.896053501789179752e-01 3.420375573582137840e-01
2.859145565630463182e-01 6.926584227993513032e-01 1.737019779289896704e-01 7.481561207981319850e-01 3.007886661788747307e-01
3.030505415290463134e-01 6.827151383861819189e-01 1.991091134916528060e-01 6.946004462791406375e-01 2.584556216655531369e-01
3.362422732679554160e-01 6.758364454194858428e-01 2.458785989735927935e-01 6.750110207099947468e-01 2.569444580015284862e-01
3.738596209066942233e-01 6.619159583963505344e-01 3.011790695678737695e-01 6.660009007406739734e-01 2.761878395260036756e-01
3.993101770060397682e-01 6.443658276819329567e-01 3.411990767606665753e-01 6.632714191373438872e-01 3.005065757015160655e-01
4.348028912937443868e-01 6.224792317955935017e-01 3.955277994344933989e-01 6.560991004128342574e-01 3.251887166421403297e-01
4.786472865476819050e-01 6.044670981865772896e-01 4.470311800602468910e-01 6.481488277858932223e-01 3.459833490164113678e-01
5.171976150701426134e-01 5.930041746505135825e-01 4.717974988534814895e-01 6.110892865463362078e-01 3.704467508905656681e-01
5.261932901049931610e-01 5.925408651557985129e-01 4.670920263769317571e-01 5.624502361157475150e-01 3.782938729283327195e-01
5.537894745748805914e-01 5.837150633535738153e-01 4.801983436287364793e-01 5.085803797247449021e-01 3.858642819872175611e-01
6.017202358994322431e-01 5.564901119428126153e-01 5.119428056449332187e-01 4.837160326852840142e-01 3.940868615943198261e-01
6.414484353306243447e-01 5.174425784441811782e-01 5.265867751000740116e-01 4.556854655821073741e-01 4.054310809005618466e-01
6.681928671182941759e-01 4.825368848332660665e-01 5.443695884974080190e-01 4.276696886563663424e-01 4.170563943445516064e-01
6.941799513705403379e-01 4.402968154879812190e-01 5.735459519859003041e-01 4.034810789348386439e-01 4.339571028802976516e-01
7.038572988599852698e-01 3.910870108868191863e-01 5.934477966103653968e-01 3.915321087516471787e-01 4.727588712753915123e-01
7.028713425038521923e-01 3.628685954647999368e-01 5.866609304037121442e-01 4.197365926243051826e-01 5.236352691226422440e-01
7.018604618167982867e-01 3.500341144796408899e-01 5.863220006318338173e-01 4.560805321725330819e-01 5.554888503590754700e-01
7.144681885749499806e-01 3.276102256721165062e-01 5.906400996543391679e-01 4.814395866127602064e-01 6.093088978740113237e-01
7.261000975937871305e-01 3.218809882902808894e-01 5.939589352098793018e-01 4.675916841595264550e-01 6.580632682985516624e-01
7.151066850563566613e-01 3.111586223006552743e-01 5.923185042060693517e-01 4.718461629882153008e-01 7.196374697028731227e-01
7.027040088010568786e-01 2.574567755393363244e-01 5.653643407036578195e-01 4.509014457678206522e-01 7.399561532704602707e-01
7.215630951960489980e-01 2.101194361911888353e-01 5.225969548227964445e-01 4.140378036048878996e-01 7.320496442470673104e-01
7.505634769393959571e-01 1.836757388606378993e-01 5.150447516827233452e-01 3.538163709824742043e-01 7.080105879917563128e-01
7.802856534207477379e-01 1.761531446199040563e-01 5.154311327223612960e-01 2.973081688624300556e-01 6.742839990222120328e-01
8.006687760353088379e-01 1.709942370653152466e-01 5.156961083412170410e-01 2.585555016994476318e-01 6.511546969413757324e-01
