2.099598497152328491e-01 7.175976037979125977e-01 1.506956070661544800e-01 7.852171063423156738e-01 4.764776825904846191e-01
2.458377943372842822e-01 7.171402012402774417e-01 1.527407613806301689e-01 8.166778369503105983e-01 4.932552790552178212e-01
2.879021819561842221e-01 6.884915356930816355e-01 1.453817486342169896e-01 8.303164158545380813e-01 4.845831944265166502e-01
2.692991130186427884e-01 6.783689264127307217e-01 1.363055175192276480e-01 8.160635286685421486e-01 4.354136152998052123e-01
2.785163544121825319e-01 6.776816324904401112e-01 1.540149010182963740e-01 7.898105070626842972e-01 3.940189573787908905e-01
3.090283159676189273e-01 6.749954225087988480e-01 1.768456127219117935e-01 7.682560530798403509e-01 3.734783386457372623e-01
3.466569724985685830e-01 6.730632819617919926e-01 2.009054330846968828e-01 7.438610116849152520e-01 3.518614380712415945e-01
3.715171933134764348e-01 6.735150988703856312e-01 2.292293690778959836e-01 7.180255263012896849e-01 3.201458390680663180e-01
3.814877933903020879e-01 6.735352615935911169e-01 2.596726445101633640e-01 7.000844224239143321e-01 2.886566358045329350e-01
3.948740187029949888e-01 6.656733118776126945e-01 2.928473147662560283e-01 6.832254333118749079e-01 2.612202065626951231e-01
4.177648654966937269e-01 6.471320376447347034e-01 3.287855889251605213e-01 6.582297890178717692e-01 2.431524463805395386e-01
4.381113524733751263e-01 6.394051905977430339e-01 3.759356694939026133e-01 6.426097261697591989e-01 2.426477792232649699e-01
4.559054917635858573e-01 6.354093435997371087e-01 4.203762520437117067e-01 6.421788596778233993e-01 2.530973170716892540e-01
4.683051324174503649e-01 6.049370935771274382e-01 4.597229467121793367e-01 6.309623851841034137e-01 2.601035602236637656e-01
4.780403560475539604e-01 5.722669518322774929e-01 4.842658732561833657e-01 6.033993593672463129e-01 2.681254556593633542e-01
5.073156529258353586e-01 5.606064432090767102e-01 5.081013237867586518e-01 5.747191277389706032e-01 2.847606694073194777e-01
5.282878840112184005e-01 5.548868362199449455e-01 5.248855266128664709e-01 5.300139672697797844e-01 3.081396768873326808e-01
5.378910292484260225e-01 5.502969429116391087e-01 5.328045944908084142e-01 4.905983539433970697e-01 3.270605148984403465e-01
5.337104049857522847e-01 5.317750305987554160e-01 5.191900227864175710e-01 4.485320276359623382e-01 3.528133222392659807e-01
5.217911426566532729e-01 4.948217665243176966e-01 5.027402673209603323e-01 4.250952655910336664e-01 3.802768313828492897e-01
5.367028391780909180e-01 4.649696831120844753e-01 5.182822480233042484e-01 4.057447278918986933e-01 4.048584798961902820e-01
5.880062943685651078e-01 4.532311636480597650e-01 5.319044124376167693e-01 4.142635640174099909e-01 4.216700880861062872e-01
6.177768512537983314e-01 4.270597351164357458e-01 5.207259366875905959e-01 4.313759440109068977e-01 4.514766650430769857e-01
6.231542681086097435e-01 3.974136048678993949e-01 5.154919941986254583e-01 4.417652975503615909e-01 4.899238985906059773e-01
6.174392229877194715e-01 3.657743440354980224e-01 5.221110555879556747e-01 4.491712331238990608e-01 5.358134763584667670e-01
6.107872213420337815e-01 3.400700592536144984e-01 5.326747092644517068e-01 4.515694827944077283e-01 5.731438045485471866e-01
6.022157376219807734e-01 3.141807874010231205e-01 5.564016673765743715e-01 4.460373702645506477e-01 6.148968465095341340e-01
6.138335851625188466e-01 3.043439887701722135e-01 5.548755492692606373e-01 4.633612840390990972e-01 6.664832842790855416e-01
6.492938314028848801e-01 2.998068664117739535e-01 5.765078589365609796e-01 4.608582610163216020e-01 7.060468960018655427e-01
6.797115023411245405e-01 2.930900463090603814e-01 5.926930440220912200e-01 4.530969253165662014e-01 7.305731129411905389e-01
7.026192814639562467e-01 2.618223615829261552e-01 5.745596742297718329e-01 4.385351841961558361e-01 7.396045075371820987e-01
7.115518721835103477e-01 2.326936272035903253e-01 5.417293952619604003e-01 4.145984509653554695e-01 7.233591506766715584e-01
7.407465598886041613e-01 2.155681771693757909e-01 5.275077775356199483e-01 3.862327828666384799e-01 6.951988314320498574e-01
7.677660036030856672e-01 1.998833206587976585e-01 5.248343169503701944e-01 3.469958586207258500e-01 6.855689905491717528e-01
7.880238060566869818e-01 1.824450945016817816e-01 5.194519625631623949e-01 2.939644171642052939e-01 6.653289317475667985e-01
8.006687760353088379e-01 1.709942370653152466e-01 5.156961083412170410e-01 2.585555016994476318e-01 6.511546969413757324e-01
