2.099598497152328491e-01 7.175976037979125977e-01 1.506956070661544800e-01 7.852171063423156738e-01 4.764776825904846191e-01
1.941883177622513723e-01 6.844472235017456940e-01 1.525367226855621483e-01 7.791244923550419976e-01 4.806316934592692047e-01
1.908067111944459215e-01 6.552774454706076224e-01 1.475066147020568375e-01 7.570566105898522968e-01 4.683557220277316246e-01
1.900605588060029771e-01 6.464977448903512780e-01 1.505934607816738768e-01 7.509817508869005565e-01 4.322272659942577033e-01
2.184928836037215716e-01 6.495251410185358676e-01 1.696262455901092758e-01 7.494937685004804395e-01 4.091771108027099646e-01
2.493475203171488519e-01 6.527206709264702367e-01 1.848240148933447402e-01 7.455445661784428912e-01 3.930067592438377111e-01
2.788527646501397506e-01 6.544381784744482955e-01 1.981003070062844484e-01 7.409373633754462452e-01 3.752745660669783989e-01
3.066973527650750375e-01 6.527662489216002895e-01 2.131714028233449021e-01 7.368761624749903261e-01 3.575660634524665538e-01
3.344285840925655395e-01 6.476392342331960261e-01 2.317452574510546204e-01 7.343413150581157289e-01 3.433295605969139963e-01
3.643808331600150718e-01 6.400767390215859054e-01 2.545791788756338603e-01 7.343415051902583146e-01 3.333392800167348513e-01
3.909003601430409702e-01 6.286193728154293447e-01 2.759054191646829191e-01 7.284056845210126196e-01 3.168232860562493758e-01
3.993687029323768622e-01 6.167517742955096471e-01 2.999197154179485403e-01 6.974317203163106216e-01 3.091839680985146166e-01
4.048246836406089733e-01 6.068069371319857463e-01 3.229724731304376428e-01 6.692691120473945876e-01 3.061386952553689644e-01
4.071608373170490514e-01 6.028465424004223472e-01 3.426494777757892463e-01 6.425537770391480663e-01 3.008659300043366458e-01
4.085863540061220323e-01 6.013458310644206328e-01 3.614202258826708647e-01 6.108937746933911228e-01 2.917479284740793211e-01
4.123101530257883840e-01 5.941175900289830114e-01 3.764985133112869198e-01 5.851724606428649889e-01 2.873270594991330085e-01
4.292819432165481675e-01 5.830520180210794212e-01 4.001334245391858224e-01 5.656746544810495880e-01 2.981074959219487397e-01
4.455617933225371474e-01 5.786347949420889147e-01 4.186754217666921463e-01 5.450576141926166684e-01 3.137426603092172139e-01
4.528928988946490097e-01 5.740525094471459200e-01 4.319960618924615914e-01 5.131918106213700925e-01 3.276962793087421777e-01
4.485917685613038941e-01 5.607178083954789116e-01 4.439840064280246024e-01 4.784134422671545428e-01 3.445436757362256852e-01
4.406651571912961751e-01 5.415897711878971954e-01 4.521790254348339033e-01 4.629964269225909090e-01 3.635065599909917955e-01
4.368475747882173410e-01 5.170775231333986088e-01 4.580914566927755116e-01 4.572951908384817465e-01 3.891941859614433397e-01
4.409255494158925148e-01 4.947882581019070747e-01 4.618801468318348147e-01 4.555050622633049495e-01 4.136450128566449003e-01
4.544561379750586272e-01 4.701528005556140921e-01 4.693804978770279579e-01 4.572311984361871473e-01 4.419274048856366988e-01
4.782708165893805319e-01 4.545945812151538923e-01 4.852034216487166596e-01 4.673956839705982191e-01 4.652074396286954849e-01
5.046647319777164409e-01 4.496449994385913196e-01 5.048398886787495154e-01 4.778627324407325738e-01 4.773397074194562495e-01
5.329373945942671442e-01 4.371798525112164935e-01 5.309948016096455170e-01 4.814473086996962636e-01 4.916877564729756900e-01
5.405930016240250158e-01 4.127144567618279969e-01 5.403202656283838667e-01 4.824469860237544649e-01 5.172563749025159696e-01
5.457387315002452111e-01 3.935683749010040478e-01 5.336777329684755378e-01 4.918308442472216213e-01 5.486228837330140440e-01
5.558776643773418735e-01 3.791824299168581325e-01 5.274211197434347520e-01 4.944462307077697183e-01 5.767101847819167126e-01
5.660011961999464880e-01 3.605950932335979520e-01 5.244045600424717124e-01 4.823716656582982543e-01 6.038548734979476418e-01
5.551137953322509144e-01 3.426505083506078964e-01 5.158896314317622522e-01 4.775166945231792970e-01 6.326615320497432915e-01
5.425505183224181849e-01 3.291231382606777389e-01 4.958043996247070151e-01 4.744940072049254609e-01 6.550295030445039135e-01
5.443692291086142943e-01 3.106542083984815683e-01 4.786138648132908235e-01 4.609691119093107248e-01 6.756534836713739001e-01
5.554392910497991664e-01 2.870603386107190014e-01 4.795894956739239490e-01 4.443095395883775445e-01 6.947003181307145336e-01
5.690266767243266077e-01 2.639178360232558029e-01 4.907230691708568959e-01 4.304266295578392798e-01 7.086637433089806315e-01
5.961956944853661344e-01 2.452783174358497964e-01 5.092528351533353037e-01 4.184783667465363233e-01 7.139329539846940298e-01
6.282304028591222389e-01 2.355960056067996911e-01 5.343662588825384141e-01 4.149519923634172880e-01 7.067527909643301909e-01
6.391629908840600338e-01 2.287049390668939308e-01 5.536814982677537023e-01 3.934920824373734360e-01 6.871368734700931125e-01
6.682296903473744498e-01 2.212609101034235803e-01 5.501177773956466011e-01 3.781717096578766646e-01 6.811403915711369272e-01
7.024332487525132285e-01 2.098227396379373499e-01 5.486369988084919269e-01 3.617038939422746457e-01 6.735868948427222724e-01
7.306232550194848852e-01 1.991306161605457814e-01 5.432825742199404173e-01 3.389029483647676977e-01 6.665830130132888165e-01
7.575654344302478194e-01 1.884735086982838592e-01 5.343604669449195654e-01 3.107355428306980971e-01 6.603770023436045244e-01
7.822583207443144504e-01 1.784600468363175263e-01 5.236680967489137917e-01 2.808428297477290059e-01 6.550937614074980875e-01
8.006687760353088379e-01 1.709942370653152466e-01 5.156961083412170410e-01 2.585555016994476318e-01 6.511546969413757324e-01
