2.099598497152328491e-01 7.175976037979125977e-01 1.506956070661544800e-01 7.852171063423156738e-01 4.764776825904846191e-01
2.503631998560307825e-01 7.114215672966319737e-01 1.597644959960082267e-01 7.821055887999398548e-01 4.752269350006063653e-01
2.911812128561705459e-01 7.077229435943697133e-01 1.717867759898469848e-01 7.896270957662784307e-01 4.661493988423180412e-01
3.268238789366403885e-01 7.016099507765694021e-01 1.807415348340529193e-01 7.893139526385083427e-01 4.461320432400171510e-01
3.432348114325196597e-01 6.806506412559004682e-01 1.661701043544782652e-01 7.663639768309142841e-01 4.165825491207883480e-01
3.463151728647926864e-01 6.640658809579859101e-01 1.741359741610183365e-01 7.335922609718156240e-01 3.881212272808199359e-01
3.571052596452888306e-01 6.604605308796935859e-01 1.970663576242671911e-01 7.129722482420214336e-01 3.666683217002733031e-01
3.736070565666150256e-01 6.660938048032282177e-01 2.332128537845255811e-01 6.980048398691782729e-01 3.431364857875136010e-01
3.780834965417219640e-01 6.808714547121292870e-01 2.739704231086155795e-01 6.989357417474371115e-01 3.206987871621065911e-01
3.696598663136917984e-01 6.851248610191709165e-01 3.113349318717059111e-01 6.949699656180036156e-01 3.015041167782087639e-01
3.700197531391224981e-01 6.852540839272335260e-01 3.453155659195405458e-01 6.864583624306643816e-01 2.873513026230231082e-01
3.837431815753732378e-01 6.872493176802206838e-01 3.808803563115664703e-01 6.780213690456219355e-01 2.754344549955963783e-01
4.142420385818295081e-01 6.870170447642254263e-01 4.144840464200651997e-01 6.720086945431265057e-01 2.640680057205335718e-01
4.361345193410998688e-01 6.529491999049741313e-01 4.276346591108641793e-01 6.568129017486484811e-01 2.552791549654815362e-01
4.610371767089515016e-01 6.307642894376189746e-01 4.448858862449129870e-01 6.345483881209900145e-01 2.585624669358336791e-01
4.944693318940209248e-01 6.083686655055495773e-01 4.636667940870679017e-01 6.076697866681691762e-01 2.713132320371829387e-01
5.066374222601700561e-01 5.862436992100636957e-01 4.724341689923610144e-01 5.771831028025493637e-01 2.791753593881528550e-01
5.282812108391347072e-01 5.792660559911616547e-01 4.993384257882744759e-01 5.519667406493489192e-01 2.909953974491066298e-01
5.395361844563213438e-01 5.703541759519983323e-01 5.161982838941377993e-01 5.305585518813911161e-01 3.077038844561622577e-01
5.458673961590106982e-01 5.538853029637983427e-01 5.277817572478634700e-01 4.992046360136068728e-01 3.322137555233387607e-01
5.415687875426159481e-01 5.310643733282279788e-01 5.257533887233433179e-01 4.641058995532739151e-01 3.559229488403429786e-01
5.388666789854316130e-01 4.982447464049974406e-01 5.143633784353808247e-01 4.373977061265840738e-01 3.787300232202683303e-01
5.625855389075886670e-01 4.730068959621084868e-01 5.119593036417284804e-01 4.366555216759601676e-01 4.011835853017291509e-01
5.909562832898486162e-01 4.593469506400614799e-01 5.170171071601354917e-01 4.365433383923565946e-01 4.218001481022926047e-01
6.257684401916429051e-01 4.428365031888512049e-01 5.261768231537072849e-01 4.309378580478056553e-01 4.497096300160077220e-01
6.506731660980668019e-01 4.250832154041970790e-01 5.328390438476736657e-01 4.236394917567353757e-01 4.776695536169517919e-01
6.682773886127786334e-01 4.023717570264677135e-01 5.352625714069432217e-01 4.180345201651989862e-01 5.153476070589552149e-01
6.686759712226624242e-01 3.842213746676196862e-01 5.329671477866271267e-01 4.183004801079590607e-01 5.561179982436413871e-01
6.551079203762774084e-01 3.704401866168604007e-01 5.309500643700593159e-01 4.220094204655482906e-01 5.943626198171967356e-01
6.395715432421198443e-01 3.519569130030484327e-01 5.331031281747203865e-01 4.298329065453805331e-01 6.329284458379218492e-01
6.456124350661968103e-01 3.255758602844551208e-01 5.418983954207976517e-01 4.409610003247694254e-01 6.656569556872278248e-01
6.723946157693839742e-01 2.971583405962955338e-01 5.534790413923897923e-01 4.456752803452339040e-01 6.926131712580779753e-01
6.977925962419551098e-01 2.713349987199626945e-01 5.600080614956437497e-01 4.381970511621494646e-01 7.188235669502753833e-01
7.243435238128214104e-01 2.437048402643957612e-01 5.572258829745030395e-01 4.250004735878005757e-01 7.305457951857156074e-01
7.462664559850454848e-01 2.254653713496130030e-01 5.493038328795800673e-01 4.019118839450980252e-01 7.162439439679537667e-01
7.670613188762830381e-01 2.130510913343423574e-01 5.420714036734051167e-01 3.662285520372718928e-01 7.005955964466649144e-01
7.863781164165501991e-01 1.966727960936767716e-01 5.313734145347368543e-01 3.280299401063901388e-01 6.848035506432690322e-01
7.946488696212334890e-01 1.825502312356644397e-01 5.228121608676736809e-01 2.898300282561100394e-01 6.664992621669736383e-01
8.006687760353088379e-01 1.709942370653152466e-01 5.156961083412170410e-01 2.585555016994476318e-01 6.511546969413757324e-01
