2.099598497152328491e-01 7.175976037979125977e-01 1.506956070661544800e-01 7.852171063423156738e-01 4.764776825904846191e-01
2.319492111385959288e-01 7.053376626588971909e-01 1.496872774452065180e-01 8.138713553529525191e-01 4.771921151479638357e-01
2.571372053497764654e-01 6.875559558690326201e-01 1.490801542717755945e-01 8.454345807374178401e-01 4.789556713327196014e-01
2.446559296989076204e-01 6.454934118443410584e-01 1.578109608276181408e-01 8.520640845415150544e-01 4.893564615435078702e-01
2.231299290975132243e-01 6.279299204480888186e-01 1.552503291992238244e-01 8.415823360329487413e-01 4.545859959699981023e-01
1.946472897969559746e-01 6.249008137062369572e-01 1.416946286976282499e-01 8.210702408774451788e-01 4.202118557731494009e-01
2.123260588655407899e-01 6.517200900342328129e-01 1.227438591508432236e-01 8.105059867492505621e-01 3.999134406093547423e-01
2.507123142773164393e-01 6.735988575142090040e-01 1.155001353512587897e-01 8.121022166797375874e-01 3.921340317821360721e-01
2.831448891965721026e-01 6.744576868323121088e-01 1.223392207280227933e-01 8.159267437929731415e-01 3.858276989829310111e-01
3.137945736594707213e-01 6.544047049194469112e-01 1.489982601024017750e-01 8.083482305770053333e-01 3.765217072514799312e-01
3.286905636580930157e-01 6.444358259290013935e-01 1.742064312417396510e-01 7.833482906341184826e-01 3.644244759791671062e-01
3.439659902616065135e-01 6.372063362661166686e-01 2.014890346105321917e-01 7.543779134064869663e-01 3.513901310391113197e-01
3.601551375485404494e-01 6.326347674189740644e-01 2.237435379288969239e-01 7.263252124489759654e-01 3.412435897930135575e-01
3.746925991539264422e-01 6.279235515333159157e-01 2.495624471296548352e-01 6.969793626818049370e-01 3.309437006620059574e-01
3.867386199567489635e-01 6.202240469742162920e-01 2.800939882792796709e-01 6.633922525682560689e-01 3.158952395130582569e-01
3.963769649419477958e-01 6.120270982466201604e-01 3.066324608020869480e-01 6.334736736275585756e-01 2.998671763707045357e-01
4.068829739130664924e-01 6.051968338658375579e-01 3.339898080896341881e-01 6.054341168100205728e-01 2.855836309931604755e-01
4.160952382161482443e-01 5.977434619828272400e-01 3.657352402536030445e-01 5.720286990246268299e-01 2.782158284339845689e-01
4.164597638145756120e-01 5.857282421424334640e-01 3.899146342753260774e-01 5.354450076439584150e-01 2.820066154634965350e-01
4.087887315166532365e-01 5.673767669596109231e-01 4.040183413670775381e-01 4.986259339209766495e-01 2.970179153978708131e-01
3.992575628818328393e-01 5.477449978966706379e-01 4.017810738070632937e-01 4.817618413305920222e-01 3.233126349308619862e-01
4.062008105789751689e-01 5.201939541360741659e-01 4.022282317851864075e-01 4.790919402738608168e-01 3.592183354231525128e-01
4.265162450555462503e-01 4.974793351480569781e-01 4.174367933390526475e-01 4.784688312029843904e-01 3.872575130478250749e-01
4.522803318740151179e-01 4.867671675189138569e-01 4.428286977884051678e-01 4.757623873807544923e-01 4.046878971900093602e-01
4.853377034206595164e-01 4.840696071123012922e-01 4.774583621409703160e-01 4.713386057770069804e-01 4.141903947604858027e-01
5.159174610436614294e-01 4.794287647600042890e-01 5.097837610374248429e-01 4.671895414632445398e-01 4.226553019501143038e-01
5.463619226791163186e-01 4.673167839976983817e-01 5.425771523573738042e-01 4.590229382209514153e-01 4.361304428125947208e-01
5.690136167803955258e-01 4.496261062563687849e-01 5.684821833641324762e-01 4.468214793152454067e-01 4.554064744685151211e-01
5.844347383277889163e-01 4.284498873738592506e-01 5.881879044127823475e-01 4.394330461203733162e-01 4.865679994106394957e-01
5.992529698884750955e-01 4.116275717931144329e-01 6.008458073678085709e-01 4.491244318059504081e-01 5.264199191308394088e-01
6.215490806181480643e-01 3.991378948623431344e-01 6.062483446199249393e-01 4.644282487895912137e-01 5.617934881032877747e-01
6.477816112511859403e-01 3.826055400709740817e-01 5.968278110449742879e-01 4.741622171224911808e-01 5.935337428529636750e-01
6.539462634425491361e-01 3.633478581271967212e-01 5.690738305368832073e-01 4.728010000628271037e-01 6.189910878663804628e-01
6.359882427216697609e-01 3.392434849210670955e-01 5.446962530335038855e-01 4.657749028270150027e-01 6.472402247512746287e-01
6.112491791401858388e-01 3.111531136686625509e-01 5.284349777333738896e-01 4.564805853033001015e-01 6.710869315822346470e-01
5.879314991517469169e-01 2.843857227335763183e-01 5.133311211978817123e-01 4.448183396094799180e-01 6.838364247514366889e-01
5.663034582643647896e-01 2.591366811128750780e-01 4.976739398911292911e-01 4.347342903517160684e-01 6.944383981514284931e-01
5.817147793983966642e-01 2.202015096536944494e-01 4.911429706229551440e-01 4.163124663533210312e-01 7.109026941068943284e-01
6.176916677612174222e-01 2.075519842322919861e-01 5.099212211083584689e-01 3.987572660277676762e-01 6.943789856488986612e-01
6.535774273285772651e-01 1.950361999589206863e-01 5.283486724093949816e-01 3.849983537275983303e-01 6.826628725295829092e-01
6.859246003407162284e-01 1.867026396076436057e-01 5.400920236840671684e-01 3.635142809943338604e-01 6.844680884108527152e-01
7.034472633866982738e-01 1.772284758436512564e-01 5.194203112515974885e-01 3.336159778436064149e-01 6.901284696346040581e-01
7.390164338803533184e-01 1.727754041379071515e-01 5.133305987528971048e-01 3.088069070167037133e-01 6.788485132616894902e-01
7.735200056252102829e-01 1.717785786527651903e-01 5.146544499958654040e-01 2.806838397002015539e-01 6.633497415216764725e-01
8.006687760353088379e-01 1.709942370653152466e-01 5.156961083412170410e-01 2.585555016994476318e-01 6.511546969413757324e-01
