2.099598497152328491e-01 7.175976037979125977e-01 1.506956070661544800e-01 7.852171063423156738e-01 4.764776825904846191e-01
2.337714221257982672e-01 7.091899449824837776e-01 1.369271508441118890e-01 8.014725215293904137e-01 4.550078473941258084e-01
2.681571294436935760e-01 7.018308918163347343e-01 1.343317180774585562e-01 8.177941402817463512e-01 4.484828893232009062e-01
3.028711641186845327e-01 6.995354085838305647e-01 1.324843043251504315e-01 7.967945030409577800e-01 4.309740812131425125e-01
3.184405950633326654e-01 6.883058530434775779e-01 1.467062061034865306e-01 7.688314985446836891e-01 4.112076425254786449e-01
3.357827119686932482e-01 6.735001309679610193e-01 1.625937008366852010e-01 7.516807165071561769e-01 3.972594684562277267e-01
3.514289311916752867e-01 6.607420061247835097e-01 1.908183338787261263e-01 7.283773938870374831e-01 3.724527495146614520e-01
3.565169257478482123e-01 6.632326094113664139e-01 2.212736815280291203e-01 7.130666121226620913e-01 3.494594038166897176e-01
3.662543684471585292e-01 6.707808036988915923e-01 2.525670214985173967e-01 7.042024433619357149e-01 3.307816365945952519e-01
3.803045558787823688e-01 6.779248686138236168e-01 2.895046761088900800e-01 6.997049744735428511e-01 3.114772090129039328e-01
3.913923799778527557e-01 6.810665244320358580e-01 3.288166122162656801e-01 6.977575540796973064e-01 2.913382353453073392e-01
4.028752368627141478e-01 6.783764155628251302e-01 3.670616243302280979e-01 6.916288947445090596e-01 2.726198176246009686e-01
4.085723595155408283e-01 6.653637801144712816e-01 3.943197675625079723e-01 6.756087817479371482e-01 2.581018815448337111e-01
4.155735118474892520e-01 6.340184432815269000e-01 4.205254298247679268e-01 6.485978598118034011e-01 2.514217359219649284e-01
4.398948661563351070e-01 6.075076076973627837e-01 4.435134520712284423e-01 6.294516995982162300e-01 2.607886698621647570e-01
4.675987897506663216e-01 5.992057259053682472e-01 4.658964765193968072e-01 6.112673403401691630e-01 2.682105974720939701e-01
4.886536055556440217e-01 5.927340271409942130e-01 4.846112591972497330e-01 5.827278757650526941e-01 2.728478645859258589e-01
5.069720614842712081e-01 5.839605830821363863e-01 5.000085691363382878e-01 5.499592322051389814e-01 2.808030263650923009e-01
5.276262089813034128e-01 5.748411695855396575e-01 5.171840144090107394e-01 5.189617012931444506e-01 2.953537405956280226e-01
5.509941869169809880e-01 5.655515949581485513e-01 5.366146653751356910e-01 4.927411269304153296e-01 3.153307594972956096e-01
5.661905718865524184e-01 5.526034662931409436e-01 5.467104895458763103e-01 4.767234547274715184e-01 3.339648561150573292e-01
5.767295065994414438e-01 5.221572139922519007e-01 5.480543833453814795e-01 4.573866664936174220e-01 3.646080539717836411e-01
5.723509130920573229e-01 4.868028005269480207e-01 5.345967412232851546e-01 4.438910507748646816e-01 3.932968673451500696e-01
5.799562772974744540e-01 4.564393421698248465e-01 5.248498517492378168e-01 4.327447374241848443e-01 4.222032389593903257e-01
6.053528689045359901e-01 4.411731567663248477e-01 5.280689068003106001e-01 4.275659611130204762e-01 4.430376226563616515e-01
6.350144724430351051e-01 4.274543586368977355e-01 5.356576216097765908e-01 4.218284451291529069e-01 4.717791434417183960e-01
6.345065398094791309e-01 4.079057279529813562e-01 5.330827061714851212e-01 4.124261323728744544e-01 5.129517820109523729e-01
6.122697872581667200e-01 3.915050606522958443e-01 5.237756208039464623e-01 4.081815044067124143e-01 5.453973808061230999e-01
5.922934685174287006e-01 3.735130764671154568e-01 5.157707114022324069e-01 4.092512574708677686e-01 5.847967139355357835e-01
5.891976071475156784e-01 3.581475041356790845e-01 5.148456298795400787e-01 4.107049863859049132e-01 6.189119000047894614e-01
6.022506959322285747e-01 3.388808478004367020e-01 5.205366217765572401e-01 4.122716388800890530e-01 6.576993979314965655e-01
6.297290312370789067e-01 3.176528997164037582e-01 5.331726711697503118e-01 4.171122062382139339e-01 6.895911776695837769e-01
6.532955729874402317e-01 2.956623458801606597e-01 5.454993111884868240e-01 4.251461761671688211e-01 7.098494796682212060e-01
6.775955043107000364e-01 2.676239736480748310e-01 5.528594097868867463e-01 4.279693685522577007e-01 7.268513673826422217e-01
7.049791855906070159e-01 2.461475073273374503e-01 5.537571184017147097e-01 4.179878049028029618e-01 7.291785411630903324e-01
7.335036336732685402e-01 2.313079882554677225e-01 5.545159206262053608e-01 3.970634004601314437e-01 7.206146680176380714e-01
7.581166166405792772e-01 2.156495816849438862e-01 5.517302340582477260e-01 3.648621586342536416e-01 7.053272589671640835e-01
7.754725078427410212e-01 1.972623491834215592e-01 5.399763540992111865e-01 3.309960726830541433e-01 6.855457364942019183e-01
7.911601062699055165e-01 1.813888325578206784e-01 5.267005461661578014e-01 2.896108340109002088e-01 6.675156761687525142e-01
8.006687760353088379e-01 1.709942370653152466e-01 5.156961083412170410e-01 2.585555016994476318e-01 6.511546969413757324e-01
