2.099598497152328491e-01 7.175976037979125977e-01 1.506956070661544800e-01 7.852171063423156738e-01 4.764776825904846191e-01
1.843602739820578151e-01 7.007837194580400775e-01 1.399453073156409766e-01 7.883080081552272800e-01 4.622777651288608181e-01
1.530593774762118442e-01 6.797862905063365435e-01 1.267119251520532619e-01 7.925520331603919111e-01 4.449345401159341407e-01
1.780098409623857569e-01 6.553720860863909703e-01 1.248817658590527929e-01 8.099511833070824895e-01 4.375576726070591338e-01
2.119287223344294979e-01 6.594241098492130693e-01 1.340224369078697464e-01 7.932986174318660266e-01 4.302129305478252230e-01
2.383144392134739498e-01 6.576670476775139385e-01 1.439072593815589052e-01 7.675293640649074600e-01 4.160308373753379141e-01
2.651749638582472923e-01 6.492138725155178758e-01 1.580528801889908852e-01 7.472098874098790366e-01 4.030328769059309812e-01
2.917801216501810235e-01 6.393050000296727209e-01 1.757327926071973745e-01 7.413425266943435288e-01 3.901971043632020408e-01
3.207003744949298296e-01 6.293846939488948466e-01 1.984720216768903478e-01 7.447913697215884365e-01 3.738753679021785126e-01
3.496208560937340004e-01 6.217470938900944155e-01 2.173178486805149023e-01 7.497779375402605639e-01 3.602392223891324741e-01
3.852647711075595227e-01 6.129155350606568797e-01 2.311366372272124492e-01 7.412483740664163046e-01 3.491029690895200988e-01
4.107017170990430732e-01 6.076124985694267844e-01 2.386450068127279056e-01 7.137012509705207286e-01 3.386677661155869656e-01
4.262885079842013147e-01 6.105961079169066608e-01 2.515249550085949526e-01 6.822983367037123159e-01 3.204277242625825362e-01
4.387634478894579804e-01 6.173482581652505186e-01 2.730089938362583180e-01 6.576605963981053682e-01 3.006150778306342919e-01
4.452806857442616617e-01 6.208839691126063487e-01 3.028802862373650706e-01 6.285220815451383336e-01 2.869886839815204982e-01
4.403918535124703437e-01 6.199538049144771579e-01 3.287433932317914143e-01 5.999351672200698982e-01 2.838251857329322503e-01
4.317642507049955225e-01 6.143016737390916138e-01 3.586042850456245268e-01 5.655078428413786717e-01 2.867821954175625576e-01
4.293980563519931848e-01 6.028366410010330689e-01 3.803451794118363205e-01 5.369216587561800313e-01 3.024008467843667392e-01
4.346090923259424144e-01 5.874637710064474216e-01 3.926942043057769505e-01 5.186600362606990089e-01 3.276702080920122495e-01
4.420037169716081182e-01 5.656978945298920536e-01 4.012919822545622517e-01 5.054273405887950155e-01 3.569682098629128331e-01
4.501351998054325398e-01 5.400008560237836708e-01 4.091557959802837319e-01 4.931718731437474412e-01 3.828409797828482564e-01
4.614799794924284715e-01 5.131391213743033974e-01 4.205935467006380879e-01 4.841458681095485717e-01 4.009219837521210139e-01
4.766530017510571260e-01 4.868325252714590934e-01 4.418956294017716835e-01 4.815778422308188422e-01 4.172641483315708277e-01
4.945372661887864063e-01 4.730056049754531866e-01 4.720589797385544850e-01 4.767565881588798904e-01 4.342237890212011786e-01
5.237036760108633171e-01 4.645809658441776846e-01 4.942377008513436643e-01 4.707408517847776475e-01 4.523684687559841322e-01
5.527399245119937188e-01 4.568452117215632824e-01 5.133576828471979603e-01 4.785751368372437864e-01 4.700319096272870811e-01
5.830491788026828104e-01 4.450209544679183393e-01 5.348506446706471351e-01 4.898265146215534105e-01 4.908419491714638982e-01
6.051345119595336053e-01 4.294257130164508829e-01 5.491859166216134236e-01 4.939864078175115192e-01 5.111246412309001785e-01
6.268826305510902808e-01 4.051455154584031604e-01 5.587936117266860681e-01 4.935679675297423019e-01 5.401812652812937321e-01
6.368009554857160248e-01 3.817294388623912460e-01 5.584918692120842687e-01 4.918036258273214556e-01 5.727648609477458130e-01
6.349311166766057335e-01 3.668338109438835093e-01 5.557513020929714109e-01 4.925612066967559044e-01 6.057342307331242681e-01
6.240232335294898514e-01 3.551450722848328301e-01 5.549295138631441526e-01 4.934242559753694857e-01 6.463599495104507264e-01
6.061765139939129243e-01 3.452654417940771991e-01 5.546077627134445853e-01 4.910075041532239726e-01 6.825827531845750640e-01
5.867182300626857527e-01 3.282209295684870853e-01 5.491095228575563203e-01 4.826434508277626656e-01 7.139480523058893136e-01
5.786500528284560518e-01 3.013994354327105829e-01 5.401004021202534533e-01 4.640931044707060638e-01 7.351652362529919049e-01
5.768747866735498553e-01 2.675303990484565464e-01 5.240690966571565079e-01 4.435320010455932604e-01 7.453729558662487431e-01
5.879661841565679836e-01 2.404971883863821214e-01 4.997683391180947621e-01 4.400132441671127936e-01 7.462926661433375575e-01
6.021712250902263586e-01 2.214729989337383687e-01 4.861659174511767656e-01 4.230302176034505535e-01 7.249939282546936647e-01
6.223361310326541718e-01 2.090105171318668298e-01 4.901253749585868791e-01 4.038908999491888641e-01 7.032665361697447715e-01
6.579953228080651639e-01 2.016714271904065103e-01 5.030819890892049839e-01 3.897381235129706023e-01 6.825571337751963341e-01
6.938723265227365600e-01 2.007196227452271997e-01 5.132045112815899479e-01 3.748259599662595032e-01 6.670276416307397982e-01
7.307630280923035349e-01 1.974921506588503406e-01 5.240090188407536820e-01 3.529423260628600234e-01 6.571013494707254043e-01
7.582724080469707140e-01 1.892524082215924497e-01 5.240264212203684657e-01 3.212670215835711218e-01 6.535702228298930772e-01
7.819138255668212079e-01 1.790711340243977545e-01 5.193812024388640980e-01 2.862972990523208194e-01 6.522232570691431919e-01
8.006687760353088379e-01 1.709942370653152466e-01 5.156961083412170410e-01 2.585555016994476318e-01 6.511546969413757324e-01
