2.099598497152328491e-01 7.175976037979125977e-01 1.506956070661544800e-01 7.852171063423156738e-01 4.764776825904846191e-01
2.646642721556021760e-01 7.289003169225455325e-01 1.762917193135289939e-01 8.100587167453459081e-01 4.689181030012179452e-01
3.138082146772981917e-01 6.838759027377925293e-01 1.644695922663405030e-01 8.051999727231776705e-01 4.832937955679019737e-01
3.658930914914769739e-01 6.751765495979062948e-01 1.936652228912900675e-01 7.966512746370889575e-01 4.499432865767647449e-01
3.917896595095190504e-01 6.786091799407347747e-01 2.237997889294477405e-01 7.783317029312197821e-01 4.201506250488390437e-01
4.271683520461145300e-01 6.840123455192750335e-01 2.686484700711554985e-01 7.461104431972205298e-01 3.764171297463638211e-01
4.506889299980962882e-01 6.905795708357737039e-01 3.065129278963604764e-01 6.995089133095695466e-01 3.462980561809073654e-01
4.734080039396332817e-01 6.801954389238152876e-01 3.434815924196960579e-01 6.575609466647128754e-01 3.543509059499633795e-01
4.808593038330828962e-01 6.532425242113072406e-01 3.822003916975842963e-01 6.299589187914376165e-01 3.598934841045499100e-01
4.815133437002760974e-01 6.192779828508310214e-01 4.250355465159406099e-01 5.906996849327145194e-01 3.660795131555246718e-01
4.826405910787610609e-01 5.881698537912997127e-01 4.485385929974426977e-01 5.434980548556219704e-01 3.718205949303893809e-01
4.867110154638356057e-01 5.556604081743027335e-01 4.606423980878862623e-01 4.794531236373154037e-01 3.770731201686525202e-01
5.142633066773371064e-01 5.484935411861003862e-01 4.931374923978419922e-01 4.316365391798219209e-01 3.758761493528612330e-01
5.585158632173399251e-01 5.581558138016508019e-01 5.351189040528894214e-01 4.118007223701540820e-01 3.705617702111508316e-01
5.984931441830718679e-01 5.448659823234229815e-01 5.593096236441533753e-01 4.016917477010011894e-01 3.784901574807984503e-01
6.408878391418508791e-01 5.038095781888358715e-01 5.738745981315180877e-01 3.954701925780164107e-01 4.051527239276485615e-01
6.775643380939925242e-01 4.539091413509948603e-01 5.761276958170522544e-01 3.985214936412873055e-01 4.388370137570815621e-01
6.968856873560498322e-01 4.110711336431960294e-01 5.579997523805895199e-01 4.199651708926758764e-01 4.692573646032873746e-01
7.153181089500920686e-01 3.740777188175850587e-01 5.497323273331315985e-01 4.266234205591752371e-01 4.994991659900278602e-01
7.122531224378845227e-01 3.452324713438955084e-01 5.466346582523355924e-01 4.280486480260662918e-01 5.609062844154305560e-01
7.200397970790909374e-01 3.211358675551350683e-01 5.420209297665961046e-01 4.446656794562289239e-01 6.194748702521312156e-01
7.123799659245075855e-01 3.000802901855282867e-01 5.449072203836839989e-01 4.616195803985208013e-01 6.667656965524536572e-01
7.024570512648788956e-01 2.511982003036388744e-01 5.476992752015662491e-01 4.702325840382197142e-01 7.186848859178771587e-01
6.467319394966550838e-01 2.293634503015453685e-01 5.332401214309182569e-01 4.451060707307833431e-01 7.454608136881449854e-01
6.557009705517174991e-01 2.058996185189196360e-01 5.051438974215289868e-01 3.890638352302515646e-01 7.122109724362931660e-01
7.040663356308849430e-01 1.923479669284406113e-01 5.195498679824502863e-01 3.379761524386376559e-01 6.876374301467161887e-01
7.613087003745061532e-01 1.796946841713540632e-01 5.172662992227565759e-01 2.909149618646128532e-01 6.660193642651354162e-01
8.006687760353088379e-01 1.709942370653152466e-01 5.156961083412170410e-01 2.585555016994476318e-01 6.511546969413757324e-01
