2.099598497152328491e-01 7.175976037979125977e-01 1.506956070661544800e-01 7.852171063423156738e-01 4.764776825904846191e-01
2.572781586014385447e-01 7.143589233691679530e-01 1.697290216538175078e-01 7.848363484447559157e-01 4.863808483984478626e-01
3.141120296495653053e-01 7.238962808012286976e-01 2.121151983222627768e-01 7.914059564905479016e-01 4.770370915068742890e-01
3.450030503856627018e-01 7.176313157263337628e-01 2.458795215361869180e-01 7.639695556866709092e-01 4.445613317182472435e-01
3.609787881536721255e-01 7.103152117755174855e-01 2.666739010872928306e-01 7.391852537682788160e-01 4.188199913441714162e-01
3.885106771288928673e-01 6.999887993085698312e-01 2.846841081481852886e-01 7.058100694580333734e-01 3.893318601029053805e-01
4.179238360298146437e-01 6.773837878956320280e-01 3.165645287119893125e-01 6.711520322117981996e-01 3.624353276097160292e-01
4.307145064318138594e-01 6.592357876941000727e-01 3.567556959425020047e-01 6.566116295232368172e-01 3.549789791300321240e-01
4.521884952660814028e-01 6.401592232760032752e-01 4.027019338981745467e-01 6.402507411714752905e-01 3.533411595970098462e-01
4.748440850534994540e-01 6.254942760667440149e-01 4.357981363763719918e-01 6.113347615039853578e-01 3.583794777302102275e-01
5.043741137482188330e-01 6.103264888693760160e-01 4.668150137039448477e-01 5.670858249854342503e-01 3.717619623169696741e-01
5.295660733688417610e-01 6.003235876370585089e-01 4.898688506582934421e-01 5.368640290555797279e-01 3.829671549866680569e-01
5.602640242103424928e-01 5.875600626522066161e-01 5.174534117657894061e-01 5.102836369058034727e-01 3.965308785294215377e-01
5.885640781663442622e-01 5.679144505194502202e-01 5.415460130144704731e-01 4.879341251381469347e-01 4.114689519967719145e-01
6.153402717888190043e-01 5.376303301367757470e-01 5.578771679416995033e-01 4.653685406423866966e-01 4.269039625336568666e-01
6.475544288348078492e-01 4.932294761122016369e-01 5.623960562811337605e-01 4.409810705812592380e-01 4.427656834748119885e-01
6.712321930204118159e-01 4.431894423757718471e-01 5.564124835655387402e-01 4.240544637395959326e-01 4.712508238716981990e-01
6.789284415648187965e-01 4.097235931945705234e-01 5.510628778133476180e-01 4.191873636411679316e-01 5.033932781495591424e-01
6.826450142501718776e-01 3.825451186573789464e-01 5.475315268562488402e-01 4.205797199478252812e-01 5.437632528043097047e-01
6.901251824548694236e-01 3.547344743504112219e-01 5.435251561542170373e-01 4.238165582562032907e-01 5.930357139717750137e-01
6.958596759909453366e-01 3.270431790870748090e-01 5.380840872861626378e-01 4.264507111526657512e-01 6.387929636635554242e-01
6.881882053431549462e-01 2.954639501573176896e-01 5.299755719652046171e-01 4.319998668109442108e-01 6.837410324745989421e-01
6.614167519871489986e-01 2.672869168275924245e-01 5.194292764149119890e-01 4.428797167974853899e-01 7.166423754964844628e-01
6.460482809891940903e-01 2.166203523537444664e-01 5.099473150204177907e-01 4.399265548491996802e-01 7.199823433967056374e-01
6.764267899772938852e-01 2.037026326641886431e-01 5.171280957073073337e-01 3.888159878577171491e-01 7.031501883837835143e-01
7.076226319541020215e-01 1.933994231984414169e-01 5.168882341875257191e-01 3.489439526653574375e-01 6.842612365054463464e-01
7.635333386485844143e-01 1.799363205336902971e-01 5.161718950077128776e-01 2.946302331616993953e-01 6.643677735198061374e-01
8.006687760353088379e-01 1.709942370653152466e-01 5.156961083412170410e-01 2.585555016994476318e-01 6.511546969413757324e-01
