2.099598497152328491e-01 7.175976037979125977e-01 1.506956070661544800e-01 7.852171063423156738e-01 4.764776825904846191e-01
2.458862088915158839e-01 7.061164463812580339e-01 1.468019760030657428e-01 7.761130612318711819e-01 4.609751713759149827e-01
2.908637493994724599e-01 6.912968279249365189e-01 1.502245712807557532e-01 7.661652804359490032e-01 4.451920571551207795e-01
3.295771595195677306e-01 6.725422172610826532e-01 1.555606043064620692e-01 7.684677445522504202e-01 4.259950224292064491e-01
3.372450376390791482e-01 6.752815775301883594e-01 1.882134600753655462e-01 7.532716799116634387e-01 3.880918643171687443e-01
3.232731796988556061e-01 6.851606752582471982e-01 2.138776756032330917e-01 7.196156555085998496e-01 3.706451181991462507e-01
3.309321041828644505e-01 6.834852752911464435e-01 2.310565067287412844e-01 6.902058768027897750e-01 3.337093656601548552e-01
3.565241399249051146e-01 6.805079026750574522e-01 2.595754293068267549e-01 6.916862905546409257e-01 3.076825884130381938e-01
3.761187083165272727e-01 6.850460646296883116e-01 2.986706370429879631e-01 7.014129867464951040e-01 3.018899713225215442e-01
3.787666573711984119e-01 6.935750444328073749e-01 3.438209556722875426e-01 7.051882069160692046e-01 2.930622400553735130e-01
3.885667582770324091e-01 7.004914041779508604e-01 3.799840971432454917e-01 6.986110092331834220e-01 2.867714133656978359e-01
4.182595777164465067e-01 7.045978932653403914e-01 4.041727312962195007e-01 6.856893661850914645e-01 2.848595579743803397e-01
4.576879572323504508e-01 6.990540828624279834e-01 4.269405007026977894e-01 6.742097569771194898e-01 2.667437411429651739e-01
4.587750834958705948e-01 6.644854620529982991e-01 4.407782885059414180e-01 6.560947665810847873e-01 2.517802100481395522e-01
4.590548132986705387e-01 6.288675653781964359e-01 4.447090323893088670e-01 6.289267161787827076e-01 2.655354436217516878e-01
4.736667099700478945e-01 6.049221056203717417e-01 4.580131782203115121e-01 6.011395215552369775e-01 2.901412848228728802e-01
4.895660892631626404e-01 5.857538140230778012e-01 4.779511529702135664e-01 5.786073214999476466e-01 3.140179135109529840e-01
5.013430228621471585e-01 5.687628159550122131e-01 4.931678946964066501e-01 5.511397145392140651e-01 3.376041930876593766e-01
5.086422469511149291e-01 5.556200297723501436e-01 4.918917901441469120e-01 5.088583534790008800e-01 3.552355061891196986e-01
5.155259419868160053e-01 5.283694201242807864e-01 4.806852671802825383e-01 4.701730041316428133e-01 3.735713776821277254e-01
5.358783840054172076e-01 5.052668591410136578e-01 4.951103178169585228e-01 4.397400878389953194e-01 3.855546461837006667e-01
5.517607902676472387e-01 4.845831551853138630e-01 5.128616966641538211e-01 4.177290714500304092e-01 4.058551432831423722e-01
5.813491150299308075e-01 4.713268221445449102e-01 5.307615606477831260e-01 4.126327529336932254e-01 4.345494452681748498e-01
6.176489824116044858e-01 4.637048245508174626e-01 5.455220125053682478e-01 4.131926039591741207e-01 4.503192401087564578e-01
6.577267992112523221e-01 4.492915694244659641e-01 5.542353314469583569e-01 4.133011001347568492e-01 4.616155836606957719e-01
6.735995256329695424e-01 4.117663238352387012e-01 5.593197163946546091e-01 4.197990509457288355e-01 4.895309846794989594e-01
6.627646957442601128e-01 3.904264095185552841e-01 5.508583618428086748e-01 4.320070042793249243e-01 5.311526452881074611e-01
6.900141324943449561e-01 3.846356388604677545e-01 5.599045078063622505e-01 4.489208770166537299e-01 5.549697910228527098e-01
7.261491980952097247e-01 3.780703936243831054e-01 5.810725082530319163e-01 4.567832353439088555e-01 5.768603827690754748e-01
7.458120755915644828e-01 3.561108105955474445e-01 5.842701896547818352e-01 4.431377410317472454e-01 6.080615122012098528e-01
7.424123386422423199e-01 3.217649737357247686e-01 5.774384186180119283e-01 4.292949920666742636e-01 6.386481342308086839e-01
7.261806716029786113e-01 2.945793329659980309e-01 5.750721151426664290e-01 4.355275375688209549e-01 6.663743036848766010e-01
7.066164037522303376e-01 2.695980527229461243e-01 5.621163474458452658e-01 4.397110330663128730e-01 6.924782018640645020e-01
6.903950979070698768e-01 2.444685093224450434e-01 5.421883045048129235e-01 4.215283496601689994e-01 7.097079559578788333e-01
6.973153882076343901e-01 2.130081014813908769e-01 5.293163278941435124e-01 3.845835716603040466e-01 7.254703135070716957e-01
7.347021917190520446e-01 1.999154779708558205e-01 5.309161271485923761e-01 3.619233843525131999e-01 7.057677242398943118e-01
7.602386050812643958e-01 1.876279847543124990e-01 5.243817524884246684e-01 3.229195963190694130e-01 6.835398987383130009e-01
7.839615427501104294e-01 1.778679132454899781e-01 5.192853358803378727e-01 2.851531123111591959e-01 6.645374531514514072e-01
8.006687760353088379e-01 1.709942370653152466e-01 5.156961083412170410e-01 2.585555016994476318e-01 6.511546969413757324e-01
