2.099598497152328491e-01 7.175976037979125977e-01 1.506956070661544800e-01 7.852171063423156738e-01 4.764776825904846191e-01
2.380304674535654308e-01 7.250585675770513383e-01 1.561459390090914889e-01 8.432248447014216719e-01 4.408399473088468468e-01
2.561797211865067814e-01 7.262660411788308679e-01 1.622070938877257784e-01 8.012128389206000234e-01 3.827786491626251064e-01
2.861672563947910697e-01 7.242401012974309937e-01 1.825284016435802514e-01 7.498116983488407605e-01 3.513100157069226626e-01
3.364352583734097069e-01 7.179246553702318678e-01 2.310550884135909588e-01 6.908756778952921396e-01 2.978931283446062395e-01
3.927567814609582708e-01 7.050572221386283145e-01 2.856485700347306533e-01 6.599420173486583163e-01 2.539470365265592555e-01
4.464966634183896721e-01 6.783484393862054818e-01 3.555716534538373996e-01 6.338330959448436053e-01 2.259134721368011856e-01
4.932420462986155107e-01 6.497158538335076061e-01 4.215584289074270075e-01 6.053361676398555380e-01 2.219559969997412785e-01
5.485694401880304438e-01 6.276199779741264972e-01 4.736582899545165315e-01 5.720756954864110178e-01 2.324736112155504353e-01
5.938801764653253157e-01 6.085426027889654366e-01 5.091463491158274568e-01 5.385484008424359370e-01 2.516883011664000080e-01
6.481030967963167244e-01 5.703028813507227124e-01 5.522484098993772905e-01 4.856469075918576905e-01 2.941681516867832857e-01
6.801796932943829921e-01 5.224571141120047946e-01 5.786583361278114790e-01 4.433396080082553370e-01 3.435423055411891968e-01
6.767518333483875104e-01 4.801174530999177126e-01 5.840240784952804853e-01 4.201373822431520577e-01 3.890735899871969883e-01
6.108311665909050836e-01 4.325152659468004535e-01 5.646542676447644515e-01 4.135707992767900243e-01 4.514078949908815197e-01
5.715504567081988174e-01 4.067149135690974471e-01 5.484152083265836364e-01 4.269187298355487936e-01 4.941975542499882357e-01
6.024473291168706002e-01 3.508554682854492235e-01 5.421920523498618971e-01 4.459425594431465911e-01 5.765250969819011306e-01
6.387531964083192904e-01 3.160215002859644851e-01 5.417804492410808193e-01 4.448825126539798225e-01 6.260804872090647288e-01
6.812724176840118107e-01 2.544743686453757592e-01 5.358816720022065994e-01 4.420726915098609489e-01 6.921409830597384794e-01
6.692769220629611882e-01 1.991809377630581190e-01 5.009613624563270529e-01 3.921461386953006834e-01 7.170967874766521755e-01
7.434034344638524860e-01 1.797847063789746735e-01 5.059783306099039368e-01 3.046147102525414985e-01 6.776771892153580223e-01
8.006687760353088379e-01 1.709942370653152466e-01 5.156961083412170410e-01 2.585555016994476318e-01 6.511546969413757324e-01
