2.099598497152328491e-01 7.175976037979125977e-01 1.506956070661544800e-01 7.852171063423156738e-01 4.764776825904846191e-01
1.995008252900799806e-01 7.181571093433605224e-01 1.181952988221664502e-01 8.120340154118182996e-01 4.714105483919087125e-01
1.799496000159386822e-01 6.878917462306064490e-01 9.424741504722407293e-02 8.070335740667969882e-01 4.470029738912566497e-01
2.029040053793943754e-01 6.557423825152003394e-01 8.784435115187747001e-02 8.189722621959296678e-01 4.312028951643961383e-01
2.413073048495238959e-01 6.444442584196730106e-01 9.133157264589868152e-02 8.238540134295734285e-01 4.293978173666373466e-01
2.795544994239413938e-01 6.456290796027015499e-01 1.024174184771598217e-01 8.190715272925677137e-01 4.243415477985262863e-01
3.101335728759021526e-01 6.509792694153626602e-01 1.170869531935262442e-01 8.107232436272430176e-01 4.127402150891648080e-01
3.306354556504925712e-01 6.547990590139550759e-01 1.396589386776283803e-01 8.028804356695715683e-01 3.827649506079057184e-01
3.438817459952000499e-01 6.512299067255139517e-01 1.661771851524741495e-01 7.980534899540620009e-01 3.551525819397399752e-01
3.637161335666266870e-01 6.460109639246671698e-01 1.959343006689406863e-01 7.889605444073770624e-01 3.363894930183566889e-01
3.751244987017486321e-01 6.481101744747662652e-01 2.301930802808187515e-01 7.707610527998198791e-01 3.238037967387211724e-01
3.743121775381338945e-01 6.553027232842105754e-01 2.672506731626173582e-01 7.440052427072803010e-01 3.151567911741979811e-01
3.738178715583362344e-01 6.630694810465773692e-01 3.054369226111468549e-01 7.133616606719335174e-01 3.087732316208562366e-01
3.753204887869685535e-01 6.680329219951922637e-01 3.298870844470405128e-01 6.934830619731614521e-01 3.051367380112840477e-01
3.829641869884933270e-01 6.722846175188094131e-01 3.646597130959158273e-01 6.625087515086530709e-01 2.956598022064897413e-01
4.030693102114055182e-01 6.723673710614204158e-01 4.002865320730327192e-01 6.419098189559339085e-01 2.847955489499214288e-01
4.383492779202114997e-01 6.738504543635803756e-01 4.314164560197349951e-01 6.393919392183780026e-01 2.801421894307363214e-01
4.688474135531647269e-01 6.755545726502208970e-01 4.503602833447727938e-01 6.422901274302257324e-01 2.807258617080661267e-01
5.015006817271085993e-01 6.728698003894324486e-01 4.698244024495152882e-01 6.395807475496144701e-01 2.892034025625265792e-01
5.277478966553946771e-01 6.597199574186041193e-01 4.892673848658627422e-01 6.212485429550168581e-01 3.139631380369483082e-01
5.456890814634389741e-01 6.441772096093587585e-01 5.005328333135699026e-01 5.963505377487535730e-01 3.383521122273649984e-01
5.703911977648138398e-01 6.314281481015802111e-01 5.044480735360548085e-01 5.659498503377646816e-01 3.577259554827746935e-01
5.778278224845883049e-01 6.146826530719879944e-01 4.961920703559822288e-01 5.336273046919040031e-01 3.782417916132911895e-01
5.523331744201059879e-01 5.932883248902208750e-01 4.833465362317938552e-01 5.174368822727477557e-01 3.975535133763692941e-01
5.277222605184853643e-01 5.678651992369008195e-01 4.756790548513459282e-01 5.068928846808780087e-01 4.131218233699660014e-01
5.165504824243840609e-01 5.341520862026934990e-01 4.810051879021705057e-01 4.876948078672385667e-01 4.309430292864767087e-01
5.219086370270800135e-01 5.026360538847696180e-01 4.923902473465157081e-01 4.679436150626380408e-01 4.555764460492983114e-01
5.271799818876862220e-01 4.731903673145543832e-01 4.987776614559698007e-01 4.528998708224467040e-01 4.802788903361283612e-01
5.348188831218562145e-01 4.364839360128996426e-01 4.931205946637696735e-01 4.333569328102448992e-01 4.818813234174129101e-01
5.679641663376254757e-01 4.191356412422271860e-01 5.152622895121606872e-01 4.266604682317505226e-01 4.803351970591673292e-01
6.005810154006173684e-01 4.056844605058571585e-01 5.379168829413095709e-01 4.236724802127455614e-01 4.914322625702424174e-01
6.330878200444135517e-01 3.820884913570627428e-01 5.434604218382715901e-01 4.199014893632231349e-01 5.044049773550254301e-01
6.570591528640684631e-01 3.568617084259447791e-01 5.369176177047698673e-01 4.238249049690576697e-01 5.192596873028538784e-01
6.800858586512324999e-01 3.380071392859331780e-01 5.386382465130050701e-01 4.429931235106208676e-01 5.444114693458746990e-01
6.993732197291059327e-01 3.286143484666032566e-01 5.511196363796668773e-01 4.624893775922442885e-01 5.687716454422028223e-01
7.111265248199946098e-01 3.138825295350550215e-01 5.665519024461528330e-01 4.662069305924502194e-01 5.989014305890988377e-01
7.142521954266169981e-01 2.947274200893444940e-01 5.717031711986465536e-01 4.540622700708235038e-01 6.334276728736819573e-01
7.082771821074327345e-01 2.748733673083540441e-01 5.628858157391608552e-01 4.398912098498308776e-01 6.695383965026217021e-01
6.896224794316568873e-01 2.548708018607828141e-01 5.476929614788985656e-01 4.316024450218096109e-01 6.970427383608058802e-01
6.921614993505620372e-01 2.182422328166225278e-01 5.452104588289637954e-01 4.218395555817112674e-01 7.084098615026725998e-01
7.329307378845609788e-01 2.163151587076493354e-01 5.536778254965418755e-01 4.029788843406441612e-01 6.953479906546937706e-01
7.629699781757726118e-01 2.078899443615177811e-01 5.501124083348770677e-01 3.703918903473459867e-01 6.800682743656559781e-01
7.803475173349161409e-01 1.960162116964519752e-01 5.398575120187937282e-01 3.328468917777938074e-01 6.681351139625130164e-01
7.924519672107080970e-01 1.811831484520293467e-01 5.255436702427449536e-01 2.887896707770152283e-01 6.580400475625940437e-01
8.006687760353088379e-01 1.709942370653152466e-01 5.156961083412170410e-01 2.585555016994476318e-01 6.511546969413757324e-01
