2.099598497152328491e-01 7.175976037979125977e-01 1.506956070661544800e-01 7.852171063423156738e-01 4.764776825904846191e-01
2.366934913537254714e-01 7.102993844800208345e-01 1.469129125254120816e-01 8.230451824967872643e-01 4.664481087106022161e-01
2.747066095222416848e-01 6.947027989915175450e-01 1.658573432685839788e-01 8.315129947946413580e-01 4.525075143746352113e-01
3.113235419824658123e-01 6.780600957139415463e-01 1.892129974118652858e-01 8.149974371769450610e-01 4.259865610795310897e-01
3.294453982203944808e-01 6.760875039910783091e-01 2.017313729240742537e-01 7.763527064613522377e-01 3.948926909302241661e-01
3.406328351225277884e-01 6.780617972224740608e-01 2.212894551194504733e-01 7.356123504870504259e-01 3.764865606185330282e-01
3.589879617737549711e-01 6.728820056413505890e-01 2.549230029765714445e-01 7.049414558666707853e-01 3.584997307584656401e-01
3.853651569261801746e-01 6.624426029626555579e-01 2.932307118543517332e-01 6.861955707617628519e-01 3.451012436611054501e-01
4.143900139570088625e-01 6.506948139610430060e-01 3.303570288605695016e-01 6.689297052622720230e-01 3.403795264676998666e-01
4.432736045807080805e-01 6.372365192834964498e-01 3.676168887848617617e-01 6.463250057095699663e-01 3.416235059529533769e-01
4.620102467968181248e-01 6.248627284260814818e-01 3.946939461919046765e-01 6.210511021951572452e-01 3.463167502462856095e-01
4.796417669454061117e-01 6.097324090553989384e-01 4.220939618275952876e-01 5.844392225338401747e-01 3.540548661619740134e-01
4.944599507761051616e-01 5.947523981974731644e-01 4.396185414184506923e-01 5.476671646311085384e-01 3.635989285666029192e-01
5.125197166756856326e-01 5.740491700813512566e-01 4.530316794189301888e-01 5.093963180292003790e-01 3.786547955891546580e-01
5.308651967909383540e-01 5.462814925179469983e-01 4.622048860628324984e-01 4.776887203566269058e-01 3.972829752264613878e-01
5.523287204132721895e-01 5.147945616277074254e-01 4.734515042963362563e-01 4.505411525863946554e-01 4.152050310684136658e-01
5.856691177341335486e-01 4.818660254132997034e-01 4.966759342267551003e-01 4.236606018754375258e-01 4.323390735206220636e-01
6.179589794188445895e-01 4.595875438380229161e-01 5.213440164841158797e-01 4.103316473355363980e-01 4.450940200685368220e-01
6.523632409931198195e-01 4.362289190679707884e-01 5.440414833391982175e-01 4.080005470976247328e-01 4.611520365348095174e-01
6.847736456156877649e-01 4.096688888269564011e-01 5.598625077359417057e-01 4.178373644445951829e-01 4.856266879866877328e-01
7.066448657078709950e-01 3.817491509391159332e-01 5.667927231953640010e-01 4.366644841021705137e-01 5.218202689862345700e-01
7.139011849767199491e-01 3.480390151827366663e-01 5.654378662406961409e-01 4.577854470217646576e-01 5.744068554156266382e-01
7.148563924440881623e-01 3.223819073669108026e-01 5.606656607465484443e-01 4.629638569753974919e-01 6.140737121202002324e-01
7.167737532807284540e-01 2.914991532440816546e-01 5.503372889543807212e-01 4.537220311544975515e-01 6.570802021813303417e-01
6.934959761748177298e-01 2.508333226808057148e-01 5.271430326284605172e-01 4.422426082664151492e-01 7.018878170867960398e-01
6.598296306565948344e-01 2.283326308926074411e-01 5.129768029230465931e-01 4.413337526046899884e-01 7.169882744433404564e-01
6.383279579103731116e-01 1.975471628185615780e-01 5.003209796919226848e-01 4.068626694213212658e-01 7.029433892839482834e-01
6.859192782785147324e-01 1.901996914172409125e-01 5.075870980940673238e-01 3.685149762214766089e-01 6.859644876608718134e-01
7.261855729758660560e-01 1.834603810076196606e-01 5.104325989694403765e-01 3.299295297278097561e-01 6.737495209824545528e-01
7.707859596452620865e-01 1.759956800110822617e-01 5.135843774050681265e-01 2.871909105833465592e-01 6.602197874644850639e-01
8.006687760353088379e-01 1.709942370653152466e-01 5.156961083412170410e-01 2.585555016994476318e-01 6.511546969413757324e-01
