2.099598497152328491e-01 7.175976037979125977e-01 1.506956070661544800e-01 7.852171063423156738e-01 4.764776825904846191e-01
2.436029707550835255e-01 7.117878167397203582e-01 1.739369332936245849e-01 7.977004179713818033e-01 4.589077219641789496e-01
2.947062987286862557e-01 7.003015618059746927e-01 1.971941482560977676e-01 8.120200670727698578e-01 4.407912034593049477e-01
3.422871787737592486e-01 6.731524430124971037e-01 2.162622841225737558e-01 7.912041183070660511e-01 4.226167810298049332e-01
3.572674828081737197e-01 6.630284696159597368e-01 2.574284789679662233e-01 7.654210716724544339e-01 3.875883660250413199e-01
3.582270436092028776e-01 6.636108225346092349e-01 2.853600863164922896e-01 7.300025620221474165e-01 3.610858768817840625e-01
3.778593105638612948e-01 6.633181003513070051e-01 3.203930445368715629e-01 6.830605007511031390e-01 3.390035117743958604e-01
4.135208223571383290e-01 6.555258278244313619e-01 3.532435442652861468e-01 6.524801427112834062e-01 3.372681274090205683e-01
4.479003568249363965e-01 6.358783372658410871e-01 3.912393539754810967e-01 6.287717786481840099e-01 3.477644927721430523e-01
4.686742489238238107e-01 6.065948731386555659e-01 4.278486646950341865e-01 5.962922984444911645e-01 3.596766981150167908e-01
4.831404894161779318e-01 5.879969606934442039e-01 4.488913276119137485e-01 5.469714001530604497e-01 3.671267510521026844e-01
5.123948433700493688e-01 5.747832804467094547e-01 4.650803236632499171e-01 4.974671833619403460e-01 3.897705714868840987e-01
5.489286297419075922e-01 5.469976169461328031e-01 4.907557772938608842e-01 4.595226608766957987e-01 4.130785597872470571e-01
5.772185233873001753e-01 5.219161373111824709e-01 5.115358843369065545e-01 4.393829674175643296e-01 4.250932349827863943e-01
6.152760060508968287e-01 4.964344780143984392e-01 5.460654878150601466e-01 4.120482946003548030e-01 4.392201668470031573e-01
6.504505532160165249e-01 4.791076209704306921e-01 5.807538729381056530e-01 3.906170073978857959e-01 4.479615113437651619e-01
6.801566279588909802e-01 4.308143195170529016e-01 5.893339164927196006e-01 3.871041417824790942e-01 4.538635788547925043e-01
7.010330683641452509e-01 3.901824820106171710e-01 5.832945700879350603e-01 4.064475134541345458e-01 4.917262468171421097e-01
7.138002337864485236e-01 3.583434587424377815e-01 5.826661575467194654e-01 4.139839239338846122e-01 5.397807869195169195e-01
7.269335574680726442e-01 3.200895122170302476e-01 5.838904837161177364e-01 4.177853508199665389e-01 6.012102183315815029e-01
7.348483304819907191e-01 2.987676337476409261e-01 5.767727470846157889e-01 4.347498577630594108e-01 6.415069442560028534e-01
6.931672443351353241e-01 2.829169174843464418e-01 5.402734510901301412e-01 4.410724432410999540e-01 6.832066315962421754e-01
6.443567036252039193e-01 2.695013723061180921e-01 5.116066843028864719e-01 4.514156248530796223e-01 7.020400641522586138e-01
5.875094426682379023e-01 2.523379680723792928e-01 4.807379528309889682e-01 4.681203537977221552e-01 7.203142900639083468e-01
5.782037229601262318e-01 2.185231032161386311e-01 4.883215550045710285e-01 4.368592774852141924e-01 7.390170470977640571e-01
6.288070359246200614e-01 2.036993125879381084e-01 5.071517139139384289e-01 4.137451322597683889e-01 7.429712238655149514e-01
6.858788457280570183e-01 1.835199731084651842e-01 5.092639702717175476e-01 3.780908023178696231e-01 7.277118324467209964e-01
7.272779564200293478e-01 1.785928737000982702e-01 5.119822638306041895e-01 3.351028553614603944e-01 6.991887566678558485e-01
7.696712054455672192e-01 1.742036204283461398e-01 5.141275176376313150e-01 2.908862756441243369e-01 6.714425090258919759e-01
8.006687760353088379e-01 1.709942370653152466e-01 5.156961083412170410e-01 2.585555016994476318e-01 6.511546969413757324e-01
