2.099598497152328491e-01 7.175976037979125977e-01 1.506956070661544800e-01 7.852171063423156738e-01 4.764776825904846191e-01
2.535411759919890540e-01 7.097449921589334965e-01 1.582637886845328912e-01 7.817738818761006403e-01 4.644644157501738313e-01
3.059020460385173945e-01 7.028686359605681444e-01 1.637667726595671280e-01 7.811312793725072590e-01 4.530978869940847642e-01
3.459467592257134960e-01 7.177639016834262975e-01 1.820072634734009598e-01 7.843248330511259914e-01 4.400208738864785918e-01
3.718637459294371617e-01 7.127344621745987929e-01 2.135082669085885398e-01 7.678333228827131096e-01 4.158422932731458133e-01
3.777282164308210510e-01 7.123970580363697680e-01 2.429876810173587642e-01 7.488366461260018703e-01 3.893703545473687910e-01
3.755615506168732964e-01 7.170473623936014507e-01 2.787925721601622886e-01 7.254373580000293975e-01 3.558655762088996921e-01
3.797784248800851192e-01 7.162134743455130792e-01 2.871842410247374966e-01 7.238024636630995268e-01 2.995687808214964054e-01
3.999864419600592802e-01 7.060906464999814336e-01 2.824360003747645731e-01 6.912671706965026752e-01 2.724325912657313831e-01
4.102503056446902829e-01 7.052354863356018466e-01 2.863359279984933337e-01 6.598263338783626475e-01 2.358318825560796195e-01
4.232892093411163015e-01 6.880512563836220785e-01 3.178774608729921236e-01 6.372057694139148243e-01 2.217033103496637292e-01
4.465086442495220242e-01 6.762587154723200822e-01 3.612807022356268050e-01 6.290955640116305814e-01 2.284124854219119760e-01
4.695740914854641956e-01 6.678658273797390965e-01 4.017982126100546059e-01 6.336083081079617596e-01 2.395132553193517755e-01
4.866734322343446717e-01 6.504395232721877917e-01 4.453943630280337573e-01 6.354142668878692835e-01 2.489746445200877178e-01
4.890296822328286663e-01 6.253264028418843434e-01 4.804165788902657330e-01 6.191382116348891351e-01 2.546533405709074382e-01
4.837911594770915036e-01 5.939211984271031142e-01 5.057776775772512279e-01 5.870095625630074032e-01 2.667093141548450563e-01
4.812921121628413457e-01 5.623473665601783633e-01 5.116796304189951128e-01 5.555808414089983271e-01 2.946496384484234565e-01
4.757541489933750367e-01 5.388309353632684262e-01 5.061163986594187092e-01 5.364406509321303362e-01 3.206679102727975073e-01
4.698075464960252412e-01 5.098763705808078139e-01 4.994302096065761920e-01 5.120984307917174627e-01 3.552246534114088528e-01
4.874855946319812117e-01 4.913373793155966784e-01 5.007069416923733973e-01 4.919678174742951882e-01 3.915998741163024266e-01
5.335672747197977017e-01 4.891650650155766611e-01 5.018482409918448850e-01 4.861137739367711319e-01 4.150991911735146811e-01
5.766088010577686829e-01 4.847800397765310021e-01 5.015552815439406897e-01 4.818881043385299656e-01 4.272440072755859797e-01
6.125830719866200980e-01 4.672108601329224009e-01 5.319465631935039740e-01 4.586349061374260794e-01 4.424181908625092197e-01
6.243050140784466295e-01 4.355905199278537476e-01 5.522285999893304931e-01 4.406698723805225759e-01 4.649625447467538031e-01
6.286639980882829937e-01 3.909616716823937077e-01 5.549616315798950872e-01 4.508358636822362153e-01 4.970956466943715624e-01
6.678367385702259629e-01 3.730233440095773734e-01 5.702830533500161669e-01 4.673285737169305398e-01 5.285317219577250203e-01
6.920772272287439852e-01 3.600307515589999396e-01 5.644304784393645580e-01 4.743306279711942408e-01 5.675254092439877551e-01
6.900238719891966799e-01 3.494010150576361551e-01 5.670882110838494361e-01 4.733844886738330926e-01 6.142633145887848034e-01
6.860107782332872661e-01 3.275064851789343257e-01 5.808727886569247101e-01 4.557760632048413196e-01 6.553345251306491592e-01
6.864021919997376209e-01 3.071400213856365080e-01 5.894415117770720469e-01 4.418963130712286747e-01 6.903053606025104649e-01
6.901234192925537192e-01 2.763475241323039011e-01 5.845571333599330899e-01 4.342681663081563448e-01 7.261420138129777158e-01
7.028272216590563115e-01 2.388060509274005094e-01 5.692101700479318405e-01 4.328471744759415096e-01 7.377938053950761077e-01
7.285538655487374671e-01 2.050153773100940879e-01 5.412129838892961731e-01 4.261439021096426472e-01 7.102848157364821668e-01
7.381232836892579474e-01 2.035914425889342183e-01 5.250218813731021283e-01 3.900432720560882416e-01 6.789270804871859744e-01
7.569242658083402686e-01 1.890479531713838424e-01 5.181602465428979398e-01 3.368898704096972008e-01 6.651082915079293834e-01
7.822574368120360777e-01 1.785927469067757900e-01 5.167332232634959110e-01 2.915251389792402059e-01 6.570275335925550575e-01
8.006687760353088379e-01 1.709942370653152466e-01 5.156961083412170410e-01 2.585555016994476318e-01 6.511546969413757324e-01
