2.099598497152328491e-01 7.175976037979125977e-01 1.506956070661544800e-01 7.852171063423156738e-01 4.764776825904846191e-01
2.591979911399354686e-01 7.128525868500971141e-01 1.652636578510490173e-01 8.373109157378383349e-01 4.546596327225516099e-01
2.691914134499647226e-01 7.121573752914405198e-01 1.492925237975668840e-01 7.823664499532079208e-01 3.734754819696336492e-01
2.895333999798327396e-01 7.196439827087416363e-01 1.615196809754913809e-01 7.110709605557676838e-01 3.316718870473003844e-01
3.421028936673426446e-01 7.152667914357709877e-01 1.988885764365006803e-01 6.734417623783408580e-01 3.189570367352018709e-01
3.884756342790804395e-01 7.085986480999377779e-01 2.817505332903511572e-01 6.517197613954419655e-01 2.999835429445147361e-01
4.236464883680006732e-01 7.017974946493164001e-01 3.344888249987372775e-01 6.500624685807782077e-01 2.733970350575972152e-01
4.747352878268723542e-01 6.807463678188631073e-01 4.071684319941161756e-01 6.489124560121619645e-01 2.259625398102181049e-01
5.407829792279380543e-01 6.550215567910289138e-01 4.753580758067567080e-01 6.180659242900412575e-01 2.335637803010294777e-01
5.996243066737949601e-01 6.348001908620126699e-01 5.093348161791731998e-01 5.873455644470365611e-01 2.528596009438955905e-01
6.563218998208841803e-01 5.850783843707858534e-01 5.494326271813229079e-01 5.306699000769404817e-01 3.083914509522220349e-01
6.847100155136977007e-01 5.271488917604552071e-01 5.685946334108036293e-01 4.732250927322806389e-01 3.652663638345347574e-01
6.801774681767285280e-01 4.725913843609368392e-01 5.707495955468139259e-01 4.324114801976238764e-01 4.178740324335987744e-01
6.341012945891116859e-01 4.352852404544826914e-01 5.635842841393545744e-01 4.239925971066209054e-01 4.561940517594013089e-01
5.475389921064772736e-01 4.014668999389144899e-01 5.487817594101006557e-01 4.501918086486223491e-01 4.939562018384960895e-01
5.437798071528733290e-01 3.414023120609420703e-01 5.319382765594419249e-01 4.373054234659395911e-01 6.021785535610978402e-01
6.038274671666595816e-01 3.064801159832652999e-01 5.406137128954373594e-01 4.284298462247804751e-01 6.632455403634841540e-01
6.597673872538658557e-01 2.491973406632683741e-01 5.464169340393825181e-01 4.429177615247080757e-01 7.158092044076228566e-01
6.656061579746875845e-01 1.894906548387834955e-01 5.073973415012503763e-01 3.962425668307976157e-01 7.277689406540177597e-01
7.465471593364040315e-01 1.765608017448956624e-01 5.059077505505346073e-01 3.028956372259924978e-01 6.769177526768699327e-01
8.006687760353088379e-01 1.709942370653152466e-01 5.156961083412170410e-01 2.585555016994476318e-01 6.511546969413757324e-01
