2.099598497152328491e-01 7.175976037979125977e-01 1.506956070661544800e-01 7.852171063423156738e-01 4.764776825904846191e-01
2.481025524944363569e-01 7.219157709086791996e-01 1.585341169262186323e-01 8.388244850833042054e-01 4.200006091154738774e-01
3.157148377083474622e-01 7.128530401423752716e-01 1.634673898799647307e-01 7.336182624393143836e-01 3.619636403196552221e-01
3.440254083407575658e-01 7.165985281484965608e-01 1.765369080397944934e-01 6.831869354768863589e-01 3.110401027045865407e-01
3.889589288563765068e-01 7.051762181656863193e-01 2.435742044289775921e-01 6.804907156725915618e-01 2.284348446538905508e-01
4.444211922999244946e-01 6.971882701096201451e-01 3.181607530706876408e-01 6.586717607226970639e-01 2.085483625935265206e-01
4.978264860168903905e-01 6.767052068831846956e-01 4.042269292858610696e-01 6.525764532255730055e-01 2.036807375938567699e-01
5.506954502450875921e-01 6.403642397490213467e-01 4.646219674627585228e-01 6.278522763656628758e-01 2.084081133016574827e-01
5.754207797959681736e-01 6.025760125383737842e-01 5.034720016499284467e-01 5.597546092348130164e-01 2.250738304855255389e-01
6.226079025362741826e-01 5.822618718447971631e-01 5.539899811123630835e-01 4.849204937538028615e-01 2.681374529223533032e-01
6.784660250431108208e-01 5.454507233001265609e-01 6.004868776870996294e-01 4.419210382956692551e-01 3.274997375644664310e-01
7.094820761712543611e-01 4.645534554116020898e-01 6.004925454530500861e-01 4.079836550011640139e-01 4.012904582917284912e-01
6.620426419109530780e-01 4.127764695205974887e-01 5.731825289057842499e-01 4.027216110696314466e-01 4.517078379425980561e-01
6.026983889184949206e-01 4.014256276445857252e-01 5.555064615080775869e-01 4.177666671566091505e-01 4.772826955604807520e-01
5.563932938025076824e-01 3.664858342499408561e-01 5.384147235416089083e-01 4.535925115656223583e-01 5.596776377370664690e-01
5.983069137810931304e-01 3.220233493510139544e-01 5.326250593566482783e-01 4.473977151171107391e-01 6.188248813151291383e-01
6.750535042032146382e-01 2.727978563422640557e-01 5.535630178449869598e-01 4.559879224470203551e-01 6.725214765274201145e-01
7.064388444676800161e-01 2.010270616942422262e-01 5.253923905850766962e-01 4.334251433845241475e-01 7.255081084842396333e-01
7.798507991722863908e-01 1.834160839103554097e-01 5.375811192218926671e-01 3.315635977916729926e-01 6.825873537807364277e-01
8.006687760353088379e-01 1.709942370653152466e-01 5.156961083412170410e-01 2.585555016994476318e-01 6.511546969413757324e-01
