2.099598497152328491e-01 7.175976037979125977e-01 1.506956070661544800e-01 7.852171063423156738e-01 4.764776825904846191e-01
2.007621392868728649e-01 6.871159476999354476e-01 1.451074528828715515e-01 7.866521218196378396e-01 4.574836968343619081e-01
1.757505949127058653e-01 6.642743876926497926e-01 1.324980731952147550e-01 7.838469862885362183e-01 4.412610111873973562e-01
1.705720107245360107e-01 6.572228801744658400e-01 1.463378882088526289e-01 7.792795543369174238e-01 4.068285206485105499e-01
1.760542476081958796e-01 6.546063724584052501e-01 1.534440636701830674e-01 7.634099342093932927e-01 3.806442502429568386e-01
1.972611451362071278e-01 6.591152263099054887e-01 1.706935703995260123e-01 7.634556528903011507e-01 3.561843664691372036e-01
2.291599524563101287e-01 6.639431903524626311e-01 1.868599172595500901e-01 7.671821572089756458e-01 3.485734895218391971e-01
2.507391482199087251e-01 6.654551275741753535e-01 1.947857048152358828e-01 7.663676379575375952e-01 3.470840142102272208e-01
2.841495670352106040e-01 6.667304419888917533e-01 2.055373113555314657e-01 7.628406095107616025e-01 3.461768854074018242e-01
3.197726611172583833e-01 6.668955075005800204e-01 2.178304379030199800e-01 7.579603860137807958e-01 3.451101142098317864e-01
3.554917159664010562e-01 6.630504371685782550e-01 2.334983005121372412e-01 7.500883270611126141e-01 3.426159935270986501e-01
3.866324133017507436e-01 6.533672085692344700e-01 2.527017452337921855e-01 7.369997118242800349e-01 3.367668122573173606e-01
4.036827551307273221e-01 6.452116553315465630e-01 2.691269859492808059e-01 7.236578580548770345e-01 3.299732253783420610e-01
4.153443703082549399e-01 6.361923127488599006e-01 2.960574678121676295e-01 6.990912518331473535e-01 3.167087326855323459e-01
4.201649374599845665e-01 6.297111404575314042e-01 3.202533317083798847e-01 6.761494236389286039e-01 3.041211843684401561e-01
4.224420495907946216e-01 6.223887461317747505e-01 3.437586146094344097e-01 6.525232672347656138e-01 2.912830755651491521e-01
4.198432579792017449e-01 6.113643043254025633e-01 3.683908840417826625e-01 6.220455722937714427e-01 2.803501098862450913e-01
4.143839779418153624e-01 5.995033876768257608e-01 3.880792332791048738e-01 5.910666553977244053e-01 2.788656819556665778e-01
4.111262885465615247e-01 5.863658772776014771e-01 4.037697832149705901e-01 5.616501695414013451e-01 2.872116612381338530e-01
4.149896465212983832e-01 5.690842959313684446e-01 4.171910248201383675e-01 5.347758387647852940e-01 3.043902394359829788e-01
4.253812923853292904e-01 5.479666258146924651e-01 4.274464702075401745e-01 5.118149451280625817e-01 3.284279391195848996e-01
4.325326797288371883e-01 5.298546128053481796e-01 4.338369854536094916e-01 4.944748456308196705e-01 3.514022561223866248e-01
4.354533476111580037e-01 5.110882156839862134e-01 4.425499616815730675e-01 4.786952454024790415e-01 3.769548369743001004e-01
4.437906663029096976e-01 4.904286599313855688e-01 4.645444457368326785e-01 4.693763394593611360e-01 4.063953655062404469e-01
4.569013661489780831e-01 4.789251926749915067e-01 4.865544025810237261e-01 4.692906843517138382e-01 4.250206921818316941e-01
4.795959081004250169e-01 4.702328048645747494e-01 5.119408346202560800e-01 4.732613773814144942e-01 4.442024782963208684e-01
5.016152934201176805e-01 4.617180143581774976e-01 5.278642897966799863e-01 4.762578767490748821e-01 4.642550661681086877e-01
5.150589852388103296e-01 4.461414948029683303e-01 5.311289150165293682e-01 4.773460585724610961e-01 4.970499803192390265e-01
5.108966154145592187e-01 4.261362165694847493e-01 5.262820615284542480e-01 4.743403378782435342e-01 5.343267184841902218e-01
5.056500558537062595e-01 4.090546733407082747e-01 5.237991951648378608e-01 4.694643525118967764e-01 5.622051930711062795e-01
5.036036129275859308e-01 3.862987571064320225e-01 5.232834571283142555e-01 4.619107988298560841e-01 5.965599593746155893e-01
5.059243710445312514e-01 3.715334784531792445e-01 5.254096320135781539e-01 4.607998278897416644e-01 6.287344177556616343e-01
5.158775038335819962e-01 3.627476696389778654e-01 5.323886321614388351e-01 4.645606036665020921e-01 6.559330795306038686e-01
5.377968745688535002e-01 3.445215809376273586e-01 5.438812452931941488e-01 4.614186164657916311e-01 6.752976163613532146e-01
5.570278761545561785e-01 3.142904906314586411e-01 5.469022160188009574e-01 4.486248412555822740e-01 6.850788478932179348e-01
5.736585742466281390e-01 2.850369171996993689e-01 5.435163751203093696e-01 4.355442888001164192e-01 6.903230836140950011e-01
5.960054849495548535e-01 2.560203241660775619e-01 5.398230658846437935e-01 4.246659021448338511e-01 6.900484691092811929e-01
5.883876017200772024e-01 2.409489771327918695e-01 5.316404758636995576e-01 4.061362197969072829e-01 6.619815898281907751e-01
6.008538397832102751e-01 2.336426118267343477e-01 5.138173363021746320e-01 3.808931158438226827e-01 6.555573374491741045e-01
6.346587032552967189e-01 2.250872468060264586e-01 5.107783353067539833e-01 3.630821209873641986e-01 6.531403957145693884e-01
6.671574317058520665e-01 2.160230306805377420e-01 5.141910185870725014e-01 3.450610493373311161e-01 6.526070107813003451e-01
6.998476588090061234e-01 2.057941256601570901e-01 5.172347553916823992e-01 3.248559450635791213e-01 6.525513866681392772e-01
7.356646113610705306e-01 1.937605376823479941e-01 5.182346415464917921e-01 3.016022955121476223e-01 6.523051308882834576e-01
7.709769897840270669e-01 1.813931420438028574e-01 5.168556276689482143e-01 2.782178757503248057e-01 6.516801777166305598e-01
8.006687760353088379e-01 1.709942370653152466e-01 5.156961083412170410e-01 2.585555016994476318e-01 6.511546969413757324e-01
