2.099598497152328491e-01 7.175976037979125977e-01 1.506956070661544800e-01 7.852171063423156738e-01 4.764776825904846191e-01
2.231543113262400846e-01 6.953815664607132518e-01 1.455826137553449806e-01 7.726283356200974728e-01 4.551312351460644612e-01
2.426632280191377555e-01 6.783216911082793343e-01 1.520288247644610014e-01 7.899997197676502658e-01 4.296660207506678986e-01
2.681699609201960155e-01 6.627624861508035758e-01 1.493628269978229672e-01 7.876440655010522596e-01 4.031498899055689922e-01
2.944518195796965165e-01 6.533524111835504744e-01 1.492003594601973571e-01 7.857468091607566762e-01 3.822582754880430866e-01
3.236304851045302411e-01 6.480076597632115076e-01 1.590529236117774192e-01 7.843095181160519846e-01 3.633098048472361286e-01
3.509750159778967649e-01 6.494601905230701355e-01 1.809681484208573166e-01 7.812606231940518731e-01 3.513993493269522705e-01
3.733036367407618350e-01 6.552145887671438906e-01 2.078554455487521824e-01 7.748015299571582304e-01 3.449089151214914661e-01
3.920296374949586160e-01 6.586512500701994233e-01 2.326798426401101849e-01 7.675900576347656212e-01 3.397177397634547069e-01
4.144444166030035737e-01 6.541168022920699210e-01 2.619396091499610058e-01 7.606098379578846158e-01 3.321297218836140042e-01
4.321737241190434786e-01 6.447496916252850596e-01 2.925311743297989708e-01 7.538636032522576524e-01 3.240062941183255996e-01
4.374955530939318993e-01 6.387489462978115373e-01 3.290197372568467449e-01 7.438853952996203889e-01 3.211333898070474757e-01
4.345838405461439069e-01 6.431202183266023775e-01 3.590558749970153007e-01 7.193448453771852380e-01 3.231678438909865725e-01
4.395291344763258556e-01 6.501131932695796145e-01 3.677712392485114612e-01 6.881255993257245906e-01 3.190459378282142766e-01
4.492092013576389209e-01 6.513783020812471403e-01 3.688810891796232005e-01 6.534596929931042464e-01 3.147734638236219240e-01
4.573382384013829904e-01 6.448416594330174112e-01 3.768950056127580717e-01 6.187555266036833812e-01 3.211647345740380466e-01
4.639740237078083807e-01 6.372191995180019886e-01 3.906747653344295745e-01 5.940340519166591449e-01 3.330975227718127596e-01
4.781284092440836186e-01 6.304936789088887439e-01 4.145231177496707664e-01 5.695755565469645676e-01 3.494343506927626297e-01
4.988884779082132237e-01 6.274620885326566144e-01 4.386011647324019047e-01 5.520603031976313302e-01 3.627063964956876441e-01
5.205367179499096331e-01 6.225438373524203595e-01 4.610041943817190790e-01 5.370467227204956950e-01 3.779884338704188607e-01
5.265231218451611461e-01 6.085926478273426810e-01 4.790437478531230919e-01 5.192237277369871062e-01 4.027233724339629450e-01
5.180776100997180889e-01 5.906554431342614375e-01 4.901545629162832873e-01 5.043049749173789120e-01 4.279705562247475559e-01
5.108078398210539328e-01 5.670229035024826336e-01 4.994680757312658370e-01 4.914350544800595855e-01 4.511785442803008528e-01
5.124406649540286240e-01 5.379303542563816931e-01 5.067826140065605500e-01 4.805002944837246659e-01 4.694652951408116448e-01
5.198657297634304841e-01 5.079591080430287953e-01 5.091199693678994942e-01 4.736024230702353122e-01 4.827769334938043500e-01
5.316805703578139086e-01 4.708268783099308075e-01 5.046399531852718834e-01 4.711799726769770325e-01 4.964004883332500118e-01
5.450460534938000867e-01 4.376628726042818274e-01 4.988732251200713730e-01 4.704223081840533394e-01 5.074451607220815674e-01
5.627576731152588163e-01 4.067922617967410504e-01 4.963319279414247220e-01 4.663371800084223362e-01 5.181958317104157219e-01
5.761010174218251789e-01 3.773352488025539242e-01 4.931733732140302084e-01 4.581367393139956778e-01 5.353209170139535678e-01
5.760705205630709536e-01 3.533087208884440056e-01 4.840908602911579428e-01 4.507446220595572872e-01 5.571733278905152131e-01
5.668325010220551796e-01 3.317528061345152990e-01 4.693546817659962622e-01 4.448732931860984730e-01 5.830205030686738121e-01
5.601913400629231488e-01 3.088387536413718659e-01 4.572842835204121714e-01 4.397069115671090045e-01 6.123901539627609747e-01
5.657536760145556176e-01 2.847143615123924332e-01 4.555228039833884024e-01 4.377007690026891162e-01 6.425149697015335448e-01
5.832040744164257440e-01 2.630645790930792316e-01 4.660389076030356792e-01 4.416631254650886240e-01 6.691960955466115246e-01
5.992319513400250486e-01 2.461577281465777978e-01 4.762688834419313011e-01 4.485454531893167118e-01 6.890864071619292597e-01
6.252859154588756851e-01 2.312494882176926170e-01 4.875795188987741557e-01 4.582773755430979978e-01 7.026567259496986351e-01
6.648819249168609335e-01 2.241852940518896109e-01 5.005394435640718731e-01 4.684498450970296934e-01 7.041656535249403159e-01
6.853256480882896629e-01 2.282144586757654803e-01 5.023870665201495278e-01 4.456741748910622025e-01 6.871589966032263241e-01
6.607341839983271736e-01 2.193949880553625609e-01 4.925946101602614036e-01 4.188568973064497047e-01 6.875091057874871403e-01
6.655898730792648710e-01 2.071102292109897880e-01 4.890581747559069048e-01 3.853698857993911320e-01 6.844370319083207255e-01
6.915532380184211680e-01 1.971123505137133414e-01 4.925475239003756500e-01 3.547002728004473582e-01 6.780983573725516411e-01
7.183013518653629248e-01 1.905392102243285146e-01 4.980285843061079132e-01 3.312517180415582851e-01 6.716529043314930503e-01
7.454131891403842358e-01 1.840699386158404227e-01 5.038032751756900129e-01 3.073484654580567188e-01 6.649393031659857067e-01
7.767869935009686921e-01 1.766456304982978731e-01 5.105559574291215208e-01 2.796441013356246175e-01 6.571124830527362848e-01
8.006687760353088379e-01 1.709942370653152466e-01 5.156961083412170410e-01 2.585555016994476318e-01 6.511546969413757324e-01
