2.099598497152328491e-01 7.175976037979125977e-01 1.506956070661544800e-01 7.852171063423156738e-01 4.764776825904846191e-01
1.944046463829009197e-01 6.861834434822250417e-01 1.218990146565281790e-01 7.806481946468049049e-01 4.461173139706108293e-01
2.348583409990056270e-01 6.610274624210524808e-01 1.109573927610787158e-01 7.764249736075141684e-01 4.453264947593176815e-01
2.728365244933502187e-01 6.811360361245540895e-01 1.446116951358294156e-01 7.767767649976866640e-01 4.412298645188335033e-01
2.986883507358280010e-01 6.768168387842200540e-01 1.758307080078880535e-01 7.711204016737016609e-01 4.089584870033336483e-01
3.281588354953672848e-01 6.605091858914915459e-01 2.021440924563572272e-01 7.551886566709863358e-01 3.860821593793232198e-01
3.533465297238216896e-01 6.562680284177909718e-01 2.253512286254063524e-01 7.380918727626188947e-01 3.646052317817847221e-01
3.799221983587102724e-01 6.588168248945612815e-01 2.533261258693159101e-01 7.133589386802424714e-01 3.268378631510506782e-01
3.932072981189778105e-01 6.628151869020263431e-01 2.781904189775190606e-01 6.854997689040189801e-01 2.819561606838142387e-01
4.061241317648419114e-01 6.654626331122955873e-01 3.199745355001822888e-01 6.597440644199833448e-01 2.700822281994744167e-01
4.292883694761284175e-01 6.610560870823171120e-01 3.782480454505761092e-01 6.415786933964359173e-01 2.778170421915378552e-01
4.502902031283829154e-01 6.405037474601689151e-01 4.218294909347461430e-01 6.335094068516077259e-01 2.712506313551985015e-01
4.583591641738097300e-01 6.014720363027440397e-01 4.556902161738324297e-01 6.151000044767722663e-01 2.564414655623645234e-01
4.497720284955344927e-01 5.742517566157108178e-01 4.765372754808688827e-01 5.852768219860753351e-01 2.656530354825192841e-01
4.459142201221555912e-01 5.608821477933080279e-01 4.876495011248715428e-01 5.441751155991869648e-01 2.934752981067517141e-01
4.552807359883575544e-01 5.532483689549410055e-01 4.871291306549541678e-01 4.950766432783810789e-01 3.215472006426692841e-01
4.721733339495012838e-01 5.460904336904303102e-01 4.876099209060402173e-01 4.617408118511469040e-01 3.433520612048254206e-01
5.042957498481164258e-01 5.260770613056048317e-01 4.955842693109002717e-01 4.330084376580687899e-01 3.809533958712772450e-01
5.396726832142272334e-01 5.047791541930221060e-01 5.033861371470438328e-01 4.371221615806543670e-01 4.036327296660601194e-01
5.876409085587868120e-01 4.812633388675909285e-01 5.150822752016637196e-01 4.539844652678401427e-01 4.218259334863800891e-01
6.223824303584264417e-01 4.549735299233483299e-01 5.324390983981891479e-01 4.588068571972694354e-01 4.411783773171775724e-01
6.394162292373841705e-01 4.177644349175020366e-01 5.527234954464439465e-01 4.539320956896507608e-01 4.683869800795988914e-01
6.294257549557502607e-01 3.809453840092686949e-01 5.632085834239125566e-01 4.548222578454874099e-01 5.025343430148740964e-01
6.136851412447094090e-01 3.555424693171509443e-01 5.632299080020316540e-01 4.690027096777191207e-01 5.427126287392252113e-01
6.117907124539254671e-01 3.434151257850176497e-01 5.634274607672761226e-01 4.784706458990930500e-01 5.844114547363054024e-01
6.152105054811548568e-01 3.324636504753919475e-01 5.623847838565254609e-01 4.775020264790595381e-01 6.411910659480977159e-01
6.159409947102401084e-01 3.223217090121432427e-01 5.573709990858835006e-01 4.732503516770594776e-01 6.886682640640109376e-01
6.217422693631889929e-01 3.100683222724019417e-01 5.565064356285883695e-01 4.721372089992739163e-01 7.305163118943178713e-01
6.577851606029740950e-01 2.900215712198115359e-01 5.750405137408021172e-01 4.637647077289424047e-01 7.599209564032773923e-01
6.950493476045295216e-01 2.749533962108458018e-01 5.816502442851402277e-01 4.351995500730307387e-01 7.535592696320829731e-01
7.126681703076533925e-01 2.477445279198931816e-01 5.536705302887282576e-01 4.112641192419487779e-01 7.408495161466502887e-01
7.162503957290268231e-01 2.174716233770202789e-01 5.195601994934655465e-01 4.131122089495857241e-01 7.283637583584284814e-01
7.607384096955129849e-01 2.153553121946508164e-01 5.252531793723939080e-01 4.008075412929620884e-01 7.037352132902382484e-01
7.821529193624869869e-01 2.046080249606024859e-01 5.263213379034490380e-01 3.523533413330067754e-01 6.868928758812283819e-01
7.926087436852679025e-01 1.856264640603053073e-01 5.203213166430239456e-01 2.993861062547389373e-01 6.667116805299112547e-01
8.006687760353088379e-01 1.709942370653152466e-01 5.156961083412170410e-01 2.585555016994476318e-01 6.511546969413757324e-01
