2.099598497152328491e-01 7.175976037979125977e-01 1.506956070661544800e-01 7.852171063423156738e-01 4.764776825904846191e-01
1.884988187374044000e-01 6.978024073438826580e-01 1.518294383733056474e-01 7.838581124625569885e-01 4.553368624255075825e-01
1.773751165491356530e-01 6.794188222534885968e-01 1.603617545829206792e-01 7.602101952814256380e-01 4.378911009503707041e-01
1.979552832265708273e-01 6.711947237369553232e-01 1.824141097427254277e-01 7.438358687876068798e-01 4.199256440629436926e-01
2.262550776986829715e-01 6.669988719027002411e-01 2.004934523660572565e-01 7.390476651995324664e-01 4.065218674785179287e-01
2.465768832160717683e-01 6.629599704408702943e-01 2.119266426369347256e-01 7.361135855122077354e-01 3.972791884213368596e-01
2.736803900267065215e-01 6.553384339919672286e-01 2.271380551608999099e-01 7.299607677409719608e-01 3.832327921286188266e-01
3.016791429270449520e-01 6.482913347187948538e-01 2.446675227827710131e-01 7.244551102479702687e-01 3.691669727147792734e-01
3.312463899475255880e-01 6.428538237685949008e-01 2.634660981004193769e-01 7.227761193804157491e-01 3.574275371400048584e-01
3.634462268649324979e-01 6.365495222644984574e-01 2.841455771824926702e-01 7.211140409726085609e-01 3.447481883650510559e-01
3.878851571288946531e-01 6.313844000044045446e-01 3.049360087972959321e-01 7.148360256839541016e-01 3.294098028006096079e-01
4.018420952031973026e-01 6.303751904661990535e-01 3.308207324810511496e-01 6.993608824682304714e-01 3.073820507219270914e-01
4.051501805601470663e-01 6.317960291660991157e-01 3.531879442346403941e-01 6.796619222858485410e-01 2.869052678514502075e-01
4.099159904045359126e-01 6.297577626004100537e-01 3.769242088224212806e-01 6.505230891187556708e-01 2.674887005858943012e-01
4.205229066645940206e-01 6.251991681253209476e-01 3.937764625639600391e-01 6.252268460776145842e-01 2.598533073882832167e-01
4.358965959416545299e-01 6.207592517126356846e-01 4.058147381825193967e-01 6.011378573306098705e-01 2.629588237534470352e-01
4.487815157142176492e-01 6.183574960753613903e-01 4.122960524397917270e-01 5.803619261347015001e-01 2.720638912380722862e-01
4.584764577762382998e-01 6.157846819176479025e-01 4.181765596172705157e-01 5.508393155512260053e-01 2.890923199730534576e-01
4.659644972397975482e-01 6.090686697795515414e-01 4.291195597658822858e-01 5.207863801071035414e-01 3.114527092510959161e-01
4.822309279826693107e-01 5.992386675803866858e-01 4.424000414933597081e-01 5.069845884778256817e-01 3.371966141897088654e-01
5.016803016435288365e-01 5.867534114455416061e-01 4.519108215727128952e-01 5.109395620175678498e-01 3.680460051823466472e-01
5.098941102545999637e-01 5.721949110671364913e-01 4.551350080482842175e-01 5.174127227659436334e-01 3.973940803719562820e-01
5.078548868871415323e-01 5.509615241832082067e-01 4.567655651336755551e-01 5.160904448479883833e-01 4.264712506850851237e-01
5.043523251477324276e-01 5.269772606014634375e-01 4.650409074308023416e-01 5.017254942008966268e-01 4.472454800110762796e-01
5.053853530540898253e-01 5.080704498918232614e-01 4.799587988609411160e-01 4.812366659409297309e-01 4.568483764368625466e-01
5.082417951283015878e-01 4.891889296612139115e-01 4.968249690851103684e-01 4.547934053803924792e-01 4.626175350141371045e-01
4.969089706034751086e-01 4.656968242772271949e-01 4.967174738867782824e-01 4.327091006010032048e-01 4.782532585813104586e-01
4.977151626654772731e-01 4.418618855046703153e-01 5.055921972220702720e-01 4.436365859560085223e-01 5.039437913503361788e-01
5.292063562196803739e-01 4.201631327058195642e-01 5.149795525782578931e-01 4.464194555684086185e-01 5.029049317594739277e-01
5.525977678805769067e-01 3.935112548836600110e-01 5.069915788709019600e-01 4.489428044632317594e-01 5.133439459668394100e-01
5.688829409485018918e-01 3.663251947262834429e-01 4.949653997143174111e-01 4.531417822701510056e-01 5.320776974757799316e-01
5.753520533906582024e-01 3.443681658693805159e-01 4.879662798231073073e-01 4.565408538569903918e-01 5.544345599340335662e-01
5.739177751676580730e-01 3.249140665888230473e-01 4.866558329235765590e-01 4.596132424923827231e-01 5.844116552496125827e-01
5.677724246816020504e-01 3.081011287834021228e-01 4.906068915120223584e-01 4.601218922651002519e-01 6.210761567681851725e-01
5.655020234009850988e-01 2.876606899218975832e-01 4.926136675366871165e-01 4.463833195879644000e-01 6.513766628452072327e-01
5.701917553975086594e-01 2.626777854475295104e-01 4.868041568565730226e-01 4.298163853547429247e-01 6.677738515220078552e-01
5.906059092059791071e-01 2.314383492559481115e-01 4.855603435779327071e-01 4.235491461555273007e-01 6.830653932975481180e-01
6.175466568223477726e-01 2.166305261271684879e-01 5.013541400913594792e-01 4.124740312705112988e-01 6.832078411065350965e-01
6.478561503634806540e-01 2.129094126800598896e-01 5.212590643692451842e-01 4.044394917658082900e-01 6.790690461665697120e-01
6.839115291378987660e-01 2.092995369482479329e-01 5.340994024803927820e-01 3.952758064159814788e-01 6.760921551841421184e-01
7.165521875550971975e-01 2.015027277881122902e-01 5.335315338367327964e-01 3.717402576389141622e-01 6.720365848198031067e-01
7.383237976393530744e-01 1.931051168333245138e-01 5.262330377363712008e-01 3.431825428055351734e-01 6.672574609665556933e-01
7.596783825525571521e-01 1.847021738441382843e-01 5.200921830393633316e-01 3.119446335668283887e-01 6.615136977703877097e-01
7.835198960403502166e-01 1.767291359727247158e-01 5.175352650567803803e-01 2.808915599227969073e-01 6.554885236502887569e-01
8.006687760353088379e-01 1.709942370653152466e-01 5.156961083412170410e-01 2.585555016994476318e-01 6.511546969413757324e-01
