2.099598497152328491e-01 7.175976037979125977e-01 1.506956070661544800e-01 7.852171063423156738e-01 4.764776825904846191e-01
2.461682315118637332e-01 6.945893568026656473e-01 1.704783731210460784e-01 8.048503581333793511e-01 4.494730460519577586e-01
2.983607468175454303e-01 6.656134004930025494e-01 1.921995364105025805e-01 8.127873578544131394e-01 4.401204438461621682e-01
3.367993080856399035e-01 6.667059532543722078e-01 2.276530165605218370e-01 7.807534690515571807e-01 4.123662799085048847e-01
3.606705849738621183e-01 6.722276173395257404e-01 2.539593134256297735e-01 7.527940484398432108e-01 3.903420810126175811e-01
3.913433382960201379e-01 6.760404882014209305e-01 2.830416994481590454e-01 7.027461638447369818e-01 3.672969165412394155e-01
4.142889796515428213e-01 6.701161294453634731e-01 3.392423658055965241e-01 6.797840109798676256e-01 3.606001257997931142e-01
4.266692512024262141e-01 6.483056985429201946e-01 3.974593568561866630e-01 6.626493278531666586e-01 3.593780441469927034e-01
4.466434281313371724e-01 6.279678066573705086e-01 4.312719821134214926e-01 6.178267646094830479e-01 3.597900851964724867e-01
4.659521988800052750e-01 6.087238394408683861e-01 4.454216959130410380e-01 5.666679239284981850e-01 3.593649527760154339e-01
4.863447891292490555e-01 5.824574639304358481e-01 4.580254721084301428e-01 5.087433468507185363e-01 3.634993171205841422e-01
4.990527577333391251e-01 5.603956310011762865e-01 4.728236569916245968e-01 4.836587618162130897e-01 3.813884669174373299e-01
5.413771503672757390e-01 5.348409918500243165e-01 5.044516620736674284e-01 4.642238843144521065e-01 4.016972985007875585e-01
5.921026472891113279e-01 5.289587653663264666e-01 5.360715770728928797e-01 4.401816784219627077e-01 4.072179040185304744e-01
6.173099383359533787e-01 5.011369749097991377e-01 5.454405321270366924e-01 4.182645608249053182e-01 4.409638699101889880e-01
6.543291870778126240e-01 4.648861458669245605e-01 5.648566202116476198e-01 4.135950136355217577e-01 4.699978785160062733e-01
6.865807531418935961e-01 4.182160599525433509e-01 5.871262589834880252e-01 4.051530236661237683e-01 4.856491895535297032e-01
7.038492915518190784e-01 3.769852824365899635e-01 5.660264998943769221e-01 4.075172017931502078e-01 5.153633512395693339e-01
7.160350343958010733e-01 3.547813801611730544e-01 5.570261377189367202e-01 4.174094002071178644e-01 5.658157894486159911e-01
7.237549495030897173e-01 3.298349773999307288e-01 5.554783410564509971e-01 4.313069051218299532e-01 6.349096409593812940e-01
7.147974210596417244e-01 3.073833417875287966e-01 5.544506740440662274e-01 4.426097015597594830e-01 6.862175532244888521e-01
6.984133767811793181e-01 2.611921770287815581e-01 5.413191364513169068e-01 4.448526228767883950e-01 7.360419130484585626e-01
6.424738603050528241e-01 2.300263768807104536e-01 5.159339909193144669e-01 4.401908005210182218e-01 7.546205091719780933e-01
5.851138229915550104e-01 2.288398935592580452e-01 5.109377365540074267e-01 4.360821621183059160e-01 7.416448523010651384e-01
6.458530800060580113e-01 2.342150122337754992e-01 5.378986648094887801e-01 4.267509669952984086e-01 7.356306244936431371e-01
6.872154528129678086e-01 2.340183300103109987e-01 5.506865104710403358e-01 3.820240082727304753e-01 7.086595215662637726e-01
7.237607098508079817e-01 2.125364916787608749e-01 5.378939365059119959e-01 3.350476578801724892e-01 6.859196515682768336e-01
7.687934149134857398e-01 1.882118636851502769e-01 5.248962329051658493e-01 2.902584845230991584e-01 6.655633999304461090e-01
8.006687760353088379e-01 1.709942370653152466e-01 5.156961083412170410e-01 2.585555016994476318e-01 6.511546969413757324e-01
