2.099598497152328491e-01 7.175976037979125977e-01 1.506956070661544800e-01 7.852171063423156738e-01 4.764776825904846191e-01
2.282783839065470610e-01 7.202526878975357150e-01 1.392211303834530456e-01 8.289646800339114385e-01 4.681312581717103627e-01
2.683572832849410172e-01 7.051768911584085364e-01 1.521821599534272096e-01 8.345652290704874687e-01 4.456745107397825922e-01
2.633307972794828866e-01 6.830710513219319102e-01 1.625599931243322249e-01 7.863146848359168217e-01 4.131840539530722833e-01
2.769320159898041589e-01 6.790369602689380057e-01 1.812680507319933965e-01 7.431071768647382614e-01 3.799274747456511392e-01
3.047696294032217756e-01 6.753046550677087589e-01 2.082702644204599551e-01 7.132288575855436630e-01 3.517441335176925143e-01
3.379453185556103301e-01 6.712876795873354840e-01 2.424875729854131245e-01 6.957024815027218478e-01 3.322119407902528465e-01
3.732310092180066152e-01 6.631102001876914009e-01 2.835188525847254226e-01 6.822370086709586001e-01 3.258661882209986094e-01
4.065095261220054712e-01 6.490859346522819262e-01 3.296812254854634139e-01 6.674921810807721290e-01 3.346942613559165669e-01
4.390607392591046043e-01 6.317852695267280883e-01 3.782609217797405776e-01 6.464885102796145144e-01 3.466777893450426196e-01
4.656080949934927604e-01 6.165839640010857270e-01 4.131355998512281635e-01 6.207422558238907540e-01 3.501170528260307280e-01
4.880641091739575943e-01 6.011316743425902942e-01 4.376393225969978373e-01 5.793537229657654830e-01 3.489679483808112992e-01
4.953761383353732506e-01 5.826510410690880493e-01 4.483084243982943806e-01 5.380365307149090892e-01 3.578253948512976623e-01
5.021276030663494039e-01 5.529855282866120714e-01 4.583387614809962263e-01 4.984986782294777430e-01 3.845423087879213386e-01
5.264303196290416320e-01 5.263267402412714624e-01 4.763980546826360185e-01 4.651200993267019523e-01 4.061219015136252608e-01
5.557165951238971502e-01 5.052547506045853565e-01 4.934780854656434790e-01 4.425621581273148641e-01 4.178966410987974833e-01
5.976695065627433134e-01 4.755609952083070247e-01 5.124172154414959879e-01 4.250118000980854793e-01 4.330747564378353287e-01
6.360020105973317461e-01 4.483992055142915767e-01 5.354239603894855870e-01 4.134435157180508802e-01 4.492200097324722807e-01
6.682761035079834988e-01 4.244641808767196656e-01 5.566766180079084636e-01 4.085440891207865466e-01 4.666950569186138487e-01
7.033442442905084580e-01 3.959104736338423525e-01 5.711555010350789496e-01 4.178746354489185078e-01 4.944185618053200115e-01
7.177161243348194608e-01 3.642848490546438667e-01 5.648649722319771804e-01 4.373846535257642221e-01 5.300559705322127613e-01
7.037018400013944630e-01 3.462647816194646122e-01 5.599181704721408748e-01 4.673291666701632208e-01 5.858106800438623862e-01
7.014049078070571097e-01 3.316424163136013625e-01 5.580779462290106352e-01 4.836238309203457764e-01 6.248643687796705537e-01
7.099625133328544280e-01 2.978697488026943452e-01 5.537798746947054651e-01 4.856948317448586128e-01 6.684301731856959750e-01
7.052927032493316872e-01 2.638548836713207613e-01 5.471009292170141425e-01 4.743762142962302808e-01 7.026006229840729977e-01
6.654903687258914013e-01 2.315213302807857254e-01 5.264042039834909703e-01 4.538463024738849105e-01 7.299619176899059259e-01
6.576940455766414617e-01 2.056044126729122956e-01 5.083419523325544143e-01 4.180595150419700312e-01 7.220996081856554394e-01
7.047773314902447961e-01 2.001833862009625431e-01 5.166412249250692534e-01 3.840071605788550335e-01 7.042472765025714621e-01
7.448775319896233649e-01 1.878009855983482634e-01 5.153740107716022756e-01 3.339138781591557414e-01 6.853900474786674968e-01
7.772204736036205652e-01 1.780578852996723138e-01 5.155607351056130661e-01 2.902276042347718410e-01 6.655433499815539555e-01
8.006687760353088379e-01 1.709942370653152466e-01 5.156961083412170410e-01 2.585555016994476318e-01 6.511546969413757324e-01
