2.099598497152328491e-01 7.175976037979125977e-01 1.506956070661544800e-01 7.852171063423156738e-01 4.764776825904846191e-01
2.193324585850943143e-01 6.985091815256614378e-01 1.361485349510557497e-01 7.880899823378861857e-01 4.510816034744289382e-01
2.417685302754427890e-01 6.714145142762668605e-01 1.234881101134866627e-01 8.032041283993075487e-01 4.360229406314081180e-01
2.761231776650242553e-01 6.556198595976761023e-01 1.172603462026906018e-01 8.001183604157441343e-01 4.214280521124733614e-01
3.025568668161677799e-01 6.336814454460817370e-01 1.116930490152453770e-01 7.793331689537424944e-01 4.105849324739752060e-01
3.291389726282406003e-01 6.127114060603179313e-01 1.085766786059067374e-01 7.605444790880767636e-01 4.070837032932609900e-01
3.641582793745364310e-01 6.248719527602699664e-01 1.222475104128702972e-01 7.696684972162788352e-01 4.085028063055447523e-01
3.644283426493387656e-01 6.469017209162091220e-01 1.597441412580987985e-01 7.742831293970391382e-01 3.967095937020960195e-01
3.618538333349105018e-01 6.540539249966992319e-01 1.938522082679469127e-01 7.733686110227557808e-01 3.769540297969755094e-01
3.795308410859346004e-01 6.666874150097972240e-01 2.228431934616111609e-01 7.694408690297543929e-01 3.565654328876284307e-01
4.027590877175641348e-01 6.853657000028932078e-01 2.523455161941741687e-01 7.619485925583519004e-01 3.411062130944785276e-01
4.215754430545692322e-01 6.994993796279432852e-01 2.805279303732333696e-01 7.505501778918937106e-01 3.307835272096927293e-01
4.385550681116245908e-01 7.065902941020827388e-01 3.135997885005946118e-01 7.280523707501629360e-01 3.192372224779189693e-01
4.379447351272597322e-01 7.036537767534732923e-01 3.472521522649759662e-01 7.035288852583611030e-01 3.045312950818335751e-01
4.321075844879000427e-01 6.915717967737979865e-01 3.774673743831994943e-01 6.813757288609750828e-01 2.901751220906823581e-01
4.393016056589738594e-01 6.797662316119198467e-01 4.009424478131328184e-01 6.598958213416642460e-01 2.841854676506322952e-01
4.470659412527302479e-01 6.669236647647438510e-01 4.277992185791760771e-01 6.412669766773128055e-01 2.924373990770994802e-01
4.567425805528678717e-01 6.511240808531782998e-01 4.437772072245033672e-01 6.128453382699553531e-01 3.198591321812773725e-01
4.634315825925165999e-01 6.437917049176113959e-01 4.492734822438670395e-01 5.681427828539680203e-01 3.287643508924895652e-01
4.840845264618360289e-01 6.409053275237510672e-01 4.683857472739360595e-01 5.379824211399578671e-01 3.371239860704288160e-01
5.175732113630540088e-01 6.309060763663090210e-01 4.828186518676320649e-01 5.341247229437867672e-01 3.525724083708540180e-01
5.457629750512748013e-01 6.148495282286404739e-01 4.932610704707951488e-01 5.448871497085947535e-01 3.718837105803340926e-01
5.565104521990278386e-01 5.906416398855177663e-01 5.146812572095212923e-01 5.537244489303230210e-01 3.919576655072812277e-01
5.318929563832843765e-01 5.662403655703907024e-01 5.322302290903055955e-01 5.395950230147432691e-01 4.043472346306516974e-01
5.060641602164497321e-01 5.452273702676893041e-01 5.295758903525329409e-01 5.137953765715769228e-01 4.172645782879109144e-01
5.021359714555437836e-01 5.210580443259776873e-01 5.211436111929783621e-01 4.928733857839978638e-01 4.394829520320024940e-01
5.143645245811971911e-01 4.922256699362074772e-01 5.158881107295221202e-01 4.785082391766106724e-01 4.662286042303387390e-01
5.335787599495864786e-01 4.634920396166359313e-01 5.155059533996555476e-01 4.725711665682863494e-01 4.863494908268109485e-01
5.617818180084972468e-01 4.292254283656349867e-01 5.176784444716335809e-01 4.689987379411525437e-01 5.046477462559235683e-01
5.927791261225198172e-01 4.065552213968654516e-01 5.220620859068282327e-01 4.524350449955862885e-01 5.220446477486772041e-01
6.173183506811608101e-01 3.994221334551031899e-01 5.268409808181272469e-01 4.295706298004168811e-01 5.353303406405471865e-01
6.439750253089777665e-01 3.913322236304566659e-01 5.328270664918490773e-01 4.122988935923099785e-01 5.546015316435983777e-01
6.616771419571829682e-01 3.678430516246205539e-01 5.455033297054704411e-01 4.308711327382643286e-01 5.747954470999863119e-01
6.659139605373217696e-01 3.378203103358013992e-01 5.575872403265148547e-01 4.278478353473302298e-01 5.992062160583783159e-01
6.741224235450486990e-01 3.185156893693056879e-01 5.493161707898002177e-01 4.210019409967113990e-01 6.314258641215426682e-01
6.834349942457773608e-01 2.949528078354711758e-01 5.490634696426830441e-01 4.199484702502783717e-01 6.671504634382802168e-01
6.696956839334720080e-01 2.640160918782084032e-01 5.505096214329371351e-01 4.100451723449056174e-01 6.849464359738322017e-01
6.844932573904023432e-01 2.381064637278865193e-01 5.517002516642929288e-01 3.972238828333545801e-01 6.957179435630944653e-01
7.130546110015283379e-01 2.233069928274626637e-01 5.452845831763504236e-01 3.738695359706233901e-01 6.894438073231556885e-01
7.351003985776618510e-01 2.157936086702591238e-01 5.329785576550318815e-01 3.444451484022609256e-01 6.758185729365094874e-01
7.591571863116697294e-01 2.032199693020294018e-01 5.263468268544486683e-01 3.171729259786660315e-01 6.664135445130688895e-01
7.840360375912028834e-01 1.853769027209384301e-01 5.200192719684556542e-01 2.838988565449467871e-01 6.572774176806357449e-01
8.006687760353088379e-01 1.709942370653152466e-01 5.156961083412170410e-01 2.585555016994476318e-01 6.511546969413757324e-01
