2.099598497152328491e-01 7.175976037979125977e-01 1.506956070661544800e-01 7.852171063423156738e-01 4.764776825904846191e-01
2.542706586992420359e-01 7.213388643098052055e-01 1.685219841049143963e-01 8.361871316365440121e-01 4.633556422498310567e-01
3.083921058516204128e-01 6.893016737170214459e-01 1.691190606572039734e-01 8.375545912305965013e-01 3.960489920274248288e-01
3.099723333635470146e-01 6.870462931855754185e-01 1.668048962662591062e-01 7.826109567012601298e-01 3.276213033737357394e-01
3.239670685627908941e-01 6.983270145854808542e-01 1.860410357375891777e-01 7.477706692373295994e-01 2.509188884179400780e-01
3.518997509385702327e-01 7.047028744831353997e-01 2.394688335771597010e-01 7.208879340847085260e-01 2.160319294960111880e-01
3.810918100876724002e-01 7.030885580705629190e-01 3.039023680296609187e-01 7.032243840105406596e-01 2.286504356382441372e-01
4.168245240087944392e-01 6.913922486096346631e-01 3.802524072650870779e-01 6.723628614507324297e-01 2.790886942065380349e-01
4.563423203630074254e-01 6.642383775076058372e-01 4.038571844502204522e-01 6.074150747299427167e-01 3.340814965445234597e-01
5.203891761594122700e-01 6.427627952223994301e-01 4.509965082009400050e-01 5.627975064429864283e-01 3.266619221373351367e-01
5.977802078897167526e-01 6.101678404938821743e-01 5.048399950458997143e-01 5.250012049175509787e-01 3.128421990610253389e-01
6.560816314314751319e-01 5.728682927992324592e-01 5.514137036416446591e-01 4.958474657319572598e-01 3.209357886704640173e-01
7.058638079023323852e-01 5.197485574264550934e-01 5.878669475616027373e-01 4.477759886351009300e-01 3.703114322679766923e-01
7.160450792246140228e-01 4.638497352557373610e-01 5.962774218858138964e-01 4.135210276158291509e-01 4.223167463406828914e-01
6.789801351716457933e-01 3.990883687115754364e-01 5.831839886951458718e-01 4.023788648545716384e-01 4.822918236936979408e-01
6.293938618760434034e-01 3.574338078187613288e-01 5.639112744507974728e-01 4.132495007685279553e-01 5.372255071358773559e-01
5.956636311022994734e-01 3.322942519179621912e-01 5.500254991600659338e-01 4.276616086451443532e-01 5.817502635085517460e-01
6.060231640484414761e-01 2.948819860501768475e-01 5.457233001933121663e-01 4.286906706151632496e-01 6.624684088590699904e-01
6.347367870116105149e-01 2.488677898904002039e-01 5.099101819118093681e-01 4.272603535325170121e-01 7.314506262299427242e-01
6.973415338189001833e-01 1.949259206930063770e-01 4.734024851070338658e-01 3.902031949782410192e-01 7.128916946391566922e-01
7.599942267293170461e-01 1.804148934654077330e-01 4.990473134380793430e-01 3.103783363791290939e-01 6.754573348807777489e-01
8.006687760353088379e-01 1.709942370653152466e-01 5.156961083412170410e-01 2.585555016994476318e-01 6.511546969413757324e-01
