2.099598497152328491e-01 7.175976037979125977e-01 1.506956070661544800e-01 7.852171063423156738e-01 4.764776825904846191e-01
2.023089084541016269e-01 6.820786612423059836e-01 1.439512761654333506e-01 7.884254470260163572e-01 4.684638403986985389e-01
2.350220732988265726e-01 6.806816836073009691e-01 1.285098062997253043e-01 8.043590010531989076e-01 4.729053979451686152e-01
2.699588642066709787e-01 6.882576073693732477e-01 1.108402047175543331e-01 8.189421515049504219e-01 4.765846005941103969e-01
2.688549602204464706e-01 6.576441146382893121e-01 1.071744311900479640e-01 8.140010376442955442e-01 4.446471287940017558e-01
2.821943656287185798e-01 6.386085145909871086e-01 1.266686731445689218e-01 8.096158108166728873e-01 4.165828220446047281e-01
3.080096851762000321e-01 6.321746746122057781e-01 1.518981108550449266e-01 8.096745610923263836e-01 3.937786741355682185e-01
3.322202830540531004e-01 6.306898645600211850e-01 1.756531399368708168e-01 8.087744572111048580e-01 3.751536857654221846e-01
3.563600631984335521e-01 6.317381957922968416e-01 2.037001798126721330e-01 8.053714509505875974e-01 3.554596737805540418e-01
3.825495750818507790e-01 6.360048388279988529e-01 2.388973827968595143e-01 7.953691823806485761e-01 3.421725336109136539e-01
3.999523102196162472e-01 6.392968780832849474e-01 2.696183589629763122e-01 7.835452815282800687e-01 3.406791615378301774e-01
4.187319723808603511e-01 6.408786493763212189e-01 3.058855760583450434e-01 7.731796373607624506e-01 3.456998524887802127e-01
4.392688917380653257e-01 6.419069215951612728e-01 3.352477754079288275e-01 7.678515077875047723e-01 3.499476022473577141e-01
4.596435351457857088e-01 6.447828875389678416e-01 3.697820360918485649e-01 7.505449913797153094e-01 3.448170351247687448e-01
4.665543040273527065e-01 6.448404135130131332e-01 3.926273124958905569e-01 7.198029406459395263e-01 3.285251389025703461e-01
4.744122084429489017e-01 6.366135916695635499e-01 4.057572141333991023e-01 6.759269611287168633e-01 3.119171747651108828e-01
4.813053312582172838e-01 6.289180940136361864e-01 4.147969389172896371e-01 6.317244228150579177e-01 3.062609200491361316e-01
4.910599550158592508e-01 6.281550062672012213e-01 4.292437877715234440e-01 5.905816005626195464e-01 3.118995986209657789e-01
5.091402949251271348e-01 6.330460945815209461e-01 4.505847125914637097e-01 5.631446329186367006e-01 3.257271380575516573e-01
5.341647901611561444e-01 6.345861088518528481e-01 4.746632959648685035e-01 5.460798707314994394e-01 3.453871050842666768e-01
5.576799921302035834e-01 6.227269808658422168e-01 4.982354376878235236e-01 5.216729094216201457e-01 3.672778263957158784e-01
5.755272836515815671e-01 6.034293671284542970e-01 5.210736072081951775e-01 4.933900221937789210e-01 3.828579938405636818e-01
5.933855780432347737e-01 5.815025977752609210e-01 5.425124734294382023e-01 4.703047185536781694e-01 3.959785232603220129e-01
6.085502749543584278e-01 5.554545540186405228e-01 5.555799695168422980e-01 4.519139899121922821e-01 4.106630969117419094e-01
6.053039885751798632e-01 5.207903976950571945e-01 5.531055964595821273e-01 4.306468797566132545e-01 4.305932881023326053e-01
5.875440783620152763e-01 4.930789160085773393e-01 5.493472489375019752e-01 4.142539266588068370e-01 4.491346394485664084e-01
5.803815483402939845e-01 4.677952428449433375e-01 5.606390882521361529e-01 4.083956155758655115e-01 4.737300749873166184e-01
5.727772569560863891e-01 4.529610742090127706e-01 5.298716822782648661e-01 4.299392663956009830e-01 4.950670036992737555e-01
5.734612589700679441e-01 4.178478503338565186e-01 5.097387597321821895e-01 4.443744329937799886e-01 5.132409883194567479e-01
5.781528525239857386e-01 3.842122497309026219e-01 5.021015568195990042e-01 4.572253179653955057e-01 5.328072801156101823e-01
5.784806031705893581e-01 3.565296004456220413e-01 4.996021932064608762e-01 4.689382666543691069e-01 5.566698885818993636e-01
5.677278949359263471e-01 3.342571001401980491e-01 4.935381164325335912e-01 4.775334057382010222e-01 5.901438349083062418e-01
5.568905568484120439e-01 3.202927404018950930e-01 4.829629544782585437e-01 4.797050914932433630e-01 6.221213142774177918e-01
5.530366854238578656e-01 3.029364978369074590e-01 4.722774568935669826e-01 4.732695154326405085e-01 6.541148296491557934e-01
5.626536136720656778e-01 2.827072872017658001e-01 4.676833744490281330e-01 4.623132013662273332e-01 6.866082554958831130e-01
5.891706482845793236e-01 2.646387805695178397e-01 4.802434802052557572e-01 4.566152809629420717e-01 7.074950311833734240e-01
6.235850678474292863e-01 2.523123154715067318e-01 4.993586633779309447e-01 4.507709195085800036e-01 7.112107765048459873e-01
6.567822363761435245e-01 2.427946934868486228e-01 5.216687654164873233e-01 4.416286228069876696e-01 7.151574211014918303e-01
6.735846644554303042e-01 2.343455401563372675e-01 5.493597203948767937e-01 4.184359111912301366e-01 7.078018802806590459e-01
6.608130110019233561e-01 2.281569990692619843e-01 5.246114241471114825e-01 3.884270443868528266e-01 6.898836230213204468e-01
6.823074651409638536e-01 2.173794694649795189e-01 5.182789651352691651e-01 3.603021467548288004e-01 6.797132701089978468e-01
7.116403766555460253e-01 2.057771346354388686e-01 5.173725763773485697e-01 3.346486102584793065e-01 6.724093795187233713e-01
7.462638330089700345e-01 1.922499439383707764e-01 5.167205920860292734e-01 3.050557338129338270e-01 6.641433590168431822e-01
7.766160940907611554e-01 1.803914853388154382e-01 5.161490374373728374e-01 2.791134736622498669e-01 6.568970457135301366e-01
8.006687760353088379e-01 1.709942370653152466e-01 5.156961083412170410e-01 2.585555016994476318e-01 6.511546969413757324e-01
