2.099598497152328491e-01 7.175976037979125977e-01 1.506956070661544800e-01 7.852171063423156738e-01 4.764776825904846191e-01
2.670293180803071653e-01 7.039686235668682901e-01 1.417341240785542356e-01 8.486985300892004869e-01 4.624435944022336487e-01
2.791517717079732286e-01 7.058646634777944184e-01 1.364059518192518305e-01 8.615580283427020092e-01 3.764257315236101964e-01
2.748780330674046590e-01 7.109963294450885041e-01 1.380042210011180048e-01 8.175121203906456913e-01 2.939717380909588895e-01
2.670630239696452080e-01 7.178416862351624239e-01 1.554801109105716228e-01 7.599525125202061249e-01 2.630914159294900911e-01
2.992333702843459897e-01 7.179397877767276226e-01 1.962513615609078332e-01 6.912273766929928343e-01 2.537566168698487945e-01
3.513651557809304160e-01 7.094779363757849344e-01 2.281050476950042816e-01 6.685312813340136273e-01 2.700914254038234152e-01
4.102790968250427106e-01 6.948326278839077608e-01 3.044843957800787426e-01 6.481105754411066178e-01 2.833258333096456139e-01
4.544954625188301622e-01 6.767445904041093918e-01 3.752073301962892682e-01 6.325984806749926914e-01 2.603297041789624511e-01
5.104024770866494309e-01 6.588581674865277016e-01 4.204093900745421997e-01 5.972841020469895623e-01 2.532432078869474856e-01
5.752212732623712688e-01 6.320727815992278620e-01 4.706995171487353136e-01 5.398632594645285110e-01 2.710487500328905286e-01
6.149322088325750446e-01 5.947083927394958280e-01 5.152455106167139753e-01 4.985072945266800781e-01 3.053271953356349599e-01
6.551306030333564623e-01 5.417530416549926064e-01 5.526208849096744258e-01 4.613927754870575382e-01 3.568669315339045855e-01
6.800017744170434586e-01 4.911478273272683603e-01 5.655635797163158784e-01 4.279013070718321043e-01 3.981009237322681860e-01
6.805564587316653702e-01 4.262242921161248921e-01 5.642597832820211989e-01 4.004145814226481859e-01 4.521936829656005852e-01
6.364983324618984639e-01 3.683599171921844717e-01 5.427261023746735580e-01 4.048359985057785604e-01 5.297319318691099399e-01
5.980913820965397809e-01 3.376679757426945261e-01 5.212063474142970554e-01 4.144291748336514369e-01 5.872959814430226411e-01
5.915095987226797192e-01 3.065936279036153289e-01 5.183150597009614780e-01 4.291264174710976986e-01 6.480470464825596189e-01
6.276160416016002275e-01 2.641059913513583157e-01 5.267285888374738656e-01 4.415495719241415151e-01 7.028707252382109250e-01
6.812878949305792853e-01 1.897602482822774994e-01 5.031623279754723344e-01 3.971287866256321131e-01 7.104511244949419657e-01
7.545785396256149413e-01 1.783010516811827373e-01 5.099291654970984355e-01 3.124381022333290181e-01 6.736848264518631169e-01
8.006687760353088379e-01 1.709942370653152466e-01 5.156961083412170410e-01 2.585555016994476318e-01 6.511546969413757324e-01
