2.099598497152328491e-01 7.175976037979125977e-01 1.506956070661544800e-01 7.852171063423156738e-01 4.764776825904846191e-01
1.957973514431150530e-01 6.864588825419999374e-01 1.459156868734808599e-01 7.805977105388182125e-01 4.762798336492093942e-01
1.786741828280111744e-01 6.671157858762827297e-01 1.397364813667843486e-01 7.663237524649952892e-01 4.535482296270442748e-01
1.942700375573040428e-01 6.516936620655834345e-01 1.447195674724550407e-01 7.592398538959527210e-01 4.241583533935555650e-01
2.203642574328552317e-01 6.452698905979165067e-01 1.597096903582750083e-01 7.575969813086892435e-01 3.980288174067426743e-01
2.470703798370324777e-01 6.420633434287424945e-01 1.764505694934974667e-01 7.556694390914939774e-01 3.757602676534141373e-01
2.776482898625199924e-01 6.392683061875855666e-01 1.948589732126088103e-01 7.524068104663549361e-01 3.566947836476070943e-01
3.068306961011090239e-01 6.373652293376915745e-01 2.126890187782140562e-01 7.489849880221668421e-01 3.432116975087059485e-01
3.301324227979857695e-01 6.356595499338895117e-01 2.355124890873211418e-01 7.442155333077086210e-01 3.354607235689942013e-01
3.509817401811863302e-01 6.340320544801117952e-01 2.657349904959288023e-01 7.298581415659085581e-01 3.243934697856959981e-01
3.724562021559292280e-01 6.319915170936321047e-01 2.923841020262673562e-01 7.088794610371667027e-01 3.114481260942015828e-01
3.918870352589860495e-01 6.285505532115297500e-01 3.136235089849996882e-01 6.862664160329990937e-01 3.013457566546562383e-01
4.066804356602735648e-01 6.226277982111766418e-01 3.329948542050161775e-01 6.599441728873330915e-01 2.937693206656013523e-01
4.133665001588126553e-01 6.129231221999162926e-01 3.514869843849271480e-01 6.266758585236338330e-01 2.880554294668291604e-01
4.119562461792405372e-01 6.019824851550108491e-01 3.647818642104611042e-01 5.949851363226876799e-01 2.851937180383308235e-01
4.066562164748097064e-01 5.856950923143672272e-01 3.804730950929665068e-01 5.648957952023518914e-01 2.867875984855986493e-01
4.126450289793249238e-01 5.696022470948083338e-01 4.067204722262380834e-01 5.642118767610124763e-01 2.938745404900277025e-01
4.424040247577670226e-01 5.769408649440228576e-01 4.295785668009840519e-01 5.670935346873376970e-01 2.991438860645289077e-01
4.567989241544007095e-01 5.825469763365644926e-01 4.400903424674018072e-01 5.370847306525111664e-01 3.046243110709538349e-01
4.636454540390905210e-01 5.805585846760416002e-01 4.438581896313713582e-01 5.039631735711551652e-01 3.188309339450225433e-01
4.665730186747130137e-01 5.669492390776486035e-01 4.432503776339358215e-01 4.846525314228609105e-01 3.433110710751653971e-01
4.693285335577505601e-01 5.421446011822486089e-01 4.447168545235467008e-01 4.741790378287583096e-01 3.708589919165101723e-01
4.715127962603158362e-01 5.154580389517404715e-01 4.480464501277458544e-01 4.668110691628759579e-01 3.964590087887496228e-01
4.718454000810023419e-01 4.906485621833561184e-01 4.506298428550725155e-01 4.621421811115966061e-01 4.216697029426971777e-01
4.743565703768461983e-01 4.646137563270058002e-01 4.563399092975243820e-01 4.596872724798595211e-01 4.481650915389168710e-01
4.949200369733393612e-01 4.477622617886286016e-01 4.792130104469200513e-01 4.621783659161956548e-01 4.610168235076748111e-01
5.169557853831771022e-01 4.422474807540036079e-01 5.038381060935184230e-01 4.688842955253164080e-01 4.716826246882018236e-01
5.302739551254075367e-01 4.325933412157760283e-01 5.198445937948869000e-01 4.739622836500670400e-01 4.935934734531866597e-01
5.382742971931667730e-01 4.157225014922563133e-01 5.293091700471934669e-01 4.764533892310997554e-01 5.279002234062418752e-01
5.423595147335518174e-01 3.981292927231057655e-01 5.333714446925139629e-01 4.765998176541145770e-01 5.586166609268384819e-01
5.448831947952236243e-01 3.764629382582995731e-01 5.362552367854258595e-01 4.754501117124589893e-01 5.875193981643831442e-01
5.472067069789401383e-01 3.506200076557131062e-01 5.389118406958722796e-01 4.726217556183709423e-01 6.173910749225066663e-01
5.545053309087095705e-01 3.265222097641239940e-01 5.352630138291649686e-01 4.664925596595193569e-01 6.484644936308245899e-01
5.786564815773261872e-01 3.144784200014735243e-01 5.176231734803279361e-01 4.475717996731077286e-01 6.576770110155376603e-01
5.821641545104400128e-01 2.950004828160091574e-01 5.171584164089633173e-01 4.139628550334319979e-01 6.642401356783917965e-01
5.707058250484504658e-01 2.720516545788349561e-01 5.240417149162089894e-01 4.091081032504236270e-01 6.922681106517135641e-01
5.879120577314794760e-01 2.493059390392305397e-01 5.373971866149183096e-01 4.083297393475722736e-01 7.135722800496355767e-01
6.204339390076728522e-01 2.379992932535994754e-01 5.509509001910323223e-01 4.048110807035926739e-01 7.174170276893827580e-01
6.587737618697112607e-01 2.297498337854244899e-01 5.626613911170704752e-01 3.970124373995863043e-01 7.131180487266632895e-01
6.943690605638042079e-01 2.209465128245829968e-01 5.667389057162915966e-01 3.842960562909787936e-01 7.042530415610691596e-01
7.235869724822877602e-01 2.109032174771184043e-01 5.612188514766009995e-01 3.660166273846334195e-01 6.938928181052997912e-01
7.467933636791961316e-01 2.000064251540564497e-01 5.496052363890983061e-01 3.422159658508805435e-01 6.848257350061105475e-01
7.666268367207362822e-01 1.886506990583741994e-01 5.368882127488275868e-01 3.138011364842314133e-01 6.761993865170190521e-01
7.855004799693324768e-01 1.788615681451982131e-01 5.251388247384460861e-01 2.831715918592164205e-01 6.623139025752574627e-01
8.006687760353088379e-01 1.709942370653152466e-01 5.156961083412170410e-01 2.585555016994476318e-01 6.511546969413757324e-01
