2.099598497152328491e-01 7.175976037979125977e-01 1.506956070661544800e-01 7.852171063423156738e-01 4.764776825904846191e-01
2.156295976852167506e-01 6.978971506966297200e-01 1.240030727662985166e-01 7.993690270573743373e-01 4.717282468731067713e-01
2.462434966757087729e-01 6.780841415117109250e-01 1.192428410666455246e-01 8.093178999220734804e-01 4.589578246453966393e-01
2.815925059492850879e-01 6.662389923962159788e-01 1.252718525804670247e-01 8.062410881660847517e-01 4.415172390560386795e-01
3.126207572372124988e-01 6.586152481094852407e-01 1.400734158281858877e-01 7.924683086436928869e-01 4.237842102230529040e-01
3.348441902445910001e-01 6.519506047903090851e-01 1.647618416135034625e-01 7.723006582361180428e-01 4.080610664729500958e-01
3.433301886812296089e-01 6.498488377636050251e-01 1.971893081418421290e-01 7.533535298038389616e-01 3.969829270009600508e-01
3.417317093377535420e-01 6.613466781234408343e-01 2.343626849268420909e-01 7.413901909867335327e-01 3.870219050745377087e-01
3.464276030513384064e-01 6.768191224673772988e-01 2.676507942851893973e-01 7.320686238768351339e-01 3.719358359933609970e-01
3.623502281849586004e-01 6.886748158806710318e-01 2.980478565685794612e-01 7.198009420846360751e-01 3.512503045293782766e-01
3.781700252993765443e-01 6.949485275643287885e-01 3.193830823437769362e-01 7.089178559380755473e-01 3.351001068881244715e-01
4.017857430932911256e-01 7.007704447364307976e-01 3.486113963339010358e-01 6.916847914016442944e-01 3.168121100088718278e-01
4.255085585754522226e-01 7.022692263486325359e-01 3.763535762356366998e-01 6.762807427838887220e-01 3.022513149689775025e-01
4.515512836564220533e-01 6.967805301739654622e-01 4.020419552432906163e-01 6.673093923057450416e-01 2.875410998035378696e-01
4.767035732202470899e-01 6.860776853870149683e-01 4.226159842928055577e-01 6.672255859616835760e-01 2.739743943591745889e-01
5.039481944292535376e-01 6.672135754484044279e-01 4.443623630203167862e-01 6.723481022032192778e-01 2.619448730877391163e-01
5.211084744554161929e-01 6.374089088690992888e-01 4.668168221865907075e-01 6.571245677174172295e-01 2.616088583509643128e-01
5.281800129026370527e-01 6.215767439758946855e-01 4.814266562789998316e-01 6.209939796889876185e-01 2.682503479313838035e-01
5.424211443487308992e-01 6.091401495275149403e-01 4.978273100614517555e-01 5.888636465613976689e-01 2.678664578747053104e-01
5.583418712925460881e-01 5.939329819629187712e-01 5.160408557972868682e-01 5.581810436436357437e-01 2.679917590801188521e-01
5.629048247457548726e-01 5.772181817548931448e-01 5.316455503985862974e-01 5.300265035295275151e-01 2.907874172155240911e-01
5.492166138173432133e-01 5.702201049603873306e-01 5.334098496834870362e-01 5.235655049310153908e-01 3.292716083947913042e-01
5.294628277481929768e-01 5.632307034953930591e-01 5.271419248030135840e-01 5.310042139285728879e-01 3.739836537598854593e-01
5.183382261880751241e-01 5.508730266853671953e-01 5.218384466813744682e-01 5.375699534478243224e-01 4.087467056188728298e-01
5.146038863876694069e-01 5.318107650114330953e-01 5.184017704745135235e-01 5.403422905798623832e-01 4.406795996803092863e-01
5.189514872683775870e-01 5.068021884632495366e-01 5.183751130746264701e-01 5.339275164151121578e-01 4.722782887709985888e-01
5.322954351784773275e-01 4.801705577618174403e-01 5.230764059591898052e-01 5.125140762230978586e-01 4.956324551737860684e-01
5.482601325485210175e-01 4.563434164464321152e-01 5.284150264224628524e-01 4.865765322489701283e-01 5.094078949744578200e-01
5.629301754117215228e-01 4.331979105753303583e-01 5.316713855192364280e-01 4.641700976838461501e-01 5.227249742320264625e-01
5.795675122743390029e-01 4.086830212985084754e-01 5.327710375115352059e-01 4.468656185891638488e-01 5.414095312590775366e-01
6.092821748507165625e-01 3.866076348552039410e-01 5.343240041748541502e-01 4.364897423997572967e-01 5.604464056599325339e-01
6.498706130903781908e-01 3.682256131264006194e-01 5.409191142013014542e-01 4.318657595388799564e-01 5.699285670644408386e-01
6.785124761913502445e-01 3.397793025113333143e-01 5.528439484333171894e-01 4.269508557460156561e-01 5.773653416224551194e-01
6.760433596780701659e-01 3.032508549047001623e-01 5.516322009594737397e-01 4.317397914016875560e-01 5.961058805476383560e-01
6.976249144278378056e-01 2.759162239415446916e-01 5.424317471996236151e-01 4.385117060719544990e-01 6.235062852292337920e-01
6.805637114583347191e-01 2.638795263962152582e-01 5.317394495492636652e-01 4.327136250448485599e-01 6.578255808394455340e-01
7.082596084468778530e-01 2.503633327236465811e-01 5.428426697108164056e-01 4.123060529532510676e-01 6.819224131721686177e-01
7.326421412436635583e-01 2.312408184057850036e-01 5.474581922653998234e-01 3.845121894116241834e-01 6.814642741497861644e-01
7.523036862939158631e-01 2.085302496586344256e-01 5.444810087505962404e-01 3.541303283992470186e-01 6.771142574182954510e-01
7.741006379906010260e-01 1.905131559119465356e-01 5.357337483634250219e-01 3.208643253175783583e-01 6.665966902492608259e-01
7.889032458548589366e-01 1.796380655636971579e-01 5.245696491979215947e-01 2.861485661269891345e-01 6.579930850137540865e-01
8.006687760353088379e-01 1.709942370653152466e-01 5.156961083412170410e-01 2.585555016994476318e-01 6.511546969413757324e-01
