2.099598497152328491e-01 7.175976037979125977e-01 1.506956070661544800e-01 7.852171063423156738e-01 4.764776825904846191e-01
2.452457047361324138e-01 7.118037326966361045e-01 1.790545058973813108e-01 7.844817647619547474e-01 4.613179870121729698e-01
2.921702258395777463e-01 7.040988144907017743e-01 2.167672875740105642e-01 7.835038785385526339e-01 4.411580261818358606e-01
3.275072265619360379e-01 6.813520202557454830e-01 2.243415494958449496e-01 7.593951239174104861e-01 4.074064121749685352e-01
3.458879801688460875e-01 6.810131812856557998e-01 2.401453352050181289e-01 7.236232238581031817e-01 3.865592670608719583e-01
3.765134217733505650e-01 6.767515592686382808e-01 2.721906791311673457e-01 6.906981095475913657e-01 3.625632268456058238e-01
4.109279863884317541e-01 6.658059062545526041e-01 3.147251258318825018e-01 6.782721486600306049e-01 3.517788038624745650e-01
4.375518998808708981e-01 6.522596089163282818e-01 3.560442643094379744e-01 6.711645921064214315e-01 3.555881226719866395e-01
4.572752883327234619e-01 6.334996485153279178e-01 3.972130142609958114e-01 6.450890527453586598e-01 3.610150932759898512e-01
4.636802384455691595e-01 6.126000811013532221e-01 4.231652362399229705e-01 6.038195651425110055e-01 3.633320527034665237e-01
4.659026189839713950e-01 5.899098482626902173e-01 4.408611733220696438e-01 5.627188901690824974e-01 3.697148535826985105e-01
4.740414158897509056e-01 5.595217463093754562e-01 4.623712039981763833e-01 5.136275118822799524e-01 3.837827825943935789e-01
4.948092728453594158e-01 5.338362606702781177e-01 4.824672821873216555e-01 4.716355643742390358e-01 3.951239184677980965e-01
5.303803916256484285e-01 5.173535891614577942e-01 5.036354468936963258e-01 4.423228711474085917e-01 3.990984215472188623e-01
5.747647008415289749e-01 5.068958878552008995e-01 5.308594982213685753e-01 4.158451577155699019e-01 3.969436073807970367e-01
6.129687290689277424e-01 4.752039137668201407e-01 5.480090083196038631e-01 3.994535483324443415e-01 4.200725324154301887e-01
6.354901522021353388e-01 4.459994714877713040e-01 5.520420700367427713e-01 3.954289339925337599e-01 4.428736859930549885e-01
6.681353228624141716e-01 4.051086605384430772e-01 5.644545155437051820e-01 4.005221464932209874e-01 4.630195612965268270e-01
6.847220679401637700e-01 3.796117307708580801e-01 5.674879189820114522e-01 4.132855368910085536e-01 4.925300679930319503e-01
6.946411178017947163e-01 3.600027441124056815e-01 5.588406898619227015e-01 4.307232430580659188e-01 5.446134514174751917e-01
7.036677826384198919e-01 3.393464328421825216e-01 5.520612876535828661e-01 4.392637444345215414e-01 5.969822393744361744e-01
7.161858336496349509e-01 3.113340064927146988e-01 5.576629077303891791e-01 4.409407129171924455e-01 6.464146383631991233e-01
7.220548902354313459e-01 2.810758830339150638e-01 5.672610635023858094e-01 4.458586252328043953e-01 6.923664012269921120e-01
7.022261808287403317e-01 2.505411496764997081e-01 5.589255183162740170e-01 4.471822130508917303e-01 7.357124818429748858e-01
6.733417215059619432e-01 2.260850421074647176e-01 5.323793486320739232e-01 4.129395020233012081e-01 7.442136369041207899e-01
7.147917750933954206e-01 2.094560732175726747e-01 5.375251173858807130e-01 3.797220158120879208e-01 7.229949329675863234e-01
7.489156993212275903e-01 1.951823026665513439e-01 5.305747291720664949e-01 3.324868039602685288e-01 6.976662214407223228e-01
7.785340545608938623e-01 1.813394402702594999e-01 5.220596745081861334e-01 2.901758204840662048e-01 6.710476135660476960e-01
8.006687760353088379e-01 1.709942370653152466e-01 5.156961083412170410e-01 2.585555016994476318e-01 6.511546969413757324e-01
