2.099598497152328491e-01 7.175976037979125977e-01 1.506956070661544800e-01 7.852171063423156738e-01 4.764776825904846191e-01
2.525566890465265057e-01 7.108116974598094329e-01 1.441960522210428697e-01 7.824272474048989956e-01 4.719729990553864218e-01
2.940010997930039838e-01 7.222303094068511786e-01 1.580203387320431030e-01 7.871840999478565415e-01 4.504100754616268132e-01
3.250186620409541982e-01 7.335457149969966117e-01 1.939196467963913983e-01 7.774517495211822338e-01 4.150553253811390952e-01
3.345852331836939864e-01 7.319454224041905821e-01 2.204184728888967659e-01 7.562275618551831391e-01 3.778433535262262777e-01
3.435251199317889692e-01 7.256883017248073608e-01 2.396022982070599716e-01 7.348809840806164173e-01 3.503870392654129251e-01
3.538583365709791484e-01 7.083816953674126893e-01 2.571044327022363740e-01 7.092467891717705308e-01 3.077162679732007855e-01
3.671675394585610097e-01 6.953554843495880489e-01 2.657212403974144044e-01 6.884430804733361331e-01 2.650621524176788868e-01
3.836037268102297504e-01 6.884837798752669880e-01 2.800094812541201739e-01 6.625026971321349434e-01 2.312405164541693481e-01
4.115941350054001524e-01 6.824407981032679649e-01 3.106791434684252340e-01 6.349280916850409406e-01 2.191845907328975607e-01
4.388177570613365219e-01 6.768794559869402150e-01 3.538729802332732932e-01 6.284392753489709271e-01 2.220914844770652541e-01
4.574059621748400861e-01 6.740904153456376280e-01 3.895635641135859473e-01 6.327784394536598578e-01 2.289595330517715799e-01
4.785188141700995601e-01 6.530703945462056348e-01 4.332246777219161959e-01 6.292123650347001274e-01 2.523849423523503721e-01
4.807817312903786000e-01 6.251403701503378540e-01 4.769065628249850586e-01 6.142853786684979722e-01 2.539524667137141312e-01
4.797048431265871771e-01 5.998763833313713878e-01 5.089374586662138711e-01 5.971440254606267262e-01 2.554445537745447248e-01
4.757065592864952452e-01 5.724089162956441657e-01 5.291088231060316893e-01 5.637889792170311942e-01 2.760394673607435845e-01
4.663058417016017199e-01 5.537644596709763167e-01 5.306976087183123969e-01 5.328075133728038537e-01 3.110112188700003832e-01
4.595065962372865687e-01 5.323404451117254021e-01 5.262242903644969161e-01 5.117913233115659599e-01 3.513527359425359098e-01
4.696154128587409216e-01 5.087684067338562599e-01 5.154214196849529195e-01 4.970957591394877806e-01 3.859565970667784285e-01
5.042426022484360892e-01 4.878982150809139107e-01 4.970897807748191344e-01 4.840768958004936784e-01 4.107016875721550830e-01
5.558565850970678124e-01 4.726710727221851149e-01 4.860910367194691273e-01 4.721326244148192353e-01 4.276223215387983112e-01
6.038022837797618614e-01 4.633455276597485684e-01 4.983325434780382923e-01 4.623672562263522190e-01 4.378352644950374017e-01
6.386040102999411827e-01 4.536249636173264044e-01 5.324404487529744712e-01 4.484039057317187327e-01 4.433995158377760926e-01
6.197544732119270039e-01 4.187758848389182553e-01 5.509566284925110358e-01 4.294296023113699512e-01 4.601472067479419059e-01
6.196274958414561551e-01 3.763700834809823315e-01 5.460358982698310104e-01 4.377715307742201523e-01 4.881088736824805152e-01
6.501629941547163449e-01 3.653572601091460426e-01 5.593373203153249040e-01 4.482422336451529210e-01 5.148061066360958282e-01
6.742807666012585743e-01 3.570165898478759869e-01 5.695792212740573568e-01 4.558754080118890273e-01 5.511647561160606390e-01
6.804248722353625212e-01 3.475982660421225168e-01 5.678396386177597677e-01 4.628861166158206308e-01 5.973681413583150634e-01
6.780527571009506982e-01 3.339322700402353461e-01 5.641939083285236745e-01 4.663213263897138527e-01 6.458928822117090407e-01
6.829948242421409743e-01 3.140326056345463801e-01 5.697392967246934781e-01 4.577956540762849746e-01 6.870937235789166264e-01
6.955927845020031253e-01 2.861826395427992109e-01 5.777001717258295477e-01 4.454571590157183070e-01 7.286471809182736292e-01
7.191999735688919815e-01 2.458070158346440937e-01 5.777096676657559327e-01 4.307765417168091249e-01 7.518610034643714579e-01
7.363043207996960993e-01 2.115482265491443192e-01 5.563995848914327080e-01 4.159211217711688557e-01 7.288812307301174576e-01
7.476796319194818352e-01 1.941524603708295049e-01 5.273045048973623583e-01 3.900611072254471789e-01 7.036699038948960316e-01
7.650373564399003401e-01 1.858923192869141594e-01 5.195504502279257864e-01 3.432788930959830287e-01 6.866324219865135303e-01
7.857244727924763694e-01 1.772426958969952615e-01 5.173126718857115058e-01 2.940896473261953581e-01 6.660345385940695806e-01
8.006687760353088379e-01 1.709942370653152466e-01 5.156961083412170410e-01 2.585555016994476318e-01 6.511546969413757324e-01
