2.099598497152328491e-01 7.175976037979125977e-01 1.506956070661544800e-01 7.852171063423156738e-01 4.764776825904846191e-01
2.617029768389169120e-01 7.047525468250387393e-01 1.689406527696533378e-01 8.260325183632086787e-01 4.572541930757914042e-01
2.704187077110281612e-01 6.706432552553037718e-01 1.816321868440986531e-01 8.513607977642849711e-01 3.884456332786676569e-01
3.278280650462090939e-01 6.672964150149062190e-01 1.509183112282475869e-01 8.059326543768589035e-01 3.531357146134077030e-01
3.489664284694131702e-01 6.750340791142818153e-01 1.749017692596381568e-01 7.684521833481250397e-01 2.900411805261745579e-01
3.715142053082502449e-01 6.856249310459598956e-01 2.251719517786539559e-01 7.120742371340975652e-01 2.589920189106221793e-01
4.065330677669001802e-01 6.850375388148955969e-01 2.816572000336238779e-01 6.596070719037269159e-01 2.787207788636936745e-01
4.339117213040094567e-01 6.694729092266399340e-01 3.339339694106955858e-01 6.231465283318939896e-01 3.036564212914218408e-01
4.522106879324856998e-01 6.358103941987829355e-01 3.885101780572673413e-01 6.034518110748707809e-01 3.397481744311255936e-01
4.953432055286196012e-01 6.111615267283517783e-01 4.590475543083236687e-01 5.753093600650073247e-01 3.289559478534778703e-01
5.635852433566682640e-01 6.064381690445318496e-01 5.073802966458209607e-01 5.262573668029650875e-01 2.975231335982355119e-01
6.158167851244792379e-01 5.824396973153023183e-01 5.317632352807249996e-01 4.918087517612356740e-01 3.056716024578397528e-01
6.791863270873443881e-01 5.173714233754748149e-01 5.573058444817583501e-01 4.590500871793993798e-01 3.623932023253991774e-01
7.088020590236253637e-01 4.764751396280111351e-01 5.713098310291476745e-01 4.396495183826881759e-01 3.999393916464183407e-01
6.906227959736158661e-01 4.138210109700061201e-01 5.735045255926844998e-01 4.079827414541047914e-01 4.680249252825504080e-01
6.464094835842413289e-01 3.654630139854696536e-01 5.575250183100129986e-01 4.041194139183870160e-01 5.292797510291902263e-01
6.082940045650544469e-01 3.301469830896011093e-01 5.411841665431924575e-01 4.129899267271139873e-01 5.784528691001515899e-01
5.636944546359721198e-01 2.932851645260098339e-01 5.280570459747909728e-01 4.353503851921412537e-01 6.441203429525359514e-01
5.939382198071530006e-01 2.673654985160638931e-01 5.538019256995223571e-01 4.419702719796652635e-01 6.995427176894780663e-01
6.535961070985512045e-01 2.464262819708235019e-01 5.580701525188344059e-01 4.399024916280934172e-01 7.142865974927405937e-01
7.249168333871106595e-01 1.977889738896135841e-01 5.234065144625895671e-01 4.029349031183716012e-01 7.124360034767475147e-01
7.728575521139138260e-01 1.822316147506038708e-01 5.189027298965106505e-01 3.126905186940323045e-01 6.739518703538326383e-01
8.006687760353088379e-01 1.709942370653152466e-01 5.156961083412170410e-01 2.585555016994476318e-01 6.511546969413757324e-01
