2.099598497152328491e-01 7.175976037979125977e-01 1.506956070661544800e-01 7.852171063423156738e-01 4.764776825904846191e-01
2.438890643519626145e-01 6.763962273290564653e-01 1.681770159504034912e-01 8.346916153522668802e-01 4.335413868532161374e-01
2.504533669609484425e-01 6.775591506601513769e-01 1.837204616600586482e-01 8.201173624413857777e-01 3.477116511424797052e-01
3.179114318012401519e-01 6.692602373447467112e-01 1.567195310591561752e-01 7.745503742636160593e-01 2.930057657503568613e-01
3.241111952749696212e-01 6.774669685257173057e-01 1.592098449209484456e-01 7.366925018874418418e-01 2.235284100038761324e-01
3.583564904221196445e-01 6.979252619069340469e-01 2.104293935805307547e-01 6.990273273859053393e-01 2.294238836600790421e-01
4.197280415271856246e-01 6.864212040141333127e-01 2.716372225007602226e-01 6.687007654925167799e-01 2.619316377053155231e-01
4.582358777857171162e-01 6.724181702970808416e-01 3.167893866445647966e-01 6.508857107348310356e-01 2.962349114685872697e-01
4.895227530890363110e-01 6.326015704002347917e-01 3.841748252279287845e-01 6.176262122489628581e-01 3.432647216245489075e-01
5.251266923045235790e-01 6.096918074315254010e-01 4.542906500862815555e-01 5.943863719124822254e-01 3.363879344756131040e-01
5.679642737018091303e-01 6.045274553181102517e-01 4.961043198018087463e-01 5.661609650180075004e-01 3.042191643179027460e-01
5.915847941528342702e-01 5.862887940289145394e-01 5.248271446285706077e-01 4.744493814492194428e-01 3.124072963885740628e-01
6.251672786156367012e-01 5.476209451556083296e-01 5.532109407991278038e-01 4.507735358149272398e-01 3.477458933071364000e-01
6.720895372180266669e-01 4.891302647337166243e-01 5.907690279944755041e-01 4.278160675787830991e-01 3.997168711477103176e-01
6.717619649166188811e-01 4.076118063368715516e-01 5.827236154506616472e-01 4.247372874735548809e-01 4.668960578547110551e-01
6.359176835858051380e-01 3.738152815642197258e-01 5.640645844954823573e-01 4.353228547251369318e-01 5.094470518056439801e-01
5.657487535449132743e-01 3.392979917782513732e-01 5.420653710565321859e-01 4.505502390438070326e-01 5.797821197872591314e-01
5.223849909320517071e-01 3.144753180356192890e-01 5.059037320200296950e-01 4.733170197740358964e-01 6.400870558896054607e-01
5.585371873021431899e-01 2.586656084353126106e-01 5.240331522762027294e-01 4.633070624113730940e-01 6.962092306885344639e-01
6.328038239729572023e-01 2.269294231676846074e-01 5.410788173526709377e-01 4.477881555202344321e-01 7.206360489117518142e-01
6.892568366362580301e-01 1.869889128155058089e-01 5.141723009677741096e-01 3.941212562160191224e-01 6.998912403182565578e-01
7.581030858249270254e-01 1.771051118662606838e-01 5.151139273564129262e-01 3.103493214732933603e-01 6.697748252552252479e-01
8.006687760353088379e-01 1.709942370653152466e-01 5.156961083412170410e-01 2.585555016994476318e-01 6.511546969413757324e-01
