2.099598497152328491e-01 7.175976037979125977e-01 1.506956070661544800e-01 7.852171063423156738e-01 4.764776825904846191e-01
2.242068706739970274e-01 7.185523394007111708e-01 1.163246602681641956e-01 8.235159598619593568e-01 4.641296028730517720e-01
2.804830464908137921e-01 7.038162317051296357e-01 1.047356256704619071e-01 8.273581733998562893e-01 4.487070558200624282e-01
3.149890944366964263e-01 6.734645582954263965e-01 1.046060751985641579e-01 7.961404281466761823e-01 4.203910684809388787e-01
2.818191246622573920e-01 6.407070075270708820e-01 1.017341165611830855e-01 7.575680871696066632e-01 4.008500476048822980e-01
3.011557144280250231e-01 6.293647661534943483e-01 1.465455439452379993e-01 7.288687817594912133e-01 3.661037712421706947e-01
3.391502670850362056e-01 6.541388916642000284e-01 1.849333406910784738e-01 7.167927762540216019e-01 3.303878542003405583e-01
3.538248362574260009e-01 6.701726654850393983e-01 2.155482225385544903e-01 7.070379080441927533e-01 2.948624188933948731e-01
3.705099027456685290e-01 6.802390221980416651e-01 2.727913467956011306e-01 6.926753202420921074e-01 2.611854616942401175e-01
3.879873542332282210e-01 6.764988124197478525e-01 3.376217732810201655e-01 6.853674069265004443e-01 2.455018979421628444e-01
4.127065145808929691e-01 6.570745478244717219e-01 3.993878388455033290e-01 6.599368576645987527e-01 2.369932610919328053e-01
4.375067549162326430e-01 6.387613762408985707e-01 4.377795194358388153e-01 6.366483888785835488e-01 2.348541986531529902e-01
4.611594211731796511e-01 6.096785305494188956e-01 4.745355797211471272e-01 6.055042068746708805e-01 2.425120422803801190e-01
4.721795543127811912e-01 5.739964620251686300e-01 4.964740524591600979e-01 5.615279914892100654e-01 2.611798498205856744e-01
4.800037438764679920e-01 5.457789769879375363e-01 5.025821930550731231e-01 5.137586921068182377e-01 2.886203070201645571e-01
4.903158375277483216e-01 5.236038531831002096e-01 5.016934008167212022e-01 4.645296182976563215e-01 3.237171043190552600e-01
5.051226810728954852e-01 5.219186851516065540e-01 4.955117469199942781e-01 4.484128225282408287e-01 3.714742630325387207e-01
5.744743950273721866e-01 5.202959993024641738e-01 5.003940142957776782e-01 4.622360387408865345e-01 3.612052736277464038e-01
6.172666112482254608e-01 5.091413505615910440e-01 5.166242173321382580e-01 4.564575334335637113e-01 3.584090576211602097e-01
6.481220036325129330e-01 4.926995021529194108e-01 5.587537371010735665e-01 4.551288368137939022e-01 4.007148913837046966e-01
6.689296210405640819e-01 4.945559747733624945e-01 5.767547381463311584e-01 4.651575677823998056e-01 4.577150491857266967e-01
6.572607325186337057e-01 4.665396691382773242e-01 5.776567793183203792e-01 4.822281304324885776e-01 5.004290298337062959e-01
6.237786436230786657e-01 4.235731952573149606e-01 5.667247426882977557e-01 4.849479441882106334e-01 5.281619095348579762e-01
6.066392944418877997e-01 3.855869526419600235e-01 5.578537871435697015e-01 4.756953545047274967e-01 5.574851441612581615e-01
6.132338054052844933e-01 3.439110015071516480e-01 5.470530842300980190e-01 4.596012313335938737e-01 6.040704161104933911e-01
6.205285106298759068e-01 3.083497675204409649e-01 5.384918685542520178e-01 4.557547187288197854e-01 6.596023796068531952e-01
6.333601322261271926e-01 2.965075558178367765e-01 5.659517465460688346e-01 4.675786722711521293e-01 7.085846365580487083e-01
6.729953972008144714e-01 3.000668058391469661e-01 6.070958714716092608e-01 4.693328374599287645e-01 7.251911270021254019e-01
7.215476642078356706e-01 2.857807672964979284e-01 6.129094802009568133e-01 4.605191208590003749e-01 7.310915677381636391e-01
7.499061300590205148e-01 2.461376871358484930e-01 5.864603866541477917e-01 4.523677264669022646e-01 7.355519997261783516e-01
7.493524520650474141e-01 2.206645818096584222e-01 5.546045424067397311e-01 4.221000087018609848e-01 7.069683492415231862e-01
7.443953891595417316e-01 2.049840230557788967e-01 5.254864912826318069e-01 3.603902225057670217e-01 6.871100313457427777e-01
7.790432107172342580e-01 1.854764815341864992e-01 5.192114993014275148e-01 2.970046686268809633e-01 6.655620033400077018e-01
8.006687760353088379e-01 1.709942370653152466e-01 5.156961083412170410e-01 2.585555016994476318e-01 6.511546969413757324e-01
