2.099598497152328491e-01 7.175976037979125977e-01 1.506956070661544800e-01 7.852171063423156738e-01 4.764776825904846191e-01
1.873629105649791682e-01 7.097482167695826627e-01 1.403068064417592464e-01 7.881375684040901053e-01 4.505219651874682318e-01
1.632616854209699708e-01 7.022630046125168946e-01 1.275217855343988294e-01 8.002972857086264602e-01 4.204285819001099545e-01
1.660008833866443712e-01 6.804914164740515359e-01 1.228677590143853054e-01 8.298850709506531143e-01 3.982140628780789782e-01
2.031082166449863224e-01 6.630360393698953025e-01 1.319321090422003184e-01 8.236830139664860218e-01 3.926851561156236570e-01
2.236057079844308015e-01 6.488422913928052482e-01 1.367605833916242519e-01 8.011591807559743650e-01 3.741233037702274000e-01
2.504002680602073760e-01 6.383132267630737822e-01 1.510989353260846768e-01 7.817419024083601675e-01 3.568044827083715065e-01
2.817951636445944485e-01 6.345087871475947328e-01 1.741120155750330301e-01 7.719491637484338087e-01 3.477313559916011543e-01
3.137588084492569651e-01 6.356899006343803560e-01 2.041104718946994412e-01 7.614014633327834680e-01 3.434904427196642240e-01
3.378732797909215213e-01 6.373398289287333096e-01 2.280195708937698962e-01 7.520614418804634216e-01 3.409655390213334192e-01
3.686287512110844600e-01 6.339446263234670420e-01 2.552339059365654750e-01 7.351956642280568222e-01 3.345942737483714735e-01
3.959318889462604685e-01 6.270442593027416578e-01 2.827117279243063774e-01 7.195124135129550291e-01 3.259280061869087586e-01
4.182957346803600762e-01 6.214529944554436636e-01 3.129936960369087418e-01 7.019520336238000979e-01 3.133640799788318110e-01
4.348063678399504139e-01 6.160570160767719905e-01 3.436328899259337710e-01 6.787463977480001631e-01 2.962460927997305760e-01
4.440360120850359027e-01 6.058137374082792626e-01 3.735971633444124529e-01 6.448751295036285747e-01 2.784355985068835970e-01
4.454298221762444943e-01 5.940037022597786098e-01 3.929781737144971143e-01 6.136548798725497411e-01 2.695704650009859149e-01
4.338028216989265329e-01 5.764213513767275643e-01 4.065649688049602362e-01 5.777386592132845999e-01 2.747959852148101900e-01
4.103073311926198063e-01 5.772053013527156384e-01 4.012062587301187255e-01 5.503065318811843909e-01 2.965856672532427019e-01
4.037177083107216791e-01 5.689311651047295193e-01 3.976449779068027546e-01 5.234637544418448973e-01 3.188278210718702432e-01
4.009951153517661848e-01 5.498710156646831049e-01 3.950255099275481463e-01 4.991553579824455356e-01 3.521661423582418404e-01
3.982275630916854992e-01 5.262675302132664434e-01 3.941311810915519853e-01 4.866873837765270383e-01 3.846720816346054228e-01
3.980628312822478976e-01 4.976446677684283060e-01 3.967415434529547591e-01 4.771405577115531149e-01 4.151520471125929590e-01
4.092964356379913404e-01 4.713790744202832617e-01 4.113837791111090714e-01 4.681064779422477451e-01 4.380743754015628544e-01
4.330812389453083666e-01 4.575211560386789889e-01 4.434521125120678420e-01 4.656735824323819939e-01 4.513322301261677993e-01
4.567664905089772187e-01 4.544880875967248213e-01 4.768706209046315592e-01 4.661655305764287882e-01 4.560649359982383300e-01
4.836790876662976912e-01 4.524780617215302669e-01 5.112396674512341699e-01 4.670032641408772833e-01 4.636218809084534098e-01
5.137479646950509071e-01 4.501951661733693544e-01 5.373730534601840469e-01 4.751748835136676563e-01 4.823731915426351380e-01
5.415255198226380795e-01 4.473706046025013316e-01 5.456922053110425663e-01 4.840862982335993880e-01 5.059455103579040269e-01
5.717920197037275054e-01 4.423953026255972309e-01 5.513122282704234767e-01 4.887504288433629496e-01 5.326218469843546632e-01
5.985928576237612431e-01 4.315450335122677505e-01 5.655896658938768251e-01 4.898034571533402270e-01 5.567950963421840482e-01
6.196458793114131280e-01 4.014803910190342107e-01 5.812063199549638570e-01 4.837442998183594245e-01 5.904902486352471280e-01
6.204461140447561363e-01 3.686583964177600481e-01 5.812616309052766050e-01 4.728487416714803881e-01 6.204176331757974561e-01
6.099089106306532226e-01 3.399655411445404174e-01 5.714908749486513617e-01 4.610437916967212724e-01 6.482461301655477737e-01
5.924345445424511469e-01 3.176366886401237322e-01 5.581178491450000667e-01 4.472124961761662076e-01 6.712503244939060920e-01
5.678815362048275084e-01 2.914538165253949265e-01 5.413770716589986209e-01 4.265939486840644168e-01 6.688954550146954947e-01
5.619942841533384081e-01 2.616781713221704164e-01 5.221714893316692363e-01 4.269711822462274875e-01 6.507019713898666291e-01
5.847283632146474952e-01 2.349248721078397162e-01 5.152457713277299733e-01 4.301722556310328405e-01 6.639907306571823931e-01
5.934242471454338475e-01 2.182644369129295159e-01 4.968373890101060453e-01 4.048490355839197696e-01 6.786565679658314032e-01
5.884174646180552193e-01 2.074449830401202122e-01 4.658143584503561252e-01 3.700919752253501449e-01 6.794211427158460825e-01
6.187660599049434884e-01 1.915304424693223262e-01 4.598459458653381127e-01 3.432868091144157807e-01 6.776934894122270681e-01
6.579107438151647891e-01 1.834816747782758162e-01 4.690206786748148393e-01 3.238517435518185050e-01 6.732291768071221316e-01
6.963022043956769158e-01 1.799616851239771165e-01 4.814682845793268884e-01 3.062728292873478364e-01 6.673543535553386752e-01
7.347129787670217960e-01 1.766613312016756532e-01 4.940653948904686343e-01 2.887110805895840571e-01 6.613922782919992027e-01
7.727074682569530228e-01 1.733967455621973075e-01 5.065259813575102577e-01 2.713396610532004538e-01 6.554948182787971867e-01
8.006687760353088379e-01 1.709942370653152466e-01 5.156961083412170410e-01 2.585555016994476318e-01 6.511546969413757324e-01
