2.099598497152328491e-01 7.175976037979125977e-01 1.506956070661544800e-01 7.852171063423156738e-01 4.764776825904846191e-01
1.836309577200084253e-01 7.010027903312090469e-01 1.294288381726483306e-01 7.946927011807122243e-01 4.564657884224929130e-01
2.085413898452882775e-01 6.650472994254547077e-01 1.267207346279929092e-01 8.098217931226507904e-01 4.419284761587010668e-01
2.429942646144669371e-01 6.562661158806228912e-01 1.368741209221308319e-01 8.242250323644122467e-01 4.431280325089022032e-01
2.429746220523894829e-01 6.466741887166641556e-01 1.333452120705313770e-01 8.135194242771026651e-01 4.124318511381341867e-01
2.512473696860005323e-01 6.450842990197616089e-01 1.441150076135704339e-01 7.822563729859208781e-01 3.813122568116839584e-01
2.862079459892578059e-01 6.419082340353183813e-01 1.659681539212957968e-01 7.704243686751286457e-01 3.713704233442219893e-01
3.134372071675861071e-01 6.350213091380959574e-01 1.861766238628674297e-01 7.584756677624325816e-01 3.638169462476844584e-01
3.375214288367340276e-01 6.250620584454720241e-01 2.099003112917819658e-01 7.419722303351419246e-01 3.547491255774266050e-01
3.582503454602504189e-01 6.146316085118475048e-01 2.385125560353815732e-01 7.207526348154684737e-01 3.467903175240854008e-01
3.794470545758158453e-01 6.096005830557218452e-01 2.656678626112793373e-01 6.970650837410514722e-01 3.410089235122393259e-01
3.974777828683888625e-01 6.084014797444319278e-01 2.873177884406222238e-01 6.683279531394158424e-01 3.302987236351283551e-01
4.099450016954634957e-01 6.089358641524935667e-01 3.031053764117317417e-01 6.406528936365015747e-01 3.175592491686428653e-01
4.188234863073935776e-01 6.103917006776319321e-01 3.176880317391354569e-01 6.159345499116331002e-01 3.048069514741338915e-01
4.289482816546074662e-01 6.149058177462819463e-01 3.442128249717564814e-01 5.836409674243395740e-01 2.899096331921266478e-01
4.350009887182539892e-01 6.226563006993038885e-01 3.758011856839043041e-01 5.558676019547512670e-01 2.846057655733315039e-01
4.312084161368867075e-01 6.308742334696858522e-01 4.034055996737290206e-01 5.348514035317735171e-01 2.873965372912578031e-01
4.113398007095534492e-01 6.113675716355664314e-01 4.164947399444083875e-01 5.151560502752573489e-01 3.060171721054589788e-01
4.294583244052454507e-01 5.832537115084223123e-01 4.224563345360689004e-01 5.029594683139739786e-01 3.330742372072411084e-01
4.375157461482250820e-01 5.566541104986690858e-01 4.173923177344684432e-01 4.924627244920513069e-01 3.594140296478352536e-01
4.423370226693952301e-01 5.275644432577165643e-01 4.117084334398868339e-01 4.824246203124338273e-01 3.850744449024328664e-01
4.481404549606207155e-01 4.932569020552919903e-01 4.184809687843808468e-01 4.747278789495067430e-01 4.086774103720658413e-01
4.675543033953057925e-01 4.731097137399811192e-01 4.487780709907969734e-01 4.834565052547186159e-01 4.174060458451572808e-01
4.975969198928551496e-01 4.721234328718381668e-01 4.681805722141590409e-01 4.894454255860042902e-01 4.198351669295115607e-01
5.274089739134624200e-01 4.686509609409585941e-01 4.887998696107889729e-01 4.846510265960466968e-01 4.362531504602469301e-01
5.529988786000287204e-01 4.640955674478659532e-01 5.092962778233419696e-01 4.811243930613565700e-01 4.601298915103807508e-01
5.807028215025871187e-01 4.574283441714710463e-01 5.230232955155764696e-01 4.825226233783374008e-01 4.778754258862228377e-01
6.163645691691604922e-01 4.452596875543669008e-01 5.441979582408980054e-01 4.869298384882488895e-01 4.923354172810146534e-01
6.389445452185198437e-01 4.183154496666373623e-01 5.638365254571224838e-01 4.936699338997868614e-01 5.084475451013313885e-01
6.382738894882925562e-01 3.894674957508448832e-01 5.681455166556893532e-01 4.968291790603138192e-01 5.334128506029225392e-01
6.370043157141292989e-01 3.700921149870968208e-01 5.609961007991486337e-01 4.986787517972574024e-01 5.688524056301629273e-01
6.309222639643748964e-01 3.585655911540331919e-01 5.514873329730296536e-01 5.017731773206789425e-01 5.992618825142050909e-01
6.147322366414905703e-01 3.463187808386224975e-01 5.480018697470697697e-01 4.956638574004077480e-01 6.356242234301139327e-01
5.957617560959896919e-01 3.333570710279263327e-01 5.505413333038665646e-01 4.814835353307121424e-01 6.702261500788823101e-01
5.873344122353545416e-01 3.127961556515700958e-01 5.446157807060383327e-01 4.688798263644112230e-01 7.015935482343078622e-01
5.853224297714600954e-01 2.842598270579243525e-01 5.268736318822139220e-01 4.545499749931838918e-01 7.234526228317997854e-01
5.948057369337215183e-01 2.516160615175604409e-01 5.053511877830390020e-01 4.475003683501168616e-01 7.392659702647577102e-01
6.090934848536702084e-01 2.233390391544112785e-01 4.847207705875518080e-01 4.363340518580812177e-01 7.336469824190123834e-01
6.307562986311917586e-01 1.998384351804284309e-01 4.842515731331819562e-01 4.169800373743458022e-01 7.135950190463474785e-01
6.520822837101036828e-01 1.893489842390017885e-01 5.019589045902521640e-01 4.005480548211339253e-01 6.995367995174276432e-01
6.764220046929715346e-01 1.892783333686912095e-01 5.118150857406368326e-01 3.747801080522351613e-01 6.811560302069264994e-01
7.041142517688311342e-01 1.921203078458544877e-01 5.032465396936247615e-01 3.436878574787561313e-01 6.673645706726083482e-01
7.416677269834789366e-01 1.854116841413457339e-01 5.040699026658234105e-01 3.108910858682621958e-01 6.573016955121616656e-01
7.742134691497212229e-01 1.774588337637238444e-01 5.104830681665022407e-01 2.820221003866373310e-01 6.539109315546375312e-01
8.006687760353088379e-01 1.709942370653152466e-01 5.156961083412170410e-01 2.585555016994476318e-01 6.511546969413757324e-01
