2.099598497152328491e-01 7.175976037979125977e-01 1.506956070661544800e-01 7.852171063423156738e-01 4.764776825904846191e-01
2.370849942184169168e-01 7.054859268965774088e-01 1.714011593910309827e-01 8.320378187270267567e-01 4.671013921034065097e-01
3.099400302991175415e-01 6.882014477969792265e-01 1.860605773467924329e-01 8.392454903645301112e-01 4.588278797346671545e-01
3.347188363873571659e-01 6.685404418645958247e-01 1.815774888671197462e-01 7.917723446303258639e-01 3.960748416044375664e-01
3.539367465365550469e-01 6.682433579271387369e-01 2.018003099730225902e-01 7.559030427145869702e-01 3.508896972083821453e-01
3.696931648427090322e-01 6.759500169010708159e-01 2.612747960247571721e-01 7.032104004466044334e-01 3.070861443218826370e-01
3.745099220761403114e-01 6.546789908373347178e-01 3.168645730878987266e-01 6.618293809865828381e-01 3.193786045121692063e-01
4.050872121451461472e-01 6.288046700142037038e-01 3.831722182240218655e-01 6.284842391779906778e-01 3.462930071408701349e-01
4.502208658861825419e-01 6.172166619306662660e-01 4.419896861911679631e-01 6.060412725368372611e-01 3.568834144620849358e-01
5.069556274457228673e-01 6.087175828306613523e-01 4.982381609634725650e-01 5.785441295026235720e-01 3.514267942524222366e-01
5.622794392666401464e-01 5.978414383039354352e-01 5.342760986239246668e-01 5.366077413598049350e-01 3.244959948002307248e-01
6.060569760536114181e-01 5.564996380344033877e-01 5.359261748955621574e-01 4.806818588033620610e-01 3.270206113334403475e-01
6.573910025395437451e-01 4.943076279253641458e-01 5.545448940201823662e-01 4.347129141581207445e-01 3.783433813051803596e-01
6.852101627278950335e-01 4.530918112320440061e-01 5.706279019094213645e-01 4.103330774525580371e-01 4.126546361515471828e-01
6.791952047590512631e-01 3.949273339875225552e-01 5.714575449747630875e-01 4.054462787616493480e-01 4.762324413651535804e-01
6.462137624637324107e-01 3.480690078334899851e-01 5.576543274583366516e-01 4.193234368171601112e-01 5.377096048730051203e-01
6.187348428259783484e-01 3.134562102726102806e-01 5.437186982894461895e-01 4.293308448083826834e-01 5.851232329487580097e-01
6.288579788169551543e-01 2.779144269380987020e-01 5.342582178778012558e-01 4.316587036729344629e-01 6.581668809625624839e-01
6.754113033354041118e-01 2.562318236938235239e-01 5.327698232783140142e-01 4.435145880540625751e-01 7.091395907172475255e-01
7.289286307960457512e-01 2.079924712626260996e-01 5.155672243308492275e-01 4.546815152944078120e-01 7.440418398416154266e-01
7.327584205007749985e-01 1.946300321073472228e-01 5.096180557356454477e-01 3.931375180347400078e-01 7.156847450357525231e-01
7.763808676492960359e-01 1.783092641512998566e-01 5.078829622052513093e-01 3.108187497917342945e-01 6.763617966405716109e-01
8.006687760353088379e-01 1.709942370653152466e-01 5.156961083412170410e-01 2.585555016994476318e-01 6.511546969413757324e-01
