2.099598497152328491e-01 7.175976037979125977e-01 1.506956070661544800e-01 7.852171063423156738e-01 4.764776825904846191e-01
2.456252802510632827e-01 7.088214961493958244e-01 1.532792188941002609e-01 7.937347143995320264e-01 4.658471346648980216e-01
2.828959586554210537e-01 6.965963736610669699e-01 1.487370263760649514e-01 8.075567071901338378e-01 4.500300035196612702e-01
2.987317272478138275e-01 6.751589464614021763e-01 1.280831757545574934e-01 7.931398142092084269e-01 4.257733512189845193e-01
3.294820577087226865e-01 6.679272209311496455e-01 1.495748252435465386e-01 7.724370178241282137e-01 4.164342299944152614e-01
3.559072725552966943e-01 6.647506001175722545e-01 1.771066612124875261e-01 7.632103104762795187e-01 3.993070414942435642e-01
3.686726965075998730e-01 6.651517250675214044e-01 2.041144014101829163e-01 7.501209209790112853e-01 3.748601632811820461e-01
3.731843927109672054e-01 6.709736874198661827e-01 2.323327885145629046e-01 7.330775214127395190e-01 3.483260963496886964e-01
3.802965537632467807e-01 6.799115757391714920e-01 2.604432187558958778e-01 7.186235697591768501e-01 3.276205762212861528e-01
3.950171648018929171e-01 6.869095383917283026e-01 2.928935161527798647e-01 7.071252527957155865e-01 3.104471942841268706e-01
4.089088359962209096e-01 6.877201563273687146e-01 3.303365133442909274e-01 6.977795375429904912e-01 2.956120593986780731e-01
4.154056636291823534e-01 6.818684873415006287e-01 3.676827493020413673e-01 6.861361126311783520e-01 2.824238091884457291e-01
4.250489346439304539e-01 6.683858452298274688e-01 4.047462084134325622e-01 6.678100594923130906e-01 2.707889030110940398e-01
4.440760267027776820e-01 6.499136369344511444e-01 4.321430088392667623e-01 6.492414047524550647e-01 2.668865514686925011e-01
4.667301868232745510e-01 6.304749202673519681e-01 4.528330136459114974e-01 6.316925140544055184e-01 2.692572101567364262e-01
4.893550997363852462e-01 6.119893884399589812e-01 4.731435142223447410e-01 6.106439674819607033e-01 2.742074656082971185e-01
5.098915615377507260e-01 5.978758634678870143e-01 4.955255705197442739e-01 5.835241846182757097e-01 2.802301082496201357e-01
5.259286731250640834e-01 5.905644939146420525e-01 5.159026328299672892e-01 5.560956900909470590e-01 2.882210442284038887e-01
5.481842382427519755e-01 5.822610548744518999e-01 5.378347443729558641e-01 5.222256804382471307e-01 3.045082770361763891e-01
5.682006120030346219e-01 5.710132296970954480e-01 5.468160523262813877e-01 5.002591376586457139e-01 3.228472462920405905e-01
5.871446899108182516e-01 5.499695428204176562e-01 5.505921930461186165e-01 4.783723190624538657e-01 3.477637203036957336e-01
5.941331373192050291e-01 5.246500626942988132e-01 5.500416807804967556e-01 4.630556136390547306e-01 3.713777080478908310e-01
5.964829899703231186e-01 4.972144774351413554e-01 5.503294345130348431e-01 4.490418962250832258e-01 3.960826687685645719e-01
6.004419763275921085e-01 4.733926984797545701e-01 5.512514251246105612e-01 4.347683784946619334e-01 4.229034367665915339e-01
6.052423797484830503e-01 4.518871870940707747e-01 5.453449784780673992e-01 4.227442607934331353e-01 4.545760948706752957e-01
6.101586258519275940e-01 4.300664654034333512e-01 5.324210626307906979e-01 4.159451912943740171e-01 4.874908296805089414e-01
6.168410326748677841e-01 4.051237820153811842e-01 5.198948768208234705e-01 4.121276615801107712e-01 5.239759216695237809e-01
6.188779793183157851e-01 3.833531396574754724e-01 5.149883132368698879e-01 4.095013486092110022e-01 5.604717572741997333e-01
6.148747784933220606e-01 3.683038560629566804e-01 5.138726698480401422e-01 4.060291432808884049e-01 5.915581296508694020e-01
6.110620425781221332e-01 3.511498935358012830e-01 5.136801203821070860e-01 4.012250182232405260e-01 6.286029204141709847e-01
6.138482682952380864e-01 3.303019704281826563e-01 5.156919047780981202e-01 3.995344885300093352e-01 6.676533145767230559e-01
6.249678558091907865e-01 3.070681020434945507e-01 5.225411422856740540e-01 4.069247026785325350e-01 6.981784812084838032e-01
6.481514469244239462e-01 2.868698390785316965e-01 5.390114508290545503e-01 4.181393277419798715e-01 7.138593584261564429e-01
6.798397907784332617e-01 2.697812544631680298e-01 5.526555757441055095e-01 4.223953697951661757e-01 7.173575131616325429e-01
7.134657050130821521e-01 2.485700788841903597e-01 5.513683150200924254e-01 4.156884972337108741e-01 7.135396345017438469e-01
7.398282878292807840e-01 2.326527623469870631e-01 5.402806642922782787e-01 3.917543803096592558e-01 6.962178438739974329e-01
7.560567887078609717e-01 2.245945884174565810e-01 5.340725198022863163e-01 3.560330200498165731e-01 6.740575889838648083e-01
7.722212752943180547e-01 2.079325996482680183e-01 5.270903651184697392e-01 3.243708691484855078e-01 6.624323566983901790e-01
7.886687424258780332e-01 1.865759781999262734e-01 5.205025574393798982e-01 2.863184545365474176e-01 6.559119618185990097e-01
8.006687760353088379e-01 1.709942370653152466e-01 5.156961083412170410e-01 2.585555016994476318e-01 6.511546969413757324e-01
