2.099598497152328491e-01 7.175976037979125977e-01 1.506956070661544800e-01 7.852171063423156738e-01 4.764776825904846191e-01
2.513183897714917348e-01 7.043683692148330344e-01 1.587517021663707451e-01 7.853644779773054641e-01 4.431959985798358814e-01
2.825226344699449110e-01 6.646632095383084859e-01 1.746728024799871215e-01 7.857822478161028412e-01 3.930868572735453648e-01
2.897588192143826236e-01 6.656389984191358744e-01 1.890155952701550457e-01 7.243924768534660830e-01 3.633135218163986435e-01
3.391071645608108032e-01 6.844801485175928679e-01 2.133800002470969126e-01 6.659934870249351047e-01 3.625884697434188508e-01
4.077579462653440068e-01 6.771154322062916675e-01 2.482265298284127564e-01 6.644597221471495452e-01 3.630289338139008337e-01
4.493457721321774678e-01 6.558890515670137145e-01 3.062954252347902528e-01 6.661525273878483588e-01 3.681327808312086503e-01
4.641984580161867546e-01 6.381832904191931943e-01 3.623691211387675692e-01 6.446784654025610184e-01 3.756886427254819139e-01
4.899181663537185427e-01 6.113121391201155053e-01 4.248430463584821348e-01 6.162362757623364162e-01 3.691776895703671735e-01
5.568832099187149831e-01 6.028497398323443557e-01 4.662116325482677515e-01 5.904283211744875137e-01 3.519322510795245273e-01
6.018077583650967011e-01 6.026398529795957693e-01 4.974168018646392686e-01 5.706849411021273077e-01 3.481620782420397631e-01
6.587419480907241720e-01 6.038398904779208598e-01 5.387127024375809592e-01 5.474002975681799832e-01 3.439674086331551139e-01
6.834411444869702423e-01 5.758725358116741910e-01 5.631716445306297336e-01 5.112067513559508392e-01 3.568586397319358228e-01
6.640903581640823505e-01 5.252962263213265537e-01 5.568566870189809448e-01 4.757987302407405417e-01 3.899244779650136716e-01
6.503789347796169462e-01 4.828439509043614963e-01 5.553383165181358105e-01 4.529412631918279808e-01 4.260074115828364483e-01
6.354857758975749338e-01 4.330125556946411436e-01 5.636446971069111189e-01 4.261490085727306365e-01 4.665887013904775338e-01
6.212722262979030186e-01 3.789557261782914854e-01 5.746037971429137636e-01 4.027048411208424272e-01 5.174915276981318923e-01
6.188046617478013545e-01 3.529247585529335929e-01 5.708556024510673677e-01 4.094113953623478297e-01 5.850109797771065878e-01
6.032580929777410228e-01 3.340272356781117669e-01 5.579305995961051368e-01 4.130939823333648064e-01 6.383977579511336264e-01
6.114109947096976194e-01 3.102917399328284920e-01 5.657366348958501323e-01 4.241771283236415724e-01 7.162564481055484489e-01
6.251466408581722867e-01 2.633481961302981955e-01 5.243743749099936124e-01 4.676022528118234933e-01 7.389391742601875146e-01
6.670799070459018099e-01 2.078228818246672660e-01 5.098706082297727038e-01 4.202135243623721372e-01 7.443905475433669761e-01
7.160828017090641318e-01 1.914494392034264136e-01 5.147357747746017509e-01 3.584411108482813968e-01 7.245952520064058433e-01
7.664157790942586201e-01 1.792775485935704793e-01 5.153072223233908788e-01 2.990040688748260567e-01 6.808943686544319807e-01
8.006687760353088379e-01 1.709942370653152466e-01 5.156961083412170410e-01 2.585555016994476318e-01 6.511546969413757324e-01
