2.099598497152328491e-01 7.175976037979125977e-01 1.506956070661544800e-01 7.852171063423156738e-01 4.764776825904846191e-01
2.351206974692980622e-01 7.063630071112423359e-01 1.699017443698247476e-01 8.286472460752232205e-01 4.677803863450924471e-01
2.869639858188508530e-01 6.936646649726390113e-01 1.814045278582538945e-01 8.368770258381453830e-01 4.614506782314781175e-01
3.273218380036370112e-01 6.753016625592610511e-01 1.843770517707211676e-01 8.058410965462388109e-01 4.148372706639878449e-01
3.509204890329681858e-01 6.687140030392973999e-01 2.008063041381807079e-01 7.603843841148503202e-01 3.576650680073910626e-01
3.627093660607412784e-01 6.716960503963416151e-01 2.363417883703894384e-01 7.256244074495303842e-01 3.274358611025914301e-01
3.747362232429857221e-01 6.602445000409227216e-01 3.019112706628193088e-01 6.740052512276657470e-01 3.170781696781877490e-01
3.926951077456189987e-01 6.406102544862791737e-01 3.542643100242682808e-01 6.434173690731744832e-01 3.339914799198690498e-01
4.311847502741429361e-01 6.224662188983262068e-01 4.163397165239374753e-01 6.156811702713307355e-01 3.515916074664079405e-01
4.769864273753034456e-01 6.132120991666789589e-01 4.679159062808384562e-01 5.927350276211026392e-01 3.536251009753912378e-01
5.305188676384152702e-01 6.034446711611338721e-01 5.127489269207943234e-01 5.599897108331670648e-01 3.399847539711150501e-01
5.808136165514152793e-01 5.792550944097056842e-01 5.346643893214581000e-01 5.127822558850371193e-01 3.271486467186684455e-01
6.215285173632728588e-01 5.373255853465214171e-01 5.419703045976437261e-01 4.671867679277587615e-01 3.435166421777856582e-01
6.672769535864635504e-01 4.782676337229073704e-01 5.606099315339135858e-01 4.259200776362616625e-01 3.919494465567866515e-01
6.819929624123344247e-01 4.364025680480329017e-01 5.701381882265118550e-01 4.098973069417382598e-01 4.314068965215724916e-01
6.703035936051677801e-01 3.840178636466419770e-01 5.675936122945589579e-01 4.094174868956122482e-01 4.909981313892894383e-01
6.401961790519462570e-01 3.404966078011635866e-01 5.544076970405610316e-01 4.214709998829237469e-01 5.483229456499559840e-01
6.224865213709318557e-01 3.085391386479499620e-01 5.426994984522710563e-01 4.292395219271076812e-01 5.966507363976482070e-01
6.368923779092297011e-01 2.757869862495597735e-01 5.344592409937948263e-01 4.336963175792401537e-01 6.635594983290101778e-01
6.789227397026889044e-01 2.518141203574293940e-01 5.307998402663827164e-01 4.440887248085628181e-01 7.100691414805184731e-01
7.301474359835216088e-01 2.048800909133462467e-01 5.142284555818819047e-01 4.402857749298678125e-01 7.373971246181459938e-01
7.378556231746257188e-01 1.927278424230739196e-01 5.094394019719725719e-01 3.835010780788074003e-01 7.110808404119117743e-01
7.781397028687706552e-01 1.777795385336896627e-01 5.084487596539418730e-01 3.070340500157013319e-01 6.745363971855373730e-01
8.006687760353088379e-01 1.709942370653152466e-01 5.156961083412170410e-01 2.585555016994476318e-01 6.511546969413757324e-01
