2.099598497152328491e-01 7.175976037979125977e-01 1.506956070661544800e-01 7.852171063423156738e-01 4.764776825904846191e-01
2.019430275148328680e-01 7.006432018352590774e-01 1.395199853248881849e-01 8.108589782400853485e-01 4.658027815124822779e-01
1.827969770749276746e-01 6.775169813984111000e-01 1.326298010938346816e-01 8.273528756296208986e-01 4.435953723458957998e-01
1.648874803431760738e-01 6.653699748582870832e-01 1.163427067121951403e-01 8.472124584521232293e-01 4.196961592169147215e-01
2.007337168703212105e-01 6.583950137165253125e-01 1.285695671061711232e-01 8.369695669925865111e-01 3.998396396657411533e-01
2.239037417120023077e-01 6.570096675272494302e-01 1.341964299890607837e-01 8.169919511811908341e-01 3.799722773628690375e-01
2.515297655504150631e-01 6.507600812622882369e-01 1.469996808112704612e-01 7.933228362322344296e-01 3.561535991059156525e-01
2.740976608648392210e-01 6.435081583496239377e-01 1.678603939173586856e-01 7.744938625659240072e-01 3.456821286766994517e-01
2.974301176098195221e-01 6.376482383053971859e-01 1.907077423100164149e-01 7.565875291319482665e-01 3.432248560742961474e-01
3.247688383121406508e-01 6.337742741210360409e-01 2.166885178438859028e-01 7.373235922599143954e-01 3.424651578268501084e-01
3.486188985480268565e-01 6.322087230064507013e-01 2.406696444549015212e-01 7.219752220733248738e-01 3.389962670535880962e-01
3.743731851546195366e-01 6.296970035691182854e-01 2.686386115599123658e-01 7.062881762690688126e-01 3.299603178571404172e-01
4.000521367735839218e-01 6.258747212033931584e-01 2.998535830389880696e-01 6.902554432905900761e-01 3.145543650975250460e-01
4.161028724290422587e-01 6.237481576863027621e-01 3.235616030052034242e-01 6.778366743898750491e-01 3.010391558655957089e-01
4.324751004203387095e-01 6.214810180622116764e-01 3.526112529046068755e-01 6.592403623083253894e-01 2.864236801311969005e-01
4.429505232307963114e-01 6.146223016749824408e-01 3.792087465168099136e-01 6.291068813654175917e-01 2.792981263098612832e-01
4.404153686415658853e-01 6.003296454012853056e-01 3.918085279332612636e-01 5.928723678718750278e-01 2.852278111349520473e-01
4.291686036459627096e-01 5.829643342460663069e-01 3.978219687771670787e-01 5.552444294533895874e-01 3.008058550561117928e-01
4.207028591916500138e-01 5.712306507117089760e-01 4.040680165621525211e-01 5.289477532975593865e-01 3.178289361581517758e-01
4.142102592654021698e-01 5.541717950941996707e-01 4.106658790610140941e-01 5.023256097219279681e-01 3.433793673123634593e-01
4.157531246157424865e-01 5.315745892893538604e-01 4.166255166364846163e-01 4.841918495648048215e-01 3.751809168988686216e-01
4.237832448489931569e-01 5.099816810660592337e-01 4.247974131128559594e-01 4.801691319875576180e-01 4.063769991769204393e-01
4.438292523609775886e-01 4.847916211503494055e-01 4.472963449579085426e-01 4.846021303309435146e-01 4.365853654086652713e-01
4.665498558932918427e-01 4.754963735188328933e-01 4.765618509036391170e-01 4.861675537008490755e-01 4.443221764860089684e-01
4.913761691869144577e-01 4.739655210318047818e-01 5.109999789757830868e-01 4.880227089697035114e-01 4.515152782770292528e-01
5.077150123487859101e-01 4.684317036943735912e-01 5.359412867725474872e-01 4.929648065238947940e-01 4.693939401552975621e-01
5.234258779419203034e-01 4.533961937596204805e-01 5.546650539737411068e-01 4.988028416918873220e-01 4.996432286859092131e-01
5.474672363392648622e-01 4.379250649159456832e-01 5.666083187637740437e-01 4.988342389031399371e-01 5.301428329164026287e-01
5.760348976130142962e-01 4.268937792770469697e-01 5.784679585855950767e-01 4.920863685462413817e-01 5.572232656006306240e-01
5.983610143875615073e-01 4.144481850304988502e-01 5.890272820706790036e-01 4.830260210844729563e-01 5.815344802285035142e-01
6.168969610223020705e-01 3.922308045607560967e-01 5.981362355940553766e-01 4.716043205483160250e-01 6.104246827423075450e-01
6.270433163036172042e-01 3.655471025116572292e-01 6.014294671321513963e-01 4.610716323886812074e-01 6.364262142719691040e-01
6.313628506923878447e-01 3.318608948782031387e-01 5.977392140984219004e-01 4.484185075412916999e-01 6.631844624735717675e-01
6.265725818245169165e-01 3.009078405971948866e-01 5.869994112014355059e-01 4.353537325377113687e-01 6.834747754760747140e-01
6.125805459017034105e-01 2.737048373700707860e-01 5.703574867926319847e-01 4.225812606997979559e-01 6.970954633555012103e-01
5.936954486423772215e-01 2.470709256427892631e-01 5.478312570251259173e-01 4.111490925044316569e-01 7.068139281599906676e-01
5.786944927549333428e-01 2.235812357146761686e-01 5.207856142860134430e-01 4.061412083363398762e-01 7.170301457008745327e-01
5.822664862287737497e-01 2.037439326023610942e-01 4.894884221340552455e-01 4.068432510902086907e-01 7.270452431882559186e-01
5.919791578977338098e-01 2.024702065738702983e-01 4.882155160953741135e-01 3.794373320983948084e-01 6.950519354397074467e-01
6.205244777163934078e-01 2.029751067499447059e-01 4.813015514509159098e-01 3.541634803131133435e-01 6.665916776269287247e-01
6.549867465833542068e-01 1.977918720426077304e-01 4.873539962493683708e-01 3.351891959124674303e-01 6.600975800681626593e-01
6.923532436157741055e-01 1.909184522280855112e-01 4.946235644408372711e-01 3.155331496714410822e-01 6.578037884654820422e-01
7.300473211177209709e-01 1.839847752776551104e-01 5.019568626779500331e-01 2.957047849802508788e-01 6.554898879045133464e-01
7.714249145343902159e-01 1.763735300966946806e-01 5.100067806748224131e-01 2.739387658419093485e-01 6.529498698708200433e-01
8.006687760353088379e-01 1.709942370653152466e-01 5.156961083412170410e-01 2.585555016994476318e-01 6.511546969413757324e-01
