2.099598497152328491e-01 7.175976037979125977e-01 1.506956070661544800e-01 7.852171063423156738e-01 4.764776825904846191e-01
2.578534636797058521e-01 7.229507814851237057e-01 1.396881118294226176e-01 8.259326725781078737e-01 4.826604458892667648e-01
2.737361986339953979e-01 7.206354530193580521e-01 1.900290883755558213e-01 8.512646162364785329e-01 4.569484096055357325e-01
3.100255546481717195e-01 6.917506633677746875e-01 2.096560624900105085e-01 8.125532918316815678e-01 4.375681393796680974e-01
3.517777149664109704e-01 6.608488950371705917e-01 2.310287545285687472e-01 8.062796975570866165e-01 4.233677372068582745e-01
3.825448490425096271e-01 6.421351751252127871e-01 2.596602775238595617e-01 8.082677500684627425e-01 4.082902547029696461e-01
3.834165516593719403e-01 6.556079967791853536e-01 2.879989648888074405e-01 7.440467479539617512e-01 3.847369159367821645e-01
3.680754959311989261e-01 6.598641486030929482e-01 2.960444270947544809e-01 6.880195972279670169e-01 3.540480575183554413e-01
3.976899551465616911e-01 6.440515549053267286e-01 3.381732263920776971e-01 6.574144545699480702e-01 3.422189098935125018e-01
4.300169036559526314e-01 6.267603927405073216e-01 3.809168632380270925e-01 6.270937158637193143e-01 3.481633011495919305e-01
4.485220247778696767e-01 6.116229347697466068e-01 4.227095265267749591e-01 5.844153540713256101e-01 3.532728647695885793e-01
4.762457620984564821e-01 5.973440128161274787e-01 4.601581790906352776e-01 5.303034648810290852e-01 3.674831125014263455e-01
5.107046473222098815e-01 5.837096531834986557e-01 4.776882647827755402e-01 4.898667646941933795e-01 3.852772349543552299e-01
5.466978166573377429e-01 5.555307929905746178e-01 4.872354724241837465e-01 4.500401197763090333e-01 4.093859103480093631e-01
5.772000297139904257e-01 5.153888391034956440e-01 5.084146229680277518e-01 4.205641172558086671e-01 4.312427720570159995e-01
6.116887499403734774e-01 4.738728223453582689e-01 5.417044352588040734e-01 4.057874901280520419e-01 4.478167098854238248e-01
6.442088261264161675e-01 4.390378503708839419e-01 5.665283902245366043e-01 4.026660816237375706e-01 4.630495570100166547e-01
6.817293115388067815e-01 4.001352670050756788e-01 5.778386332669009917e-01 4.116387382426112684e-01 4.950568889195407496e-01
7.056406562324444298e-01 3.641345087306253614e-01 5.773477494774034158e-01 4.248076427159074298e-01 5.444051906898387250e-01
7.154328746252268667e-01 3.397648423565673426e-01 5.766385092013814884e-01 4.324504003858496981e-01 5.836783661237946452e-01
7.228564838890819688e-01 3.056368010764766163e-01 5.663283531288223482e-01 4.394281268039761934e-01 6.437494259355537318e-01
7.082418611650072027e-01 2.782904456172126118e-01 5.409292310742072063e-01 4.481120310573237231e-01 6.947086193544226296e-01
6.619375227682016138e-01 2.603796401824002849e-01 5.125913292220992679e-01 4.635285589957772179e-01 7.264401581806940733e-01
6.167542172403418510e-01 2.494271611740698780e-01 4.939650969344286380e-01 4.749837432149381367e-01 7.412047678392996719e-01
5.733422273302886119e-01 2.098245861208763996e-01 4.801427069056738439e-01 4.449360331423357073e-01 7.559097486827210943e-01
6.206012604318449366e-01 2.015504148975388043e-01 5.039949326075823244e-01 4.249409842598992904e-01 7.215231254698160068e-01
6.580322913311615896e-01 1.958881724017917658e-01 5.033280003378471923e-01 3.849772315067335748e-01 7.022635033606204891e-01
7.090440110344017333e-01 1.871509732075518073e-01 5.076966762328714022e-01 3.399700329361461382e-01 6.840168743061200152e-01
7.620347537450843367e-01 1.778068024699878957e-01 5.123231093667596214e-01 2.928843298772404458e-01 6.650111918835701630e-01
8.006687760353088379e-01 1.709942370653152466e-01 5.156961083412170410e-01 2.585555016994476318e-01 6.511546969413757324e-01
