2.099598497152328491e-01 7.175976037979125977e-01 1.506956070661544800e-01 7.852171063423156738e-01 4.764776825904846191e-01
2.434167968076605126e-01 7.114974014922204049e-01 1.414952377180539178e-01 7.963382685362260238e-01 4.646264464066032773e-01
2.641878750183014879e-01 6.926757700890290304e-01 1.211508607186116970e-01 8.209391680109534573e-01 4.421124894806919281e-01
2.951365953984325108e-01 6.751536520638165007e-01 1.325912379802118568e-01 8.018229347551091291e-01 4.235479773365897760e-01
3.086739723904978749e-01 6.512759829080592144e-01 1.510889856833242950e-01 7.647123897863978836e-01 4.015811725522480669e-01
2.894919196362507607e-01 6.705635757736413405e-01 1.651379406904994740e-01 7.568355227870986468e-01 3.736895946608831953e-01
3.032617814240649579e-01 6.855715288964243648e-01 2.014555704766189670e-01 7.411189683518366600e-01 3.503331126625388592e-01
3.170400989058034802e-01 6.923725773926652227e-01 2.281715538732681792e-01 7.272301066497535160e-01 3.341736476653477395e-01
3.353676020656689571e-01 7.007566317160406344e-01 2.630115678393439294e-01 7.059424678447444590e-01 3.138581803541605764e-01
3.544130838622005508e-01 7.064588685782300370e-01 2.950540209105325107e-01 6.828329667542892834e-01 2.993866919130181992e-01
3.746648892620806359e-01 7.048719082020172833e-01 3.229381661893653832e-01 6.697395636101333150e-01 2.932181218224911290e-01
4.026435496707596040e-01 6.962565450618677376e-01 3.603012493555839968e-01 6.628581801014515884e-01 2.875895074676905749e-01
4.271247276955627559e-01 6.821739514123024151e-01 4.008160091507140810e-01 6.540396461732839173e-01 2.780026682383527903e-01
4.354500740656030988e-01 6.582879137511848944e-01 4.206215737950764200e-01 6.351879415004385576e-01 2.723958092861971103e-01
4.539482977677425368e-01 6.298690270139031266e-01 4.398605035059433011e-01 6.107390447871627881e-01 2.765439425210772795e-01
4.944112939016302444e-01 6.122836057407657906e-01 4.671806455855482265e-01 5.990840311597375178e-01 2.720165820465228479e-01
5.334160702948309574e-01 6.036216599027053320e-01 4.908906404109998345e-01 5.912506424659552673e-01 2.640404058030737522e-01
5.575506946729764657e-01 5.887015601756790950e-01 5.143724251985376528e-01 5.628986282005413733e-01 2.682109075609734883e-01
5.608471505586054562e-01 5.726002129142520047e-01 5.270856244423102188e-01 5.359645757669631028e-01 2.827810110631164275e-01
5.598588012202770914e-01 5.566683939765117994e-01 5.395807875928170239e-01 5.142211848720623646e-01 3.233784853940234183e-01
5.807695533771389806e-01 5.408706540723524636e-01 5.503262371841367573e-01 4.951080769466187914e-01 3.550488507207228972e-01
6.015138083100439736e-01 5.158312864534236875e-01 5.532953807023617276e-01 4.737271850253625960e-01 3.800038500023034671e-01
6.052138242982013638e-01 4.852670750870411998e-01 5.470586694691069729e-01 4.565297454739435379e-01 4.121190457783989181e-01
6.130088454764426320e-01 4.556311498708241481e-01 5.425920522002526392e-01 4.340466050786492835e-01 4.456719756748637740e-01
6.242471414281772768e-01 4.319850413344354378e-01 5.383398181646356084e-01 4.151845661385864528e-01 4.774519311291283152e-01
6.341694497642499373e-01 4.108745775328772609e-01 5.375388652455969085e-01 4.045505023311814496e-01 5.150838579062672062e-01
6.421449582240672527e-01 3.897181500857427872e-01 5.385465124936992254e-01 4.015215960787918426e-01 5.558367317291275089e-01
6.473579993990050685e-01 3.687857951767024023e-01 5.364417574580536696e-01 4.021694265290972625e-01 5.945592324899816594e-01
6.483279058542817941e-01 3.473021275827221088e-01 5.300468473429020833e-01 4.077224485313324931e-01 6.357871038526180518e-01
6.354280057094019440e-01 3.269946994976979937e-01 5.180859662847484559e-01 4.201141403613498637e-01 6.773555126842790708e-01
6.141214119873326105e-01 3.070288127847448645e-01 5.091852797546413401e-01 4.263780936867873628e-01 7.093366261353626356e-01
6.203357761006115245e-01 2.754499355038106945e-01 5.165454875098693943e-01 4.273447522398847731e-01 7.422724111721600293e-01
6.467597474297076543e-01 2.544382645086821215e-01 5.331473952437760788e-01 4.303917639215361635e-01 7.626839288304354536e-01
6.856067086652951614e-01 2.382282966087627962e-01 5.539183289034209645e-01 4.264749481109889051e-01 7.721617983922417494e-01
7.206536648349071150e-01 2.389139016773907664e-01 5.663440795980448916e-01 4.157543914231550675e-01 7.451277053506846215e-01
7.391364812102216852e-01 2.393536602475881681e-01 5.608935070021889846e-01 4.032123502748262145e-01 7.037615922025476367e-01
7.619807225338027790e-01 2.211048081812558019e-01 5.457492692063342643e-01 3.727555955057235693e-01 6.786091180773549114e-01
7.822544518125025270e-01 1.994004349888303662e-01 5.320850557206372455e-01 3.307543683838662374e-01 6.681706830779873263e-01
7.929686636271043865e-01 1.828721961418071640e-01 5.225491342707387910e-01 2.887447498275807489e-01 6.582697840578957127e-01
8.006687760353088379e-01 1.709942370653152466e-01 5.156961083412170410e-01 2.585555016994476318e-01 6.511546969413757324e-01
