2.099598497152328491e-01 7.175976037979125977e-01 1.506956070661544800e-01 7.852171063423156738e-01 4.764776825904846191e-01
2.665103781728251353e-01 7.073633770620851857e-01 1.714280782190456542e-01 7.810387803167578857e-01 4.815623210435667212e-01
3.049994550061883025e-01 6.739106628667220766e-01 1.505473181932192595e-01 7.785619922901605428e-01 4.704788640599912863e-01
3.336175707403578050e-01 6.713988352097517431e-01 1.693120035059858530e-01 7.635788977304365233e-01 4.279996764011320676e-01
3.656185361550264856e-01 6.835709392540645357e-01 2.085676313894886669e-01 7.434461899180391242e-01 3.971131996689532540e-01
3.928475107674481159e-01 6.940236950106306590e-01 2.464840480532063671e-01 7.249441705434644945e-01 3.727084125374982571e-01
4.206103621087585731e-01 6.786558142523323456e-01 3.148333851846090159e-01 6.862710291989458922e-01 3.686133817565790394e-01
4.461888712863116280e-01 6.656547608700809082e-01 3.662345185585076934e-01 6.681387015291102571e-01 3.696518540423575083e-01
4.673719526087943832e-01 6.438490408085906225e-01 4.143051775903998646e-01 6.434360993745509294e-01 3.643661790065075290e-01
4.750761855807268952e-01 6.105169866987899541e-01 4.464318697112841239e-01 5.980893313188059279e-01 3.603919686484219898e-01
4.820087582218463562e-01 5.865580944836142896e-01 4.648952858327685123e-01 5.520277180027729491e-01 3.608190941821713960e-01
5.046109745487715736e-01 5.705824191088021413e-01 4.922675257599293808e-01 4.971767308228892124e-01 3.631118414149557827e-01
5.478151341540302699e-01 5.541022684532304066e-01 5.296987297565394215e-01 4.471972305629219324e-01 3.748990859975648848e-01
5.842946148511418691e-01 5.355643395485596425e-01 5.532826038535844093e-01 4.228613941855138836e-01 3.913386929550969340e-01
6.291691408940622843e-01 4.932626144895692066e-01 5.672896689056413644e-01 4.155374998465309333e-01 4.227186790667621930e-01
6.617127083969256418e-01 4.496505844901331761e-01 5.695873451305200064e-01 4.173067079330228801e-01 4.530718843703933074e-01
6.807931598474515900e-01 4.136821171528989316e-01 5.652622935267983539e-01 4.174146511065758847e-01 4.804901409760334308e-01
6.939922430879499338e-01 3.769652088258806377e-01 5.561375597276694283e-01 4.184055335998617675e-01 5.253715382248773658e-01
6.997334900465775887e-01 3.477997241098967907e-01 5.504230104116683009e-01 4.294805531433767420e-01 5.836246806342176852e-01
6.977180423271911458e-01 3.264390612724440976e-01 5.489558470601328954e-01 4.466091569580508125e-01 6.326564266493281963e-01
6.979018338957468925e-01 3.004223802873476901e-01 5.466920405961731566e-01 4.700120775144797092e-01 6.829793513019338791e-01
6.766437776035042484e-01 2.585008199428896480e-01 5.355479282617705561e-01 4.832741127614290644e-01 7.300953290001643836e-01
6.401162699177521676e-01 2.173497197731490138e-01 5.235438290674219175e-01 4.591128637144971103e-01 7.347600653401072934e-01
6.422608401211949980e-01 2.148271478560580261e-01 5.070796700899555809e-01 4.140529241183423248e-01 7.208744207572395091e-01
6.608621547188205936e-01 2.065444708928423911e-01 5.008933566143883853e-01 3.725867558893345421e-01 7.000036540538611129e-01
7.077195135763039158e-01 1.937634876283815255e-01 5.038795749438041982e-01 3.279950622979336816e-01 6.800658423131141772e-01
7.628319630781055238e-01 1.802629052821330125e-01 5.108859575973352385e-01 2.868222312752103931e-01 6.629235434159934659e-01
8.006687760353088379e-01 1.709942370653152466e-01 5.156961083412170410e-01 2.585555016994476318e-01 6.511546969413757324e-01
