2.099598497152328491e-01 7.175976037979125977e-01 1.506956070661544800e-01 7.852171063423156738e-01 4.764776825904846191e-01
2.356842492137502243e-01 7.233666019629547694e-01 1.402070750354695305e-01 8.291233309518724059e-01 4.698802321335774357e-01
2.691447190838238135e-01 7.081542425086070347e-01 1.327249412818932162e-01 8.834365182064911615e-01 4.514124847531855167e-01
2.858961362674709572e-01 6.832258423794701496e-01 1.425544907850047338e-01 8.520408156821318579e-01 4.027941596372701105e-01
2.992476472541249488e-01 6.723354634991975942e-01 1.624332857249534967e-01 8.067015750930803808e-01 3.822332790323895169e-01
3.101225625536874198e-01 6.743199380239316421e-01 1.691541809822721121e-01 7.570863298928912632e-01 3.403441029498309178e-01
3.118761073941526130e-01 6.720160844548076495e-01 1.845778538630406529e-01 7.224981485149735150e-01 3.107539289227310153e-01
3.099984895557458264e-01 6.672338455778640265e-01 2.037543225707576233e-01 6.865402426408289127e-01 2.704903766138683219e-01
3.546016243889134611e-01 6.649764073587774993e-01 2.576083840047433959e-01 6.708736913108080957e-01 2.421581739163239100e-01
3.928145082850807435e-01 6.696995451666297727e-01 3.003837077683148005e-01 6.664656743740309253e-01 2.456330472654859598e-01
4.268057706373299398e-01 6.664288456797798910e-01 3.482510061971003101e-01 6.593549823398483500e-01 2.494671797055854623e-01
4.462844536967567888e-01 6.501224171173068944e-01 3.950245350414537393e-01 6.493913530500097231e-01 2.539813224502618372e-01
4.579428676123815656e-01 6.258449381727019256e-01 4.466198398441748596e-01 6.388935543653851967e-01 2.778375293708499338e-01
4.700399836515049001e-01 6.181276879248224221e-01 4.542834382851867470e-01 6.086279420149807162e-01 3.070321474536732431e-01
4.977317041082852112e-01 6.127054371578000147e-01 4.679637558486949844e-01 5.546959059009790582e-01 3.377515531893077738e-01
5.259507455324805569e-01 5.916559921751763929e-01 4.854866628345651525e-01 5.175538206229040039e-01 3.547876521470587075e-01
5.701435302293829110e-01 5.665350476965882454e-01 5.076522789354340759e-01 4.953563355205837793e-01 3.776465576758251674e-01
6.211901317975495607e-01 5.542636106462059953e-01 5.383169083067229632e-01 4.831668802184264644e-01 3.913435893243902286e-01
6.525214274785272606e-01 5.189006970255704010e-01 5.736505612986859681e-01 4.659467718974464323e-01 4.027180527393552922e-01
6.431607586585912362e-01 4.682732488972589091e-01 5.792610025186898381e-01 4.492458519232137570e-01 4.173574080952398013e-01
6.627169788366868985e-01 4.349875516081745941e-01 5.799195124751019836e-01 4.355861962499056883e-01 4.349272895369361014e-01
6.847654793510691285e-01 3.946831041836044163e-01 5.790620468241662877e-01 4.125322705472710960e-01 4.696860365824270245e-01
6.902554203902062646e-01 3.562950514537901459e-01 5.788365268613608894e-01 4.167437041292728628e-01 5.218332897323778585e-01
7.056038422110548769e-01 3.381905584589862124e-01 5.920205445304789205e-01 4.609275159847470160e-01 5.675966045154658968e-01
7.102136518188258973e-01 3.278228249147731033e-01 6.048965323610259182e-01 4.884138483353275273e-01 6.064735799101088620e-01
7.102743247641606361e-01 3.051633339389451249e-01 6.055640276417408874e-01 5.003581438287805216e-01 6.608668046720195255e-01
7.104446255334443405e-01 2.682620054184626790e-01 5.871935971910304808e-01 4.889102557547536643e-01 7.055895333766677435e-01
7.166997774096283136e-01 2.320761052415361014e-01 5.607486965744536977e-01 4.613276241731910643e-01 7.164611147806593250e-01
7.376782973813411637e-01 2.025997740669670810e-01 5.379407916267783252e-01 4.178154155121691637e-01 7.074974506757979453e-01
7.665784849276705559e-01 1.881092438273329892e-01 5.278639508883810061e-01 3.646271747580941414e-01 6.898106916283627266e-01
7.873453907081086056e-01 1.776832333325518154e-01 5.204516222892997535e-01 3.000111105119082078e-01 6.662624797055284320e-01
8.006687760353088379e-01 1.709942370653152466e-01 5.156961083412170410e-01 2.585555016994476318e-01 6.511546969413757324e-01
