2.099598497152328491e-01 7.175976037979125977e-01 1.506956070661544800e-01 7.852171063423156738e-01 4.764776825904846191e-01
2.220912546895751072e-01 7.301450742026568408e-01 1.317467518601626308e-01 8.358264874112477649e-01 4.726262683344275017e-01
2.689258208696453933e-01 7.087559253731489095e-01 1.236968405858473730e-01 8.622922136243299507e-01 4.474876087250785339e-01
2.904322704083017737e-01 6.914434752296054754e-01 1.277917566216428269e-01 8.211508399803745251e-01 4.097968241000892742e-01
3.050096345578643398e-01 6.818495114938806223e-01 1.701882498322642157e-01 7.873127497122043295e-01 3.691185548616455203e-01
3.027163094066251947e-01 6.897731157501879595e-01 1.955595798915343297e-01 7.408209690280058712e-01 3.361040205641026568e-01
3.027143045311426750e-01 6.888928470396140646e-01 2.029244895235406965e-01 6.987901020368895155e-01 3.045314390097569879e-01
3.219507310923022669e-01 6.682756411421504339e-01 2.395040443766703886e-01 6.708612898475854180e-01 2.788441815363142950e-01
3.555920896136560705e-01 6.494189926051021633e-01 2.776540441724998365e-01 6.635220494678655268e-01 2.680631180269649749e-01
4.022480688545765348e-01 6.361952371153510866e-01 3.193797436518400756e-01 6.562408625404415607e-01 2.631683467675171029e-01
4.291153079008721005e-01 6.303515085520671191e-01 3.548551703434663085e-01 6.571809774060232145e-01 2.979482671933762483e-01
4.609341345497484643e-01 6.238201452911019684e-01 3.954215491226857337e-01 6.607143244800995907e-01 3.115712996738980167e-01
4.900798747782742493e-01 6.100891749797667796e-01 4.262698514187445720e-01 6.217174934206867176e-01 3.180664918120793550e-01
5.037655826578748552e-01 6.015892845294847913e-01 4.407970403769544965e-01 5.790629684038252067e-01 3.365244484031212346e-01
5.275221446966013028e-01 5.898645622067644201e-01 4.660710906495967309e-01 5.278417704155278223e-01 3.588972822967792520e-01
5.607505123545166725e-01 5.735697887167003906e-01 5.007498065897328932e-01 5.001655187021252225e-01 3.699691027293368628e-01
6.115394387758921191e-01 5.612077761517628716e-01 5.363244626057999120e-01 4.930088385854934918e-01 3.580290967885419451e-01
6.533255461904896588e-01 5.183070723667020374e-01 5.596391609728585959e-01 4.688372194496435719e-01 3.654811351899206473e-01
6.542458358522268425e-01 4.848050567439463610e-01 5.658268777813099115e-01 4.440671508466430550e-01 3.940243309932077720e-01
6.665390735292749946e-01 4.447203458382528729e-01 5.768606476460247379e-01 4.150946987492113993e-01 4.307343069116262302e-01
7.061250069116115080e-01 4.075957971893369725e-01 5.935382103180077973e-01 3.976185063509003470e-01 4.621106262917615282e-01
7.345812305659645824e-01 3.833734093865947545e-01 6.001456419463356839e-01 4.034906743449433453e-01 4.967454141891797237e-01
7.239211492707694484e-01 3.683176198889073771e-01 5.949506894084873876e-01 4.440094511305834324e-01 5.435468428860984469e-01
7.006032592408766302e-01 3.611734419314522326e-01 5.866324787106580452e-01 4.728600878684955933e-01 5.748978420358533681e-01
6.974688319410138337e-01 3.364590433939071423e-01 5.816345048046382971e-01 4.885200631184196673e-01 6.303265343683652766e-01
7.271225122338568214e-01 3.070771053977959797e-01 5.853288285952092940e-01 4.748080957342410424e-01 6.735147703440971245e-01
7.388310962559258011e-01 2.787656042788030919e-01 5.769704581072648830e-01 4.622291800244672788e-01 7.105994122522313328e-01
7.269886376807932482e-01 2.393565172714584022e-01 5.527432055426554358e-01 4.437395527025532749e-01 7.378357269572266564e-01
7.114969046697926514e-01 1.980100696015655581e-01 5.316481139176413295e-01 4.006031566527727961e-01 7.186653914360047191e-01
7.353466876866603386e-01 1.840384323036997061e-01 5.249883843426043084e-01 3.502244663056285900e-01 6.903696393008582621e-01
7.768186459412390610e-01 1.757568795538319850e-01 5.190888656321384076e-01 2.920252940272266007e-01 6.654726941234798687e-01
8.006687760353088379e-01 1.709942370653152466e-01 5.156961083412170410e-01 2.585555016994476318e-01 6.511546969413757324e-01
