2.099598497152328491e-01 7.175976037979125977e-01 1.506956070661544800e-01 7.852171063423156738e-01 4.764776825904846191e-01
2.383009959174499925e-01 7.098605396335453399e-01 1.466854575898052793e-01 8.253197998451277106e-01 4.658450264219210490e-01
2.850670360261186032e-01 6.903957490640072470e-01 1.712826344783095478e-01 8.333326871918191880e-01 4.487114775299585467e-01
3.188525620954403839e-01 6.745377422380030019e-01 1.943108100977019304e-01 8.099806984645119279e-01 4.196080891424471826e-01
3.318607777300120465e-01 6.763147416982444593e-01 2.032588220122757972e-01 7.692497888618926583e-01 3.894436450197282795e-01
3.436784942941076282e-01 6.787007128884048335e-01 2.274307061132649910e-01 7.238302602959685306e-01 3.718658707973920841e-01
3.652680647789995350e-01 6.705928960952585172e-01 2.663484839617174527e-01 6.966104103379142654e-01 3.528009598849619066e-01
3.950181370099061229e-01 6.585416417512800491e-01 3.063346039503784812e-01 6.808812897450156054e-01 3.411957621191377132e-01
4.275845490095838142e-01 6.453504469790147802e-01 3.468269810337084591e-01 6.608709545713971067e-01 3.394718266855331623e-01
4.511514436205086853e-01 6.333292300617414661e-01 3.779368594897046796e-01 6.394887426605586622e-01 3.424124411681687130e-01
4.723489905891230523e-01 6.171976712861919623e-01 4.103217522244634319e-01 6.046564430835396076e-01 3.496815905050764117e-01
4.868549484471184075e-01 6.028692882040351808e-01 4.335589540429715671e-01 5.666606631861779153e-01 3.578728783026359217e-01
5.043015436015474418e-01 5.844254484455945198e-01 4.489480477610502396e-01 5.229858901523137815e-01 3.706304087912403178e-01
5.247212915192085436e-01 5.592393292677096950e-01 4.602736393436181461e-01 4.867800773285968496e-01 3.898486405991765102e-01
5.433860175283057314e-01 5.236401454554477919e-01 4.672309548838311510e-01 4.577681624756999024e-01 4.112463178087698568e-01
5.761273809014504366e-01 4.861323905838694781e-01 4.881866759904526232e-01 4.268569809235461254e-01 4.297798616204354660e-01
6.098108800511317096e-01 4.644959131128133523e-01 5.158053320996729418e-01 4.098478139440476786e-01 4.416949798644699277e-01
6.464496916655805281e-01 4.415094827276576095e-01 5.423539867952968940e-01 4.044707654655707030e-01 4.563443335994460948e-01
6.829928101339498570e-01 4.133838220533909147e-01 5.603903374269139093e-01 4.131566205320959528e-01 4.789476687622806761e-01
7.091066635917410155e-01 3.848481248246506947e-01 5.684286938261282618e-01 4.344886917946863547e-01 5.153401104593499094e-01
7.157291407222059476e-01 3.502482154708794759e-01 5.665679600268538341e-01 4.590666595471210032e-01 5.710280646034483487e-01
7.128736309128037574e-01 3.235893042597979830e-01 5.615731766157063820e-01 4.671134091936489652e-01 6.129463018400489460e-01
7.212354632008969313e-01 2.922192602214342960e-01 5.524208407394457510e-01 4.537885875439878203e-01 6.582948335243621329e-01
6.979353714953798749e-01 2.488883571651184790e-01 5.263998814589658792e-01 4.390194420160524191e-01 7.048160727702821315e-01
6.594885730357508136e-01 2.299759159695535238e-01 5.132249143478582187e-01 4.462300635932207049e-01 7.211682392471505665e-01
6.281668042135776231e-01 1.991017012168429801e-01 4.986798344086080248e-01 4.148833215517293005e-01 7.066269915032215021e-01
6.790193450848436285e-01 1.913545230685588516e-01 5.070995000647434692e-01 3.751268834022924992e-01 6.880576142988571453e-01
7.217068681866736224e-01 1.842099752286497083e-01 5.101161020457980477e-01 3.342212785788825635e-01 6.751081567887446955e-01
7.689890939442280970e-01 1.762964187757162238e-01 5.134573981793000286e-01 2.889127691721407043e-01 6.607648749831824819e-01
8.006687760353088379e-01 1.709942370653152466e-01 5.156961083412170410e-01 2.585555016994476318e-01 6.511546969413757324e-01
