2.099598497152328491e-01 7.175976037979125977e-01 1.506956070661544800e-01 7.852171063423156738e-01 4.764776825904846191e-01
2.519944782625017088e-01 7.142283720378181933e-01 1.617214164157491363e-01 8.085289494776264352e-01 4.590691011864751481e-01
2.981957748449053369e-01 6.887496375907029567e-01 1.882651506613720049e-01 8.086400579268053779e-01 4.337548062907993773e-01
3.194621687760441642e-01 6.607921024994596326e-01 2.072984433282081262e-01 7.638512074200533020e-01 4.060271775890965662e-01
3.454286474701857013e-01 6.574384191620474827e-01 2.266833435015550013e-01 7.371083339263829748e-01 3.843127271745827578e-01
3.864960306849167249e-01 6.653190104611034217e-01 2.558260679381505476e-01 7.078091785402752523e-01 3.533340884826633999e-01
4.070117636823394891e-01 6.607000884928568851e-01 3.015242609128628293e-01 6.692990099665390158e-01 3.433453228694021697e-01
4.192630581339924500e-01 6.307091029523801406e-01 3.407444871876857406e-01 6.463149104602659012e-01 3.477213004209344094e-01
4.446195377644427960e-01 6.097627286607870678e-01 3.968769875072030162e-01 6.262817605914356989e-01 3.514727632006495184e-01
4.848789503463150075e-01 6.008695783845116045e-01 4.480344761184266722e-01 6.022891776652528062e-01 3.521455955284620853e-01
5.257487862506756704e-01 5.859929004862478585e-01 4.788741120477045254e-01 5.671609867788713899e-01 3.522965775593139282e-01
5.580504380820623389e-01 5.674703451985891878e-01 4.953621123424056250e-01 5.310066689946264518e-01 3.512427206839648375e-01
6.002197692177394517e-01 5.468738054147613825e-01 5.172683937646711527e-01 4.925193688387377033e-01 3.506213002210629703e-01
6.423419722153252964e-01 5.296057443998227754e-01 5.465411493397734910e-01 4.677272328654413225e-01 3.613684802639861582e-01
6.726753086688714856e-01 4.964159428309780075e-01 5.766303231769078774e-01 4.445438130786247277e-01 3.959951750886248623e-01
6.764699427772090656e-01 4.518582300420783682e-01 5.874650291273252334e-01 4.284979222999385495e-01 4.356790201634014870e-01
6.725527079078702508e-01 4.120210414680158806e-01 5.877235092384303083e-01 4.200453442560285744e-01 4.723962268102680495e-01
6.689713149375837720e-01 3.698138508928704438e-01 5.865519328193026238e-01 4.122168378241640729e-01 5.303042448541839260e-01
6.840593700934114452e-01 3.542941304633885902e-01 5.783209638042272616e-01 4.244372289219630057e-01 6.038149798373876331e-01
6.991783266260558349e-01 3.341682981204304181e-01 5.720429729299431054e-01 4.249869166201924453e-01 6.528476626600250299e-01
7.063238412916607034e-01 3.009916142080473755e-01 5.579987024584920352e-01 4.318185689846995023e-01 6.971012948027273115e-01
7.103663806056224050e-01 2.516765691402718663e-01 5.378143990706334421e-01 4.547069646603114634e-01 7.265676592755729857e-01
7.303168324765869635e-01 2.001991166649239595e-01 5.458894595035401753e-01 4.221410295610973917e-01 7.425622166212320074e-01
7.591720361683289564e-01 1.868746424252413774e-01 5.507819227171368848e-01 3.682471433695507224e-01 7.201327985963930089e-01
7.858116543443792734e-01 1.755931237163247116e-01 5.297681229599883190e-01 3.008129103817318017e-01 6.774437457599414847e-01
8.006687760353088379e-01 1.709942370653152466e-01 5.156961083412170410e-01 2.585555016994476318e-01 6.511546969413757324e-01
