2.099598497152328491e-01 7.175976037979125977e-01 1.506956070661544800e-01 7.852171063423156738e-01 4.764776825904846191e-01
2.403225525647318672e-01 7.183669083536178279e-01 1.704992825734860662e-01 8.052056019496058870e-01 4.625929372296038733e-01
2.728637178972848631e-01 6.944147077582911720e-01 1.949102368542838248e-01 8.181973068023389306e-01 4.360879395258430713e-01
3.013103121663791573e-01 6.766387394099118158e-01 2.283863992066545168e-01 8.180344273546013012e-01 4.122046418451097982e-01
3.252679722316081379e-01 6.670950913124991111e-01 2.589589769375458261e-01 7.985188733927326421e-01 3.957986914167385684e-01
3.540681980893564118e-01 6.620480208811297951e-01 2.919904099819389254e-01 7.539952599050294690e-01 3.795552353750547003e-01
3.845802208046035786e-01 6.597946743830883642e-01 3.111596608795784147e-01 7.034447858716412760e-01 3.642016884502406460e-01
4.142415137963046390e-01 6.523080278725427172e-01 3.332928432913052630e-01 6.622107680242736993e-01 3.544765443710792274e-01
4.414017199934966440e-01 6.346258798079987828e-01 3.671764845100540242e-01 6.284900835382829509e-01 3.561194313282571300e-01
4.614747359377025515e-01 6.149489128486261835e-01 3.984347551687931754e-01 5.994981019830964986e-01 3.661699086443658824e-01
4.816742614975777492e-01 5.953099806997804722e-01 4.260251454584634834e-01 5.642230923248600094e-01 3.792807118637184782e-01
5.002340139724215096e-01 5.787880916989726066e-01 4.461722162416418835e-01 5.302854011329939388e-01 3.892296272539521595e-01
5.234096733310164007e-01 5.534811100531240591e-01 4.686550399266388167e-01 4.893631909332733509e-01 3.997320631032096339e-01
5.488584223150172470e-01 5.269216327442063363e-01 4.912544090833390054e-01 4.560068001875859922e-01 4.080285132769110867e-01
5.841874051722059091e-01 5.023607194562450529e-01 5.176759892623019610e-01 4.299915658673331698e-01 4.136799474184322811e-01
6.242933992768913143e-01 4.806482300288473231e-01 5.422426650599064812e-01 4.164103704628728808e-01 4.192734756131064611e-01
6.574073278871883641e-01 4.543178130886542099e-01 5.581957680155910095e-01 4.132122876542196899e-01 4.300470638409638613e-01
6.588359885013022055e-01 4.050170535369504998e-01 5.565137937383108913e-01 4.133166833513926552e-01 4.568859407861178279e-01
6.495445967542726740e-01 3.682388216864389552e-01 5.456125556266235854e-01 4.192946043890780072e-01 5.000362732948356870e-01
6.723786692499932327e-01 3.438803366213792900e-01 5.432194837867688753e-01 4.321787236390112197e-01 5.496945601056236752e-01
6.910614449717606966e-01 3.282359743635832050e-01 5.414647908564141909e-01 4.398974578025882098e-01 5.881285181459882105e-01
6.952091161183150403e-01 3.037773972175946136e-01 5.372816013566300564e-01 4.525182029687628837e-01 6.428637257635028135e-01
6.686347058566778356e-01 2.782424430832438067e-01 5.321143716484684205e-01 4.557835771214910348e-01 6.850511964224554884e-01
6.266146895003879003e-01 2.564815117396945787e-01 5.223190471499874477e-01 4.467794013059268043e-01 7.090402141948055625e-01
5.982523094318418222e-01 2.245571847840557023e-01 5.074790759063062540e-01 4.359563041055515842e-01 7.181694248736661956e-01
6.471725789776974214e-01 2.146591690679809095e-01 5.144981462888098545e-01 4.138517458736978294e-01 7.113848250829458708e-01
6.864358271253723220e-01 2.011862154667444225e-01 5.131006218479905456e-01 3.728945665849168756e-01 7.044903829407475060e-01
7.199822293956666952e-01 1.898033544783211402e-01 5.108741639904246234e-01 3.315474090310694955e-01 6.899913291972743501e-01
7.687591447875435913e-01 1.784328005649465365e-01 5.137891427745999717e-01 2.874220840979409552e-01 6.665136714644211979e-01
8.006687760353088379e-01 1.709942370653152466e-01 5.156961083412170410e-01 2.585555016994476318e-01 6.511546969413757324e-01
