2.099598497152328491e-01 7.175976037979125977e-01 1.506956070661544800e-01 7.852171063423156738e-01 4.764776825904846191e-01
2.254494085745619159e-01 7.034895605085884629e-01 1.224001107412355516e-01 8.196007322926028849e-01 4.582701895146610305e-01
2.721301969321107128e-01 6.886614501771541885e-01 1.246967785973513432e-01 8.216678729822324279e-01 4.577597053378261727e-01
2.926495920894012226e-01 6.765567905314566755e-01 1.304438152205143753e-01 7.892583483995665450e-01 4.261305908513409180e-01
3.222419146679076918e-01 6.760135024775955070e-01 1.597325535032152743e-01 7.734990893416479052e-01 4.087965090780051325e-01
3.558508038732069445e-01 6.735923308535863852e-01 1.932424834653244661e-01 7.592647675633953375e-01 3.884680848014480103e-01
3.813941694455753595e-01 6.696593650107964812e-01 2.196898261455590418e-01 7.425331441895107742e-01 3.596418142724202571e-01
3.969993721235525741e-01 6.622793845683540015e-01 2.442795581428692520e-01 7.153484620925407711e-01 3.189307473150507777e-01
4.000640792085264352e-01 6.520774214678122238e-01 2.732018317415152442e-01 6.894790225877469592e-01 2.865033717966732896e-01
4.148376848947054052e-01 6.520257439864357574e-01 3.177326763663377296e-01 6.801604641738232537e-01 2.690983774967492526e-01
4.327459919011159006e-01 6.568392132158186181e-01 3.663280197251548298e-01 6.753771512620196926e-01 2.652074443259743730e-01
4.570679085867340175e-01 6.603204907532778112e-01 4.157392337043383512e-01 6.666799448271975015e-01 2.655351286359408092e-01
4.900562830493402355e-01 6.532335775777482478e-01 4.534949264609371422e-01 6.521369354976409571e-01 2.583125161106337719e-01
4.917726661819279976e-01 6.191533634260570906e-01 4.776205549073800349e-01 6.318015478265516238e-01 2.457051566682864896e-01
4.606116862852248084e-01 5.785470529959657604e-01 5.027520881781518680e-01 6.202784387205672045e-01 2.461853176106589547e-01
4.470015207226026854e-01 5.665709683455070200e-01 4.944567225509374775e-01 5.750460414865024017e-01 2.776689258837575780e-01
4.788653190235025447e-01 5.677301542578242488e-01 4.974283461600886858e-01 5.304645410884530898e-01 2.921788836435276204e-01
5.008764484555064955e-01 5.638318035377927195e-01 5.029699999341969985e-01 5.053803407964058136e-01 3.173838729538592807e-01
5.207504671344113101e-01 5.545754589471709739e-01 5.107233415932961318e-01 4.745815613842319647e-01 3.506826190380867292e-01
5.280551835229854163e-01 5.340432888252339971e-01 5.216034595547104358e-01 4.375685166889219380e-01 3.817622318290272987e-01
5.424747282519645220e-01 5.056070897611977255e-01 5.259065779165750243e-01 4.142713300021367284e-01 4.036353552657210297e-01
5.873354784447741839e-01 4.822945380292942841e-01 5.358320663827166319e-01 4.233986061049081484e-01 4.183727728403188184e-01
6.279047909499007041e-01 4.614586095468152238e-01 5.517162157490020924e-01 4.511187880917180704e-01 4.379634658869265840e-01
6.476556477738781847e-01 4.230573284863728967e-01 5.475276810242448722e-01 4.547875500736759946e-01 4.681548317565093487e-01
6.400423506014921715e-01 3.849696975251977182e-01 5.459820291509722701e-01 4.381878160740012018e-01 4.985899702981313464e-01
6.318799893758106911e-01 3.513865443675346922e-01 5.583233850210960192e-01 4.382903693139326706e-01 5.415781761778395431e-01
6.247404754793435266e-01 3.286248373754591667e-01 5.587143670610388302e-01 4.454476549383119544e-01 5.886322908555196021e-01
6.201046008414338173e-01 3.171246715503699409e-01 5.435476951150273184e-01 4.521984463204701821e-01 6.403491210026842628e-01
6.486533661227921188e-01 3.087310082747500295e-01 5.469545890145499634e-01 4.595607363713219984e-01 6.841717044911168610e-01
6.761271552286137743e-01 2.991548003556340207e-01 5.709724049235324062e-01 4.611097480914939650e-01 7.153562200476926147e-01
6.882692661011245994e-01 2.723317828922782180e-01 5.715248835406124828e-01 4.523604951154193698e-01 7.522684397881310714e-01
7.229418532037791278e-01 2.394723276941610468e-01 5.401796106234475481e-01 4.311530371147546670e-01 7.409962994177440310e-01
7.523274390755260166e-01 2.189766782110468268e-01 5.281873307361948378e-01 3.933434310624053798e-01 7.264091192026276289e-01
7.625961630467119612e-01 2.012723294251425599e-01 5.260365281200524157e-01 3.486522114512768944e-01 7.071745656562420379e-01
7.858583316524171414e-01 1.827725724017838504e-01 5.197185853925311294e-01 2.936035901839620377e-01 6.729467171052377905e-01
8.006687760353088379e-01 1.709942370653152466e-01 5.156961083412170410e-01 2.585555016994476318e-01 6.511546969413757324e-01
