2.099598497152328491e-01 7.175976037979125977e-01 1.506956070661544800e-01 7.852171063423156738e-01 4.764776825904846191e-01
2.396979842377984227e-01 7.108609587620573489e-01 1.259202936162281405e-01 8.002838627058699306e-01 4.742402390984821192e-01
2.526626006614647313e-01 6.775854467341684284e-01 1.211083838791731093e-01 8.314459479225714267e-01 4.553968220001676781e-01
2.910322933757377162e-01 6.871888669009832418e-01 1.253877548269012043e-01 8.079308205552687694e-01 4.345722278402666672e-01
3.205268513095611005e-01 6.796214502669820634e-01 1.465315810980612476e-01 7.809607491292569481e-01 4.216024582748449379e-01
3.451463056388002215e-01 6.732118416251902104e-01 1.757226622675955030e-01 7.539319484019647577e-01 4.037986471822971879e-01
3.681807776146537869e-01 6.743981783546492137e-01 2.041745347534205113e-01 7.331216423101593049e-01 3.812538272265313388e-01
3.789917226970898612e-01 6.864138460592686952e-01 2.338411972184579468e-01 7.142084869394190738e-01 3.449374008503977573e-01
3.653892033466620282e-01 6.983037246625150019e-01 2.641160143129492877e-01 6.983269942413703468e-01 3.157800066086873803e-01
3.454182510504969494e-01 7.019281953215245062e-01 3.000289358247558158e-01 6.855623476080392464e-01 3.058649078020246881e-01
3.480319230742977554e-01 6.999536777154814482e-01 3.474833821481201346e-01 6.726421759321072891e-01 3.061559327262229346e-01
3.782520927448452253e-01 6.960991448339527432e-01 3.908283089652568321e-01 6.668327943855604234e-01 3.008659127468118477e-01
4.120074952988080907e-01 6.832674048173218440e-01 4.240554866145074264e-01 6.714606788357720957e-01 2.830574833190337980e-01
4.401363829235622749e-01 6.666423899830947741e-01 4.433451635063505591e-01 6.735542801512920397e-01 2.668627060739809376e-01
4.821197904203271545e-01 6.440830921028097844e-01 4.582333883575930300e-01 6.602638285262434348e-01 2.561770152865574524e-01
5.087640753123670034e-01 6.284376074161341919e-01 4.668576682070726958e-01 6.382664994803050051e-01 2.543211419284184815e-01
4.998401815848665386e-01 6.180519253755041298e-01 4.982756551859451322e-01 6.010668725328729423e-01 2.641365935785513486e-01
4.797528846878859610e-01 6.098433436933086149e-01 5.307219040594287618e-01 6.053672762499808790e-01 2.951406453563840127e-01
4.972146907624495626e-01 6.004042376283186266e-01 5.434123220675053378e-01 5.940457113955408541e-01 3.251939060210084498e-01
5.228654171351885260e-01 5.881254395242131450e-01 5.594843327080966100e-01 5.732529630362057649e-01 3.594408265080015208e-01
5.411003466467325662e-01 5.751712189918096740e-01 5.673176296289309528e-01 5.544287646059559149e-01 3.839802108463274410e-01
5.603109717476498775e-01 5.528474752142896742e-01 5.682934603514567806e-01 5.267627922603047574e-01 4.093644951989224845e-01
5.759190645787821694e-01 5.207393639576428646e-01 5.577287021742848294e-01 4.940157399924947068e-01 4.256126032351592037e-01
5.914459180309656894e-01 4.852309607697274929e-01 5.463182120792009488e-01 4.656251566345576687e-01 4.318660428307748989e-01
6.095555222136388451e-01 4.472005887085856446e-01 5.421702154438730048e-01 4.386007150275821886e-01 4.425541195499151925e-01
6.266078085641435536e-01 4.209814233589191379e-01 5.393071685455896880e-01 4.162116319172085577e-01 4.671864106606367639e-01
6.493980592110126793e-01 4.066026945807479920e-01 5.369620179154865891e-01 4.031417109201650972e-01 4.948216418974149544e-01
6.766224524345434421e-01 3.882192617193026551e-01 5.400119720776258569e-01 3.952712743951282692e-01 5.306351468315406716e-01
6.923706055449984076e-01 3.676909908364894841e-01 5.499129582780829528e-01 3.969337229036210557e-01 5.694894930248004528e-01
6.886156779539230888e-01 3.556593559750232947e-01 5.593185030757127363e-01 4.036245310676048748e-01 6.044635466157463055e-01
6.759572967435811819e-01 3.445080327096742279e-01 5.677385226846834998e-01 4.129729879778744062e-01 6.443662478895652024e-01
6.658003636570357653e-01 3.271952968890174396e-01 5.396270881326628022e-01 4.244247680288055213e-01 6.705365154867953814e-01
6.804249643317428209e-01 3.104831586233967045e-01 5.293747555362567914e-01 4.495495648397615507e-01 6.987246025556251849e-01
7.094519717587846053e-01 2.810254296047131062e-01 5.429977838154540493e-01 4.384984222565706524e-01 7.279612380453338583e-01
7.253653316675757745e-01 2.456359828426689651e-01 5.593167194461035052e-01 4.187495789875387286e-01 7.208001490998904304e-01
7.445950099673196432e-01 2.468996621636623257e-01 5.567987135743553972e-01 4.048380746869861269e-01 6.821724587304327514e-01
7.420397868150470089e-01 2.375827032777403647e-01 5.390525766775156047e-01 3.615122908246591327e-01 6.531157599795338609e-01
7.669092781242736745e-01 2.144613148778232448e-01 5.277845799569669261e-01 3.253373661315062115e-01 6.500259666118238799e-01
7.862035003630545305e-01 1.896190183011680630e-01 5.208757788102166275e-01 2.871702068547953290e-01 6.506710583689172545e-01
8.006687760353088379e-01 1.709942370653152466e-01 5.156961083412170410e-01 2.585555016994476318e-01 6.511546969413757324e-01
