2.099598497152328491e-01 7.175976037979125977e-01 1.506956070661544800e-01 7.852171063423156738e-01 4.764776825904846191e-01
2.460173646169076800e-01 7.113225895062682547e-01 1.535831074027277643e-01 8.006825021439638590e-01 4.631745313062849423e-01
2.607357020060762087e-01 7.300835042897964033e-01 1.349255107433965095e-01 8.485848419322151726e-01 4.662295314023337522e-01
2.752118938724152919e-01 6.917271957704405061e-01 1.374582289232546550e-01 8.430331417531569116e-01 4.462175831363184297e-01
2.781751201828363551e-01 6.718028434912183267e-01 1.438661736767892496e-01 8.145983400732887958e-01 4.246453119254488540e-01
2.918761920708083935e-01 6.565110422308891858e-01 1.626938956226846311e-01 7.735014927024196352e-01 3.906755152502134898e-01
3.094156843667173473e-01 6.566129557942769202e-01 1.850016606725607970e-01 7.433394752563667884e-01 3.585614410953120168e-01
3.249763704342657489e-01 6.582865720956391220e-01 2.069516451140089031e-01 7.184424646832117123e-01 3.261782995434080457e-01
3.459417347286048994e-01 6.592544706670114829e-01 2.381127284599772187e-01 6.944185699198441863e-01 2.933198224917632491e-01
3.692571692555823848e-01 6.595270207887147240e-01 2.715672688445174843e-01 6.795153686295366535e-01 2.730455828293132381e-01
3.934441293727110600e-01 6.559503387473925029e-01 3.060466058777699394e-01 6.662646704903857353e-01 2.588582701244369622e-01
4.219134787049698132e-01 6.435593203130361983e-01 3.505751389335279855e-01 6.457771718577891562e-01 2.465126020359491577e-01
4.429021816608367801e-01 6.230473267862177700e-01 3.891030333696922638e-01 6.185100554331408595e-01 2.423754725215001293e-01
4.596213863823827017e-01 6.000553932070238350e-01 4.194138876421231732e-01 5.858999399093693938e-01 2.485078759029297202e-01
4.790437364943648246e-01 5.777914624753597295e-01 4.449078048429814802e-01 5.510745787380826322e-01 2.717815552691458802e-01
5.028691428880998071e-01 5.630413600992322243e-01 4.632969643049515418e-01 5.247011923712189274e-01 3.111758255779040194e-01
5.318343420469699989e-01 5.577918700605452029e-01 4.759237816147220412e-01 5.116672332201489537e-01 3.453188846034082604e-01
5.803488537294723137e-01 5.543066544861301459e-01 4.939546433544271253e-01 5.038460661768602300e-01 3.738717926515470191e-01
6.214226734399892482e-01 5.471781277093634710e-01 5.145135843659059960e-01 5.038304312793248085e-01 3.863568987896794371e-01
6.479729982029596158e-01 5.286269760444597399e-01 5.430195377647856203e-01 5.032538182427860329e-01 4.115937545089923266e-01
6.466558870256462477e-01 5.003402455098303614e-01 5.691709267718270127e-01 4.972447891193053637e-01 4.519513459031366254e-01
6.307201461282400112e-01 4.707446759851129370e-01 5.821038673138633213e-01 4.857550921773345354e-01 4.868275689390768046e-01
6.204741523830429317e-01 4.392250786823585496e-01 5.886017804435382805e-01 4.731737158794884213e-01 5.170274853649492464e-01
6.213201020155816323e-01 4.037235082366245620e-01 5.923269609719733486e-01 4.630245722783286610e-01 5.519054682398276679e-01
6.366523481437227350e-01 3.735244471164633762e-01 5.936423321254018504e-01 4.603376317011063645e-01 5.879833011079421690e-01
6.612999667301734386e-01 3.493899593355208610e-01 5.929063651701744764e-01 4.626811385409725919e-01 6.219072670758151178e-01
6.948664845639552778e-01 3.178465284068755503e-01 5.867516895195179494e-01 4.644523247075439398e-01 6.580977938111851611e-01
7.189678881296323043e-01 2.834543138731406287e-01 5.732024353909668246e-01 4.583575946800648171e-01 6.769433310259272973e-01
7.410359617358072137e-01 2.440865949628903964e-01 5.539056968811855164e-01 4.413643687101149182e-01 6.849336339203402346e-01
7.632663607884941914e-01 2.091806534273518980e-01 5.373492221009373848e-01 4.049840442201225743e-01 6.837862205976383834e-01
7.776904069627824656e-01 1.914384507864706486e-01 5.324000974544065290e-01 3.522515450120990432e-01 6.735470095470899032e-01
7.925073959209696373e-01 1.795745039489162198e-01 5.218320436016467001e-01 2.966083954062179173e-01 6.602890743935526663e-01
8.006687760353088379e-01 1.709942370653152466e-01 5.156961083412170410e-01 2.585555016994476318e-01 6.511546969413757324e-01
