2.099598497152328491e-01 7.175976037979125977e-01 1.506956070661544800e-01 7.852171063423156738e-01 4.764776825904846191e-01
2.739119884075160161e-01 7.065225096317750975e-01 1.312267651941275148e-01 8.125445105478722452e-01 4.741742710749948242e-01
3.120330588816940254e-01 6.983312572647254468e-01 1.389969342379323292e-01 8.386027519677660136e-01 3.855711707823781254e-01
3.162719094405515019e-01 7.032748686739583865e-01 1.559624183090577709e-01 8.269821700135803200e-01 3.143949914158437609e-01
3.046850525751897965e-01 7.185575811498072785e-01 1.743381208924321968e-01 7.753184357002326221e-01 2.672410682013978134e-01
2.753052094992349819e-01 7.319084900629535539e-01 2.382316758477686369e-01 7.012024469198782084e-01 2.506197633255647372e-01
3.415178754646708281e-01 7.087958080465553978e-01 3.120043051020976455e-01 6.912067204241378882e-01 2.771562182981748279e-01
3.825026104372447056e-01 6.945160716549111379e-01 3.574178563167010880e-01 6.849709410755357997e-01 2.934967632086514788e-01
4.596444747737455927e-01 6.747703459042162510e-01 4.031493527545598199e-01 6.444468001346155273e-01 3.025993939407741196e-01
5.192588491375902393e-01 6.616222932064230733e-01 4.255412219936328677e-01 5.980624701154563239e-01 2.951987080091930671e-01
5.722398445330065808e-01 6.210912018936578516e-01 4.671281217994994739e-01 5.241632157650757406e-01 2.614949475270168522e-01
5.953819164743083814e-01 5.847787144825461469e-01 5.019902083251799318e-01 5.040526442291864972e-01 2.960961554749637625e-01
6.464923978536046834e-01 5.338511232682799923e-01 5.485638756425733620e-01 4.629287622757539689e-01 3.540342078229477552e-01
6.714796888884296822e-01 4.958435455980003126e-01 5.585530025152866118e-01 4.307721983871560800e-01 3.886857346859354800e-01
6.876752944666780776e-01 4.316612141829054838e-01 5.575359987733798928e-01 3.964087937571130760e-01 4.494223162974602670e-01
6.194358370800451263e-01 3.727264801200740330e-01 5.528200406940353417e-01 4.021985187696132114e-01 5.214984871643492115e-01
5.657824881108711734e-01 3.448900820725457894e-01 5.280442271597205472e-01 4.095125800888452239e-01 5.596744581487400616e-01
5.700417039487871707e-01 2.952323911891963637e-01 5.295564610252408988e-01 4.255043839883139167e-01 6.517021835433738364e-01
6.281055964728234908e-01 2.549810196986803668e-01 5.466452818431767335e-01 4.384296380890466138e-01 7.063910245471068938e-01
6.914784110132838890e-01 2.074649368162670982e-01 5.195582241791089073e-01 4.172713304536277978e-01 7.055481367701758044e-01
7.525241250898543344e-01 1.868669017038800950e-01 5.102539184218849444e-01 3.182617213152569291e-01 6.667997606509984410e-01
8.006687760353088379e-01 1.709942370653152466e-01 5.156961083412170410e-01 2.585555016994476318e-01 6.511546969413757324e-01
