2.099598497152328491e-01 7.175976037979125977e-01 1.506956070661544800e-01 7.852171063423156738e-01 4.764776825904846191e-01
2.359370023744284395e-01 7.055522091258966677e-01 1.469736451179700087e-01 7.878276183360558571e-01 4.594752006666262267e-01
2.618322209603731188e-01 6.931538197552834513e-01 1.428641999327078249e-01 7.913798158000172611e-01 4.428659424007386769e-01
2.906514178845682195e-01 6.735793841774700974e-01 1.327091144567160430e-01 8.026940507564055416e-01 4.296639372262348600e-01
3.187394808553494774e-01 6.611015870337766387e-01 1.326483832939464869e-01 8.104778019507431486e-01 4.151212953162781716e-01
3.453967856946981163e-01 6.508678843900426170e-01 1.452428909005062385e-01 8.001338731188375464e-01 3.991338301772853203e-01
3.602957968231624841e-01 6.480120601781697021e-01 1.589389983135210682e-01 7.870294502346187882e-01 3.881435785486561652e-01
3.738748180646921382e-01 6.486494330064456193e-01 1.800939666448254095e-01 7.656158305211566706e-01 3.737461438689128057e-01
3.813245593001076683e-01 6.472574787082308045e-01 2.004211128593286206e-01 7.414345796499876018e-01 3.588627277171541619e-01
3.875481893841225545e-01 6.463578291624570982e-01 2.254802989153656956e-01 7.187661440689800951e-01 3.434720753927359982e-01
3.941631905105392741e-01 6.461487641258036874e-01 2.541305255904162119e-01 6.980426412677981363e-01 3.317472829013892732e-01
4.014780008305280368e-01 6.462439345958977954e-01 2.861765729565206584e-01 6.782621380628516272e-01 3.216582657478226914e-01
4.089644448095925977e-01 6.465960339095739862e-01 3.192321346728219100e-01 6.600639283404327040e-01 3.117788017158993341e-01
4.174456910036247193e-01 6.479198278607138928e-01 3.446297410354836610e-01 6.488016988384471828e-01 3.033562845349735415e-01
4.320994734436054974e-01 6.559945932731056084e-01 3.762630334262241916e-01 6.418952717887056458e-01 2.913109005927191353e-01
4.475932412628629842e-01 6.625107450074700921e-01 4.074134125040672627e-01 6.354992737802904745e-01 2.854798894907950024e-01
4.621892641614245845e-01 6.574149691247476168e-01 4.272274758677079842e-01 6.227470869675264531e-01 2.979153662331274766e-01
4.742109878725815353e-01 6.504897462889924764e-01 4.371864926156430742e-01 6.104946808518227908e-01 3.227813261462506578e-01
4.838580397546238809e-01 6.456536440799561793e-01 4.495960287924964383e-01 5.977953803778784936e-01 3.492528255997157105e-01
4.916060077179096877e-01 6.367729392863642479e-01 4.665087368666951395e-01 5.778591484046963211e-01 3.742690482524864692e-01
4.962648759447553792e-01 6.222608319260550802e-01 4.819162699936283545e-01 5.561730505913502487e-01 3.894898736007201823e-01
4.983687655770484004e-01 6.024087515657665648e-01 4.953637573025067020e-01 5.369964191554437161e-01 4.008255362301519908e-01
4.953614405619205519e-01 5.744519048806067119e-01 5.049304127310321189e-01 5.189730022387221142e-01 4.164577458323562298e-01
4.853184788257869364e-01 5.466625941902392150e-01 5.028725375114545537e-01 5.063113995733017347e-01 4.360163795006673504e-01
4.760487922248597403e-01 5.206348233543448556e-01 4.946076257620063976e-01 4.965979782015583210e-01 4.544099367150097879e-01
4.792381691586821146e-01 4.919255342434897260e-01 4.914109858903834560e-01 4.827030114630461166e-01 4.670275314041781312e-01
4.996665526526508638e-01 4.706769273825693323e-01 5.009129189511558611e-01 4.669425247908246535e-01 4.720032458919803386e-01
5.268136976327512100e-01 4.554776729639861688e-01 5.160870563087442964e-01 4.576517078490532908e-01 4.831749188332190026e-01
5.484325469464038649e-01 4.406477564282106907e-01 5.246819059849653355e-01 4.536689415838301431e-01 4.983792287627324402e-01
5.706610239868130652e-01 4.218935245464733308e-01 5.275736498967765753e-01 4.477615858624074408e-01 5.169294348833831654e-01
5.916091058090573451e-01 4.035776048833189522e-01 5.301058967306960801e-01 4.448589144366726367e-01 5.349307904825502114e-01
6.095990011505959538e-01 3.781914459650945193e-01 5.382268185158253226e-01 4.420826589162415998e-01 5.556149682072203388e-01
6.080447419357761785e-01 3.522910405768234776e-01 5.436192436167052167e-01 4.387588180297977702e-01 5.841952898418620865e-01
6.204475813429815023e-01 3.328978956803755884e-01 5.371446799935424288e-01 4.368634125531163370e-01 6.096892292203086594e-01
6.344123075134348033e-01 3.113157454130029422e-01 5.295975102650520849e-01 4.378389091336070682e-01 6.354217664953168976e-01
6.550924760485917764e-01 2.923490478882636578e-01 5.343587312407468426e-01 4.404011322876977830e-01 6.556797428633607261e-01
6.794605991553336333e-01 2.794316959675098300e-01 5.491462470482594282e-01 4.345794169982049038e-01 6.635083981890237403e-01
7.040858481783424105e-01 2.601686847270466840e-01 5.627027382225721075e-01 4.138150687620727464e-01 6.686727049645743159e-01
7.076772895609582115e-01 2.383882211086656433e-01 5.478329055810678971e-01 3.883551884143319755e-01 6.682561901634294088e-01
7.374646610162510774e-01 2.167926697620649878e-01 5.516392942157056778e-01 3.780687353366004588e-01 6.659237052513946598e-01
7.565299673599319430e-01 2.059324794720372442e-01 5.540931978514587186e-01 3.495262780379632672e-01 6.573560025654732186e-01
7.726515496398025373e-01 1.925776866761083617e-01 5.442256841802799450e-01 3.157506092568059808e-01 6.530551814553651191e-01
7.888476458907949240e-01 1.801008046896416803e-01 5.277334108279267966e-01 2.826874696723176150e-01 6.519565562853510965e-01
8.006687760353088379e-01 1.709942370653152466e-01 5.156961083412170410e-01 2.585555016994476318e-01 6.511546969413757324e-01
