2.099598497152328491e-01 7.175976037979125977e-01 1.506956070661544800e-01 7.852171063423156738e-01 4.764776825904846191e-01
2.437632179692856282e-01 7.159028846117853062e-01 1.480948282353223844e-01 8.146355971242184024e-01 4.861246853202832452e-01
2.637572938189797767e-01 6.860007060123473055e-01 1.173165473306298778e-01 8.231550463655760153e-01 4.680688321050549550e-01
2.733379599181610664e-01 6.738773868124139366e-01 1.304015861080589367e-01 7.894568612714017997e-01 4.264999167204380215e-01
3.116691740873127059e-01 6.667915886551331051e-01 1.622341921925135044e-01 7.741597451419583997e-01 4.141780300719937746e-01
3.498953969088640092e-01 6.553382392379296650e-01 1.936094881887192032e-01 7.642045032837440077e-01 4.015823588770917607e-01
3.729636471143758514e-01 6.660008486608308687e-01 2.183535795802456492e-01 7.525799119353329125e-01 3.613556379529480056e-01
3.808369265347338328e-01 6.766757219595239681e-01 2.327579679185511341e-01 7.237962862349124338e-01 3.225799833923506665e-01
3.890959569087656389e-01 6.601551293179838131e-01 2.530160345584172576e-01 6.922064580955956670e-01 2.859759031093074833e-01
4.188300615612718381e-01 6.563829220146965016e-01 2.847396690675980668e-01 6.735935777656293366e-01 2.643843039183896293e-01
4.375190890242034447e-01 6.497801722906126898e-01 3.414953715375700360e-01 6.576470958984553805e-01 2.571395535719116499e-01
4.479679987432292898e-01 6.527714682650934686e-01 3.915660094363493937e-01 6.492903996037160397e-01 2.561531541983667615e-01
4.574649940778561796e-01 6.554127101856249693e-01 4.409144746835755302e-01 6.426297357479132666e-01 2.552274656200235747e-01
4.627985828887472008e-01 6.192320681876433142e-01 4.688370081666042855e-01 6.259185029201067563e-01 2.496461012074741581e-01
4.565180770611835803e-01 5.809680205656867491e-01 4.775520778702224134e-01 5.916811619826332080e-01 2.653221814103369214e-01
4.714922294384575330e-01 5.530180180748751617e-01 5.011075606650540193e-01 5.597162652799707594e-01 2.896647239087702386e-01
4.831997652304205193e-01 5.457547749383468982e-01 4.984489486245559653e-01 5.126410265736206506e-01 3.166227805460771205e-01
4.998035643551158591e-01 5.337195656920833420e-01 4.942316601724927039e-01 4.623814553200733535e-01 3.516678036148569442e-01
5.153929272721672339e-01 5.143008575414780292e-01 4.994878627500379253e-01 4.291498904972241846e-01 3.775172441157274572e-01
5.393747003561215614e-01 4.855565957501024044e-01 5.163212389987530404e-01 4.035294394428157183e-01 4.048988308748664444e-01
5.727799565003859339e-01 4.652089547298673411e-01 5.321834736236810137e-01 4.050985051265906245e-01 4.286451255883247380e-01
6.084654323202973725e-01 4.509572513613224198e-01 5.389042372964666372e-01 4.301250815246294712e-01 4.448550262763276697e-01
6.424397843750709880e-01 4.205813542992918874e-01 5.452187493000704155e-01 4.505640305659821543e-01 4.643402656810153295e-01
6.561243836869743440e-01 3.831558893320397563e-01 5.559659809045532919e-01 4.587257380864957490e-01 4.994938620111816219e-01
6.443985579006387132e-01 3.615310957076057763e-01 5.611268218401650465e-01 4.702153313131308687e-01 5.446165535803885183e-01
6.253410780728445584e-01 3.483513438950305852e-01 5.568539889163892642e-01 4.757088802751892054e-01 5.906697441133950122e-01
6.167435836171302199e-01 3.331925819973482472e-01 5.574032097985953671e-01 4.606784183616503547e-01 6.338184266663923205e-01
6.398416513329190369e-01 3.049111197859014077e-01 5.570147587017425517e-01 4.653459930931750366e-01 6.794801166981103702e-01
6.709487797634208217e-01 2.977777597840693957e-01 5.825293934684719899e-01 4.592376120233901959e-01 7.147368762336859804e-01
7.063412100991469655e-01 2.849082284981030999e-01 6.013224328245942996e-01 4.403736262828703008e-01 7.285198016642914220e-01
7.026861928220220488e-01 2.541212976334402684e-01 5.681362550063185912e-01 4.256758920501992893e-01 7.493853503086392864e-01
7.098124418176772199e-01 2.254988655042710066e-01 5.429324971724143190e-01 4.159701566501010084e-01 7.418879973583197840e-01
7.354042702181345925e-01 2.149153191738358559e-01 5.400917390548717334e-01 3.913676985165560063e-01 7.042799019767363999e-01
7.664620315532062467e-01 1.996570495011428525e-01 5.251242457049795087e-01 3.363688202104190839e-01 6.941674651778387828e-01
7.858012450306320895e-01 1.834521677752622426e-01 5.197939295953100114e-01 2.923760813264841274e-01 6.698496553489836636e-01
8.006687760353088379e-01 1.709942370653152466e-01 5.156961083412170410e-01 2.585555016994476318e-01 6.511546969413757324e-01
