2.099598497152328491e-01 7.175976037979125977e-01 1.506956070661544800e-01 7.852171063423156738e-01 4.764776825904846191e-01
2.330998141169376425e-01 7.036562005321624902e-01 1.385218705706190989e-01 7.998990330584536679e-01 4.718376985258912470e-01
2.571252735622026608e-01 6.859567367301139251e-01 1.203297207021486598e-01 8.138023656901498537e-01 4.596820827722640224e-01
2.746996061699678027e-01 6.615389747298475731e-01 1.121160852108712830e-01 8.110748565661173304e-01 4.350638102786480998e-01
2.857863110766656889e-01 6.478337786872749859e-01 1.230411112676157992e-01 7.920355125676744601e-01 3.985609445658807037e-01
3.010073483878831224e-01 6.467710550505932909e-01 1.389019023134045738e-01 7.776124734824932938e-01 3.702416746618578114e-01
3.215955006044764475e-01 6.507993225216097688e-01 1.551470001242653829e-01 7.675469948539171972e-01 3.474864550017833231e-01
3.487693911641867595e-01 6.657791675247228813e-01 1.742306170447209257e-01 7.647111100955695795e-01 3.334157198852565895e-01
3.666864918301760423e-01 6.615189563618414370e-01 1.981880100542989520e-01 7.647864704730201746e-01 3.094035416950979278e-01
3.862769778683359245e-01 6.596665301789065294e-01 2.249892017053392590e-01 7.476581455936508469e-01 3.095375412488323152e-01
4.050987759783506448e-01 6.582890884182239777e-01 2.561595664795524030e-01 7.277511913288379208e-01 3.088486077477652358e-01
4.218545504962813442e-01 6.564704406160121186e-01 2.863629393155521230e-01 7.086202927201803448e-01 3.060836587259808672e-01
4.345469940326890379e-01 6.550386112294636076e-01 3.096070881654647833e-01 6.940333178938762337e-01 3.037315969081075817e-01
4.512888976082252701e-01 6.534196077870948471e-01 3.407440753597965610e-01 6.750499664390023913e-01 3.010062379332593130e-01
4.679419454515608146e-01 6.528852794677938443e-01 3.753882319278978863e-01 6.557338042673135359e-01 2.997967725526499150e-01
4.677012849717523957e-01 6.548446649723959068e-01 4.070441754876155116e-01 6.336692610943623905e-01 3.029760867246762412e-01
4.669053912868349476e-01 6.493375456904577625e-01 4.316156304464248694e-01 5.912855477840327501e-01 3.164836023055028758e-01
4.840085597879180135e-01 6.403562941114882001e-01 4.487739059467747982e-01 5.690450393567403342e-01 3.351905571596882627e-01
4.961837466105672445e-01 6.257764924977240462e-01 4.717485475525973193e-01 5.461709831714701702e-01 3.621710422806527774e-01
5.001168990193861630e-01 6.094871328828833645e-01 4.933697148920380693e-01 5.345832335821012471e-01 3.837905692774035704e-01
4.933178291655737069e-01 5.859205565293040818e-01 5.097220004333598009e-01 5.288402069717684784e-01 4.095968634878240922e-01
4.713329497354930009e-01 5.635385366124052720e-01 5.068688992787246939e-01 5.247287024922582255e-01 4.337393021036671237e-01
4.514841720241954404e-01 5.406488726041416282e-01 4.947794338796079328e-01 5.083428916612008353e-01 4.537018221021530962e-01
4.619762584462684951e-01 5.138385432545254927e-01 4.972865369266020186e-01 4.818056060323156475e-01 4.679694856944686676e-01
4.841255373456561095e-01 4.920165624815875938e-01 5.068787082471543082e-01 4.676016483553040448e-01 4.782595532698901142e-01
4.998123559737801536e-01 4.623457966524837093e-01 5.108542273498424269e-01 4.576489903769878076e-01 4.924717557673770063e-01
5.270938462907692745e-01 4.364547706756677914e-01 5.126582013782230440e-01 4.479710535221830825e-01 4.995524552492626724e-01
5.627019074456219849e-01 4.194731868011416509e-01 5.212326618871359063e-01 4.419324772452548067e-01 5.081565463848057851e-01
5.897154151568905212e-01 3.973703844156881160e-01 5.296808499257877889e-01 4.408587188003514346e-01 5.236501606737022918e-01
6.088849904276424363e-01 3.741551959526232540e-01 5.349765580920711194e-01 4.417193768342179139e-01 5.403115758515735223e-01
6.251433644605164375e-01 3.497953631038079325e-01 5.373087425950050511e-01 4.426988512540730447e-01 5.649149999031696234e-01
6.303597722985341267e-01 3.305221695902729184e-01 5.325305397627048132e-01 4.447777190653720014e-01 5.960761282651673154e-01
6.208172703284520200e-01 3.171081025019479305e-01 5.226203443044562524e-01 4.491064480566644423e-01 6.275164337012348881e-01
6.028525041564530840e-01 3.070097183531773077e-01 5.141065677464780048e-01 4.536956250568346394e-01 6.581501903454815006e-01
6.070510363554245670e-01 2.877275709222133493e-01 5.185754802212629855e-01 4.471949226472174965e-01 6.941095461812983869e-01
6.411170042122577017e-01 2.746293592197425193e-01 5.332499715198883994e-01 4.343769149548773467e-01 7.004120468564740687e-01
6.676339004510335462e-01 2.663554010792884008e-01 5.442921976449484056e-01 4.279640899494763229e-01 6.974303362716467447e-01
7.001313804635356242e-01 2.537482898725107461e-01 5.559145066141648606e-01 4.204215686885595105e-01 6.920711243545909497e-01
7.338481893396513467e-01 2.375460506660402593e-01 5.631309813394966834e-01 4.070920585601895958e-01 6.863961657488950596e-01
7.615412822494412870e-01 2.213310682602708523e-01 5.630863954299694107e-01 3.844808865349686466e-01 6.828873706028691926e-01
7.802764160843134178e-01 2.063755354102967676e-01 5.564854569516537453e-01 3.545763839481198554e-01 6.783066926232509397e-01
7.905934957839642063e-01 1.918201218659130458e-01 5.417485938314853255e-01 3.169453088675686647e-01 6.683641631469284805e-01
7.960351747933229749e-01 1.805720198435783741e-01 5.276775943260276769e-01 2.854088572651559130e-01 6.590692960388369048e-01
8.006687760353088379e-01 1.709942370653152466e-01 5.156961083412170410e-01 2.585555016994476318e-01 6.511546969413757324e-01
