2.099598497152328491e-01 7.175976037979125977e-01 1.506956070661544800e-01 7.852171063423156738e-01 4.764776825904846191e-01
2.462083874513113779e-01 7.098988987414601715e-01 1.439564273041562259e-01 8.014916280075038424e-01 4.685961404236839156e-01
2.852734931357011616e-01 6.960428952625031807e-01 1.378693802622921183e-01 8.067382803576835792e-01 4.422496486953329531e-01
3.075126300405933155e-01 6.729113593105864322e-01 1.478244005753041879e-01 7.878136024351213296e-01 4.100358854361522698e-01
3.420009037296043442e-01 6.700778565531352315e-01 1.737557630380095197e-01 7.696571378683930709e-01 3.855541436165717539e-01
3.604500014103089733e-01 6.752608265114536934e-01 1.951798601563216051e-01 7.535833345168637676e-01 3.595517256042057852e-01
3.742821381648678281e-01 6.768766796101741701e-01 2.142712344811747438e-01 7.238500395762617057e-01 3.290295086340416231e-01
3.762911999419806808e-01 6.759173116446540730e-01 2.460973945627906168e-01 7.185985662988266798e-01 2.940082197594576785e-01
3.616486883337414748e-01 6.696245368245350438e-01 2.816931969763818433e-01 7.239768456109165751e-01 2.645469142659512829e-01
3.837979083983468764e-01 6.605804880862881090e-01 3.055866420941474315e-01 6.948461059969522902e-01 2.578003054348541601e-01
4.267089990938832678e-01 6.484998017085916722e-01 3.189802988566324826e-01 6.719218804724023109e-01 2.601331751239051027e-01
4.642070890034071251e-01 6.400035858446958548e-01 3.487011115601162392e-01 6.599582095953497873e-01 2.620162231818658483e-01
4.867733700533136698e-01 6.336422732898697729e-01 3.962906906274773489e-01 6.529951851128189544e-01 2.644709634390244313e-01
4.914696127569494477e-01 6.176685430701625013e-01 4.456825498565006871e-01 6.406192606691333280e-01 2.685426747395979197e-01
4.841980396074185289e-01 5.897186592105528868e-01 4.806355584463476438e-01 6.169427868173962271e-01 2.658538666286923147e-01
4.855550759237226566e-01 5.710868714712095118e-01 5.196090125426716666e-01 5.799059566410582622e-01 2.736179257589986813e-01
5.050356252342013130e-01 5.624678188171261528e-01 5.437142442904512318e-01 5.461007292817343650e-01 3.085919194803273258e-01
5.071135470726427785e-01 5.423541286316893029e-01 5.393539535045204225e-01 4.993143307463628333e-01 3.355622034617056770e-01
5.005737581406005665e-01 5.254361299342664715e-01 5.257427262007535740e-01 4.652230654007859512e-01 3.505921487708733020e-01
4.987510063912465319e-01 4.970968298800503837e-01 5.125885442308166784e-01 4.229706124824869629e-01 3.761864441765363498e-01
5.243155769535994271e-01 4.671843408109522255e-01 5.124834295596972789e-01 4.022821391626855703e-01 4.049845214723819531e-01
5.581851034521750909e-01 4.481968440959283595e-01 5.146607412861170516e-01 4.035343305508983236e-01 4.218965860792931455e-01
5.999855197649898164e-01 4.297692243589914529e-01 5.197644953097162457e-01 4.155439970430116481e-01 4.404104702317254705e-01
6.269688910119844971e-01 4.112494923329215180e-01 5.306511014628298994e-01 4.378943721847894377e-01 4.796673249473855094e-01
6.204388250769545810e-01 3.978475837846067176e-01 5.369385145485531252e-01 4.520163193201155449e-01 5.221781352423804368e-01
6.118478112556847703e-01 3.764017725187350227e-01 5.413666370567418173e-01 4.644462250079432475e-01 5.762543763307922395e-01
6.185470214675627965e-01 3.529914155616049043e-01 5.524234526217302044e-01 4.640703609566733112e-01 6.263002112685560618e-01
6.397543281461385289e-01 3.324065748593111325e-01 5.711686234327271183e-01 4.556349674542569117e-01 6.682529936837872109e-01
6.642418814503427971e-01 3.133923545555259427e-01 5.826525377193035871e-01 4.585444662216016654e-01 7.043545381140063899e-01
6.831960466680269128e-01 2.855938160253588265e-01 5.774059585091398938e-01 4.456596197233538836e-01 7.339935153333431161e-01
7.034473856938014968e-01 2.585582604151655528e-01 5.562535312128796816e-01 4.305884294822603930e-01 7.400624558108902518e-01
7.380219276744077739e-01 2.292693691350214391e-01 5.339042597843669524e-01 4.214924936204513251e-01 7.426810509405546989e-01
7.611241670531035952e-01 2.164871623814738910e-01 5.346725826384542968e-01 3.894409553526933521e-01 7.054696195602117026e-01
7.808707103576262298e-01 2.015524319668484388e-01 5.286213372191252979e-01 3.419008251120246866e-01 6.818209551807836721e-01
7.926555722415685734e-01 1.833625687650555780e-01 5.209275534109325534e-01 2.922892549172192989e-01 6.635667669316701600e-01
8.006687760353088379e-01 1.709942370653152466e-01 5.156961083412170410e-01 2.585555016994476318e-01 6.511546969413757324e-01
