2.099598497152328491e-01 7.175976037979125977e-01 1.506956070661544800e-01 7.852171063423156738e-01 4.764776825904846191e-01
2.436865318620974330e-01 7.091146357136185463e-01 1.634555189769409389e-01 7.881385196934939108e-01 4.634182193751162360e-01
2.849120917661794317e-01 6.875820417165890985e-01 1.754146826869418807e-01 7.879235029871254348e-01 4.494322932697000783e-01
3.186470635558991682e-01 6.746267629696822699e-01 1.629983489382816619e-01 8.056218916155654108e-01 4.281702102268241661e-01
3.255859023837318622e-01 6.735018930351174271e-01 1.444411219640922006e-01 7.806645783598632482e-01 3.967686756035953555e-01
3.480518644999879285e-01 6.740445624953225190e-01 1.690066644295046550e-01 7.549052708897221464e-01 3.727082470318081597e-01
3.626428930913687676e-01 6.783401964930173556e-01 2.042315320035945903e-01 7.329035576394934415e-01 3.502344533696887252e-01
3.750591405916514076e-01 6.830818067844673935e-01 2.334331209302948629e-01 7.167944326564807955e-01 3.369234600222152931e-01
3.879661872486149243e-01 6.901252712784817778e-01 2.697362755174594895e-01 7.029661879494222276e-01 3.230476689941145785e-01
3.916920158731729829e-01 6.985714079716838221e-01 3.139997602304901436e-01 7.052666114713967982e-01 3.040091408588730948e-01
4.013598837320940804e-01 7.019695866571676879e-01 3.507538606842290352e-01 7.107092934895664627e-01 2.854772723963683867e-01
4.240711454618971143e-01 7.002490702761400287e-01 3.794581020601582866e-01 6.973884404702102024e-01 2.700637070569674725e-01
4.518666697457790482e-01 6.862482702839283188e-01 4.043306520192159748e-01 6.677913092157375941e-01 2.544003947218098638e-01
4.646034100580036519e-01 6.568264116889603876e-01 4.251556845706834786e-01 6.428474578119718341e-01 2.459167482287238360e-01
4.704344976598193173e-01 6.308761675001427482e-01 4.457572709313433190e-01 6.211526287334574459e-01 2.523709764557408031e-01
4.879810254349005727e-01 6.089596033038354728e-01 4.684106268554652508e-01 5.970213252887675015e-01 2.723333412567272016e-01
5.038885021501230410e-01 5.904891316023236358e-01 4.892918436010985639e-01 5.674019223833898229e-01 2.929928623765150619e-01
5.195399635767173896e-01 5.680020373053866756e-01 4.961199402970611350e-01 5.400763020821365279e-01 3.131866690986519486e-01
5.377923146901049112e-01 5.455976329475903386e-01 4.981060643158126133e-01 5.175797693946972977e-01 3.310504624341741309e-01
5.654786290503790447e-01 5.225708918561591254e-01 5.061573031153008273e-01 4.952439203947013313e-01 3.491672096366588152e-01
5.598745908530734505e-01 4.998074435932045034e-01 5.250452972950327979e-01 4.620767479341186257e-01 3.782386210578111974e-01
5.523291287087211954e-01 4.935214934156459954e-01 5.179233517869626935e-01 4.294403953226847981e-01 4.096003690831472310e-01
5.805286985888674645e-01 4.764236961856905817e-01 5.289042611988703513e-01 4.162137574120449712e-01 4.360020700852622055e-01
6.119391898534514151e-01 4.576073221907676625e-01 5.414504087520201070e-01 4.184954169614791275e-01 4.643420148380402734e-01
6.377816650862879744e-01 4.407793359487561236e-01 5.517516862905339492e-01 4.258635923548380053e-01 4.842618652894455922e-01
6.694686138997195668e-01 4.169104122122627709e-01 5.640024351184935725e-01 4.350784806310281638e-01 5.035855112635866382e-01
6.997420741436499725e-01 3.965066062693223259e-01 5.755737871658560545e-01 4.402048013805648918e-01 5.143917106832585073e-01
7.394908636213101127e-01 3.786946935014487425e-01 5.920967056024335484e-01 4.397219359562195562e-01 5.248673148465543559e-01
7.639410910063612059e-01 3.628076088843977254e-01 6.034929962850192897e-01 4.338872021860001871e-01 5.602938540771159603e-01
7.551691617954732205e-01 3.450093898357108335e-01 5.989968307052837559e-01 4.353093536604210612e-01 6.013908136029646467e-01
7.428949411867493691e-01 3.198234272547392787e-01 5.904220460392596292e-01 4.394195923304197726e-01 6.347276432686412839e-01
7.310555349454186391e-01 2.917768240558138437e-01 5.769554420531706196e-01 4.416426538772558197e-01 6.586146196590159096e-01
7.207607375667683947e-01 2.607343753339901316e-01 5.562939073041183180e-01 4.353069671641605631e-01 6.802360446932834703e-01
7.215812613932883757e-01 2.319608416927882166e-01 5.346426242360929892e-01 4.094018241748379472e-01 6.978348265714475751e-01
7.339426554782315648e-01 2.111352206780828800e-01 5.220292887034194695e-01 3.679017317755032823e-01 6.989725452592242538e-01
7.465241822259656157e-01 1.924715006133783657e-01 5.123446029717950712e-01 3.232657875405068881e-01 6.784646853966161961e-01
7.786735486862981226e-01 1.797189732086446612e-01 5.143346220435923710e-01 2.848428435881950049e-01 6.622488683574001556e-01
8.006687760353088379e-01 1.709942370653152466e-01 5.156961083412170410e-01 2.585555016994476318e-01 6.511546969413757324e-01
