2.099598497152328491e-01 7.175976037979125977e-01 1.506956070661544800e-01 7.852171063423156738e-01 4.764776825904846191e-01
2.247172461624844797e-01 7.179043753459366517e-01 1.277860802456483036e-01 8.169109680101772630e-01 4.702108019527364013e-01
2.218944106460132015e-01 7.125136583514194433e-01 1.106669904795169190e-01 8.412297019858638869e-01 4.332133637108453450e-01
2.499069779768124666e-01 7.016650575751234298e-01 1.138088780741810524e-01 8.245433517944599222e-01 4.082081965250018984e-01
2.796328449902368285e-01 6.946714624561801665e-01 1.237144475791725623e-01 8.029351054008501132e-01 4.018329384545639149e-01
3.137529997759048728e-01 6.857480035976042387e-01 1.445471723420930776e-01 7.834105191650415634e-01 4.053941804718647623e-01
3.465048794809401089e-01 6.762085303156561977e-01 1.721013047513678951e-01 7.768527801936646604e-01 4.165568549609943716e-01
3.656911304085589953e-01 6.645070001823508710e-01 2.072765674318995943e-01 7.579686103859996082e-01 4.206232755473911511e-01
3.540641319099023243e-01 6.629295416420128984e-01 2.264456632525967961e-01 7.241019653573061987e-01 3.975437264806181981e-01
3.491687733114203773e-01 6.757755854722705680e-01 2.501188373225869399e-01 7.071117933893092955e-01 3.577096966763597674e-01
3.557562177168567819e-01 6.892870582637546928e-01 2.794045797458272196e-01 7.002083937805367864e-01 3.276509367567882469e-01
3.706775149211604670e-01 6.997652034863266479e-01 3.156827138858687154e-01 6.926032497730427728e-01 3.094725357707063251e-01
3.934512098342688446e-01 7.051889064779768290e-01 3.556774938750096315e-01 6.809842955836704625e-01 3.025027778298842729e-01
4.149015541290667075e-01 7.062277709138852222e-01 3.858572158076154501e-01 6.698754160497562005e-01 3.011479329581189801e-01
4.437958043824486443e-01 6.953140585478375657e-01 4.193254736924417192e-01 6.526609564128047491e-01 2.959253244920236892e-01
4.635874935599322288e-01 6.633813650942274043e-01 4.315069540987350738e-01 6.376273192922795596e-01 2.818821593109405166e-01
4.814165651676994839e-01 6.345108212761890742e-01 4.409466141542198736e-01 6.213099044137005977e-01 2.640534861141836664e-01
5.144624408252322922e-01 6.266524306454958060e-01 4.687792968880894473e-01 6.094034850821681282e-01 2.660324840180282036e-01
5.448586423086555497e-01 6.281481872671011990e-01 4.928793877902369891e-01 5.860518826939346004e-01 2.822098644714536864e-01
5.650998181457856928e-01 6.281755328006549677e-01 5.098924705851723971e-01 5.587420128204059200e-01 2.984035181736873765e-01
5.717244069179593380e-01 6.172003704600138585e-01 5.336553170610469632e-01 5.527088745560582161e-01 3.463846785961333108e-01
5.657089995990349784e-01 5.998294915109969594e-01 5.428245064506216355e-01 5.549786539200033397e-01 3.825040516992482820e-01
5.576435742488818903e-01 5.787017265365065333e-01 5.462928182764807961e-01 5.483277788046686529e-01 4.177384610705462409e-01
5.468117442300006736e-01 5.546288593963463187e-01 5.404897670775568042e-01 5.308853558520986171e-01 4.489967412671964087e-01
5.393034590210081802e-01 5.292355873012551948e-01 5.304422519294949012e-01 5.007906727431832294e-01 4.631791641329929821e-01
5.386471732352118291e-01 5.064479004212996127e-01 5.253950147930945835e-01 4.714094513026832467e-01 4.607393676991768383e-01
5.464355643836746879e-01 4.701964449676678814e-01 5.287076281318574544e-01 4.405651481205042908e-01 4.609671457422359064e-01
5.620973225602493573e-01 4.378199014086527896e-01 5.355795155280019815e-01 4.273173965762221416e-01 4.840476029695047755e-01
5.876219656813842507e-01 4.144626719061055842e-01 5.381042818023918928e-01 4.208408317005392085e-01 5.059444725270529908e-01
6.216592634840747422e-01 3.910917369998987425e-01 5.392245906675990907e-01 4.106107418672354514e-01 5.212821802907618984e-01
6.439882790887385688e-01 3.705034319302993318e-01 5.461156498758065192e-01 4.129571535337143717e-01 5.551036592468410191e-01
6.469057702768791218e-01 3.605358356726858782e-01 5.496834321290740011e-01 4.116966910339232566e-01 6.021124440816812973e-01
6.539918873080856621e-01 3.333641320407986219e-01 5.394731746818668405e-01 4.144945195085882883e-01 6.301202815633419885e-01
6.661672422233968494e-01 2.991707967968432746e-01 5.277749541627898555e-01 4.218238675907898805e-01 6.596470932224554051e-01
6.796389875363089139e-01 2.711588215387455980e-01 5.205220955959567464e-01 4.283355071456168006e-01 6.786352858107077557e-01
7.056482109576442951e-01 2.383174075838857819e-01 5.247464899895519785e-01 4.299159514234181523e-01 6.961455179104750757e-01
7.343652160440680143e-01 2.195599881321593505e-01 5.452012580613110337e-01 4.096134089077124174e-01 6.972275986026316152e-01
7.557456788855445584e-01 2.080491992729022743e-01 5.550121807709889055e-01 3.712903277913862654e-01 6.832194760749280560e-01
7.732160302780949346e-01 1.949579327591135780e-01 5.454622397688675406e-01 3.281962624949533724e-01 6.683134563924987281e-01
7.894405867242393349e-01 1.808186861828639802e-01 5.279133154625577085e-01 2.870786441318416427e-01 6.581506575527825698e-01
8.006687760353088379e-01 1.709942370653152466e-01 5.156961083412170410e-01 2.585555016994476318e-01 6.511546969413757324e-01
