2.099598497152328491e-01 7.175976037979125977e-01 1.506956070661544800e-01 7.852171063423156738e-01 4.764776825904846191e-01
2.193524868344522427e-01 7.031965884766774311e-01 1.303435018459747907e-01 8.073177434919768247e-01 4.616921070731430099e-01
2.228831687397459793e-01 6.942799574264171270e-01 1.089653616786915025e-01 8.420590648580057458e-01 4.426135353826652352e-01
2.574124328861363553e-01 6.896373359992254981e-01 1.247249387685136074e-01 8.251954617417803783e-01 4.146927942595298178e-01
2.844660213986786590e-01 6.877211133190779258e-01 1.395466253487957220e-01 8.066218260709212551e-01 4.145466642608805485e-01
3.250606067958554668e-01 6.844663605847826071e-01 1.574212288107433300e-01 7.884444014053573202e-01 4.146946965429545995e-01
3.639073115974034156e-01 6.816103329290772450e-01 1.763853031402448646e-01 7.700643295827344081e-01 4.145136585381111738e-01
3.698391774458087977e-01 6.836070526344741882e-01 2.117993822560216288e-01 7.460719372832352869e-01 4.056578004924933922e-01
3.642697226325734561e-01 6.740153907521408971e-01 2.246419268007243675e-01 7.139302446622799447e-01 3.823992951285003494e-01
3.760267754219700498e-01 6.764680004818314218e-01 2.568505029951888563e-01 6.877469151450749107e-01 3.698050642686298572e-01
3.867369497864465155e-01 6.808120391502349156e-01 2.948792017415602928e-01 6.674117820131575396e-01 3.433761129819395408e-01
3.889058056368951410e-01 6.913030587072224176e-01 3.235798244076776298e-01 6.627632050125440433e-01 3.139190886092669275e-01
4.009799552046158233e-01 7.039004013930434400e-01 3.624593712650000521e-01 6.705155194316464451e-01 3.033284976607755756e-01
4.153379640150050012e-01 7.081434495909897375e-01 4.078274852493328773e-01 6.716063788742027141e-01 3.048862387909995753e-01
4.363241372799804840e-01 6.952882827358615181e-01 4.379354839683683998e-01 6.572261177988157899e-01 2.992699202162927841e-01
4.598453511565461782e-01 6.639976839033912004e-01 4.426538950080188828e-01 6.360378601317694391e-01 2.881194279772633648e-01
4.907940796172823306e-01 6.348383374413241187e-01 4.449255405053989532e-01 6.096667990863001707e-01 2.799402492833172329e-01
5.235177709194006601e-01 6.239718781078178456e-01 4.558668771195539815e-01 5.841441168485155266e-01 2.800624118835549625e-01
5.475118296720321576e-01 6.232064818055986777e-01 4.678080597340392721e-01 5.663221146908470338e-01 2.847187734373965995e-01
5.754086892485370530e-01 6.248081835184570165e-01 4.883209008434881149e-01 5.452805539628133857e-01 2.928655247933928951e-01
5.900008724852113806e-01 6.213748051043288534e-01 5.254717408414878443e-01 5.294318353676015221e-01 3.035129529243251745e-01
5.724658550599373008e-01 6.094349623364511137e-01 5.479145183264815255e-01 5.252080389963185159e-01 3.363080073053357211e-01
5.541580413949083184e-01 5.962641028168190749e-01 5.516254961703564996e-01 5.219915959357652735e-01 3.745908435797525304e-01
5.399297045119965111e-01 5.814684030820512772e-01 5.512630549465119545e-01 5.191219852310200444e-01 4.094636009715494906e-01
5.277605759095482796e-01 5.475844387064180419e-01 5.390397909494606399e-01 4.982117947183074547e-01 4.359732519060701694e-01
5.260248761814665386e-01 5.140208867159193895e-01 5.233363024329039659e-01 4.725414697433878430e-01 4.437825179497900674e-01
5.435534439005710317e-01 4.800009664243352625e-01 5.192075003707252723e-01 4.476058889612793967e-01 4.482630987645377374e-01
5.632606739333813062e-01 4.562680408215818439e-01 5.292024332084340754e-01 4.320656357360327937e-01 4.598795386560540766e-01
5.747716019089637030e-01 4.297391826445755014e-01 5.307387348304452024e-01 4.220118778047300956e-01 4.905995518071078476e-01
6.053394543186911836e-01 4.135691673138265911e-01 5.239407388518010356e-01 4.305251992660076854e-01 5.047214158867482370e-01
6.162999277746724625e-01 4.000906650143500332e-01 5.205532367559363438e-01 4.490838951016301039e-01 5.434182046333895233e-01
6.195634472312134822e-01 3.777386759710180675e-01 5.287306031328835587e-01 4.340764910398501875e-01 5.810029369855899128e-01
6.247421165668621823e-01 3.504899551265016067e-01 5.248866528167419609e-01 4.279194646823204495e-01 6.151850652452556245e-01
6.373782078874100643e-01 3.256570608550890533e-01 5.195835364218570618e-01 4.319742554788919553e-01 6.422202531179830309e-01
6.625625287654109963e-01 2.971085852942483285e-01 5.211226613792848683e-01 4.347404772120460059e-01 6.659572944947681483e-01
6.939032329754826200e-01 2.646838545802616127e-01 5.301543839211059206e-01 4.285513931796400278e-01 6.812248687827180404e-01
7.181879103635276929e-01 2.315879818211714070e-01 5.412109052437193979e-01 4.041619269800344472e-01 6.869592060895487462e-01
7.387199545482278085e-01 2.043545263011532775e-01 5.439528319737954032e-01 3.658446478664464374e-01 6.863276016497634746e-01
7.627734332947752049e-01 1.889482038162259292e-01 5.346129285836864753e-01 3.291607627886843912e-01 6.742490929764837215e-01
7.846473168203182968e-01 1.785848464976277361e-01 5.236937946549986567e-01 2.884061173450215843e-01 6.609185860478741237e-01
8.006687760353088379e-01 1.709942370653152466e-01 5.156961083412170410e-01 2.585555016994476318e-01 6.511546969413757324e-01
