2.099598497152328491e-01 7.175976037979125977e-01 1.506956070661544800e-01 7.852171063423156738e-01 4.764776825904846191e-01
2.438472161475708777e-01 7.286275808968167844e-01 1.676730072710273245e-01 8.169633566684264547e-01 4.757642057056892249e-01
2.779258568243652139e-01 7.083845658918944688e-01 1.900392913457496225e-01 8.155799302562447561e-01 4.535838845645182027e-01
3.026853255289644329e-01 6.915808187497517467e-01 1.982678412344208996e-01 7.878071949237958060e-01 4.178700123667207222e-01
3.447211595353847913e-01 6.799005474298670526e-01 2.149256831656735922e-01 7.605064284133498109e-01 3.832945027467801191e-01
3.894927277684679945e-01 6.760625593282318935e-01 2.433071361990792325e-01 7.247824649588809898e-01 3.670997372950900450e-01
4.094048633331547338e-01 6.704100066662523894e-01 2.761959978527707693e-01 6.911783973311771412e-01 3.611073831644617260e-01
4.284903667894734980e-01 6.592507221884529311e-01 3.314602711059316809e-01 6.582530265829192873e-01 3.529909917791176910e-01
4.515852280954785192e-01 6.417971687843975204e-01 3.750369732480234308e-01 6.382372584159943241e-01 3.487677806556556681e-01
4.752045839133346994e-01 6.141976456562501241e-01 4.133832439115520674e-01 6.025710300668214447e-01 3.540773085044208734e-01
5.126713616698566067e-01 5.869590555795953790e-01 4.515331066005899285e-01 5.659637475040473209e-01 3.663931658994811214e-01
5.696360487573921549e-01 5.727770878786100361e-01 4.920249137100242143e-01 5.468994777984177436e-01 3.706321069882934638e-01
6.064547894583195431e-01 5.677692212473685052e-01 5.182503850563042747e-01 5.293763004110418890e-01 3.684135300906101196e-01
6.545428391043037752e-01 5.556218106124297673e-01 5.475996242408984749e-01 5.029185373557887306e-01 3.713090329109374754e-01
6.906962339199994583e-01 5.224128201302203900e-01 5.656196784777830500e-01 4.758749260266854075e-01 3.943053996497331570e-01
6.995260376161678284e-01 4.756115024427599591e-01 5.722699458847979592e-01 4.547899568851853092e-01 4.317664939598235829e-01
6.989993583587481574e-01 4.341257587895613335e-01 5.769125112781614551e-01 4.400621080465876855e-01 4.753281101030873979e-01
7.020463933320065797e-01 4.024933300538137138e-01 5.770611970467278695e-01 4.345572942601761968e-01 5.291821265099834193e-01
7.084601639090389869e-01 3.730849720912597367e-01 5.694972199938223012e-01 4.336246170086394125e-01 5.891172395456391042e-01
7.146168663497859397e-01 3.474970574475951812e-01 5.646856497233856409e-01 4.353134231906185536e-01 6.351997313272266243e-01
7.193546739894716158e-01 3.126349674049135885e-01 5.607972149355577862e-01 4.447183780609574311e-01 6.839891885089834922e-01
7.110915186705908386e-01 2.615284443232479550e-01 5.498169817798115311e-01 4.654627235887232040e-01 7.244288616013068172e-01
6.686013582274868972e-01 2.300816468931554393e-01 5.307572503325107549e-01 4.431481098264292151e-01 7.258533518137740836e-01
6.913482377906451370e-01 2.114203050811651885e-01 5.363997097943907777e-01 3.897875337762161108e-01 7.154014123622832733e-01
7.331146447384975229e-01 1.910584623989195485e-01 5.310802677836222729e-01 3.495460638248429897e-01 7.066551417047126638e-01
7.727942737190113265e-01 1.792732317737065206e-01 5.220439923237301105e-01 2.961004539627191678e-01 6.740555506184654488e-01
8.006687760353088379e-01 1.709942370653152466e-01 5.156961083412170410e-01 2.585555016994476318e-01 6.511546969413757324e-01
