2.099598497152328491e-01 7.175976037979125977e-01 1.506956070661544800e-01 7.852171063423156738e-01 4.764776825904846191e-01
2.117638578759035162e-01 6.942524057678504112e-01 1.318098705756273747e-01 7.919791012169959954e-01 4.469877109373896484e-01
1.796069120676354602e-01 6.690418657768953947e-01 1.399026783682431052e-01 7.854731884617346394e-01 4.353178691624230434e-01
2.013506223566130238e-01 6.566417663480510480e-01 1.472007879927428875e-01 7.685041888775115959e-01 4.069702484766545281e-01
2.347900337499299883e-01 6.550853790995704307e-01 1.683367713315666592e-01 7.778275770938686273e-01 3.843970339419457982e-01
2.647910768066457643e-01 6.525476859008152442e-01 1.909005243990872791e-01 7.821347607948327951e-01 3.644898843376596642e-01
2.939788869272674798e-01 6.488962000148462694e-01 2.116183992130384883e-01 7.743004856102646549e-01 3.420232414465949056e-01
3.182605503246964118e-01 6.439379356986718594e-01 2.284163089963035798e-01 7.472462417279179814e-01 3.202779987546139906e-01
3.385779928122210070e-01 6.379471349697692917e-01 2.410205932577375865e-01 7.248173174281398179e-01 3.137181264199469521e-01
3.713790420875371368e-01 6.284239145013768013e-01 2.605265690930367861e-01 7.034164133866642743e-01 3.166137522632988532e-01
4.049995660808967668e-01 6.210332549801186319e-01 2.819625497113219526e-01 6.925906976893687617e-01 3.318939217078735737e-01
4.239322189923656614e-01 6.267485538342630891e-01 3.241941954816879301e-01 6.901872318114906646e-01 3.515210983939384137e-01
4.103284894869278498e-01 6.367884797191618595e-01 3.507403654290220385e-01 6.769447498076887060e-01 3.286686753279075002e-01
4.049477372598891955e-01 6.387227806906234928e-01 3.619625181786102486e-01 6.487747434258842594e-01 2.976977182679758638e-01
4.112404301229530268e-01 6.302032832758969194e-01 3.676694357599675778e-01 6.189336229089061892e-01 2.767544154573772786e-01
4.199138504310612197e-01 6.164879831354187489e-01 3.824321257748590774e-01 5.805241452983365136e-01 2.675014176106173536e-01
4.336479141760987144e-01 6.047514400772387999e-01 4.068827579331674160e-01 5.482154925077911134e-01 2.762164961876962255e-01
4.549993795747812042e-01 5.903426882218283378e-01 4.227252631333401900e-01 5.260428549819793353e-01 2.920170497346051275e-01
4.742108548105585797e-01 5.772235894446260396e-01 4.313982251889063591e-01 5.030710128982012197e-01 3.157580186407587530e-01
4.858495328461470697e-01 5.629176646061556655e-01 4.388768187773189888e-01 4.814412815437286719e-01 3.426909985894810995e-01
4.954459102761395450e-01 5.437508961322334855e-01 4.466455154028186048e-01 4.751975176265100242e-01 3.752196603371434902e-01
5.002781547153243302e-01 5.290184303397530430e-01 4.503428718516754303e-01 4.934793696779071204e-01 4.104208870161383249e-01
4.954143601929254515e-01 5.066089916487810374e-01 4.616385584727382141e-01 4.946256121731922861e-01 4.402330058146510239e-01
4.882930754364456227e-01 4.734702722974290512e-01 4.813191206037630843e-01 4.868176057821365643e-01 4.707128311934207221e-01
4.937975040935584925e-01 4.423243360582511663e-01 5.050395177236822741e-01 4.796809192016540657e-01 4.928701448320924050e-01
5.117869477361610686e-01 4.170982965799856501e-01 5.265239432381010332e-01 4.824114368125133612e-01 5.163926981465742916e-01
5.196881695319282013e-01 3.994204216600747426e-01 5.309198453504816451e-01 4.930153892528466031e-01 5.461018435799243065e-01
5.157856262504431077e-01 3.802049873518512646e-01 5.265322179468537866e-01 5.003696627717953982e-01 5.849380648990464282e-01
5.095009664233739466e-01 3.619934314006051368e-01 5.271066113616308391e-01 4.979227491552258300e-01 6.236470736572553575e-01
5.131393305753050305e-01 3.428552189279970297e-01 5.288136989211345007e-01 4.879581959580956418e-01 6.584669074729436744e-01
5.404665900423628599e-01 3.407729285781731510e-01 5.190390797864614658e-01 4.605827075479824728e-01 6.426570924903770576e-01
5.450879535650026142e-01 3.488666507963282259e-01 5.057019795763023629e-01 4.454188877031460270e-01 6.108108488891991206e-01
5.316063559538968253e-01 3.456992735004990602e-01 4.781649032168314717e-01 4.278700933173688603e-01 5.823319973900852320e-01
5.104663164751808146e-01 3.194296534979910174e-01 4.514615852634593640e-01 4.211405947349937118e-01 5.881312533234942519e-01
5.093200313871447671e-01 2.907185790694929439e-01 4.463233397844637018e-01 4.239995563090861452e-01 6.154458948730433532e-01
5.251758468906309041e-01 2.682503820260667693e-01 4.555404776057447314e-01 4.242745667892284800e-01 6.457943307632837415e-01
5.474372455437098717e-01 2.532571667616941857e-01 4.694255978130858487e-01 4.194297418019621859e-01 6.718110102674578199e-01
5.717859458853381538e-01 2.387809531540479591e-01 4.839951176140471767e-01 4.121369380762870960e-01 7.003119536625043162e-01
5.982173045655501120e-01 2.251767949622235088e-01 4.973589725502798320e-01 3.994290549551727798e-01 7.254076339701670539e-01
6.342782489963582071e-01 2.158226137302656500e-01 5.097475273473321966e-01 3.750605197070044361e-01 7.318872383548056249e-01
6.739015459859009072e-01 2.063182430107666776e-01 5.153494607047688358e-01 3.482504385757764775e-01 7.211056583552248878e-01
7.098435437768418899e-01 1.965790103891612850e-01 5.159868374736061858e-01 3.229444807401162798e-01 7.025629108753159713e-01
7.410721359748583259e-01 1.877821547936217028e-01 5.158868755875785084e-01 3.008055099001025745e-01 6.848871383102338450e-01
7.756839779873578866e-01 1.780322635993932812e-01 5.157760840096384802e-01 2.762680425632765835e-01 6.652964041653131044e-01
8.006687760353088379e-01 1.709942370653152466e-01 5.156961083412170410e-01 2.585555016994476318e-01 6.511546969413757324e-01
