2.099598497152328491e-01 7.175976037979125977e-01 1.506956070661544800e-01 7.852171063423156738e-01 4.764776825904846191e-01
2.322093335779905621e-01 7.103249691312383263e-01 1.340707501313098127e-01 8.010334545523487559e-01 4.355044813702536599e-01
2.609364426308761753e-01 7.089891083489280321e-01 1.452926237193334635e-01 7.930221919351833071e-01 3.970321709417015676e-01
2.905214028397273829e-01 7.082264807494255132e-01 1.697380012476996380e-01 7.677759908213155349e-01 3.707563940341967457e-01
3.108386984434578504e-01 7.073932456467463270e-01 1.891456282372439568e-01 7.473103803043379401e-01 3.550770157684789985e-01
3.353529581350054856e-01 7.025709552737126051e-01 2.187872242441318837e-01 7.331128240446110889e-01 3.296316600624378257e-01
3.647298482656569085e-01 6.963109200569098656e-01 2.438819343036915943e-01 7.212361443364404545e-01 3.058519974983644474e-01
3.889574496171848139e-01 6.895201726370727702e-01 2.589275510618481158e-01 6.993592133089500118e-01 2.927309530390385661e-01
4.045465570877906925e-01 6.767366706941736476e-01 2.809200125416478899e-01 6.579930244580695087e-01 2.884998683900688587e-01
4.167470554027937757e-01 6.669608205750626739e-01 3.145879448706641046e-01 6.315844136925894414e-01 2.815492079990268293e-01
4.381617968385436712e-01 6.638163116840235523e-01 3.631531199250392361e-01 6.284281757095802057e-01 2.592311525143931594e-01
4.682602629700347574e-01 6.618842086261055302e-01 4.108535202866832603e-01 6.345816668549104644e-01 2.458927567223836430e-01
4.936109611058212554e-01 6.571225780284416507e-01 4.496429621032893009e-01 6.398188857899107518e-01 2.553529353349475173e-01
5.005848088256650286e-01 6.445433475476246565e-01 4.836984186365856364e-01 6.343706460505806888e-01 2.772308693590096462e-01
4.932053578639818414e-01 6.135054359902347709e-01 5.065183801250615625e-01 6.114200137569287818e-01 2.952899351869362476e-01
4.810092045160409002e-01 5.821729343402086698e-01 5.074335919114942861e-01 5.819883548353504965e-01 3.105661872593447614e-01
4.733765953676734028e-01 5.602438380171554932e-01 4.993580289532501548e-01 5.545859932763501643e-01 3.351310399253653038e-01
4.728841641490554304e-01 5.416082178263778024e-01 4.894803223493146005e-01 5.275025309739123092e-01 3.775114572743030195e-01
4.896681783563893720e-01 5.250703816798782952e-01 4.848301698224850576e-01 5.056031964653266986e-01 4.178253715264800827e-01
5.369335965958319523e-01 5.106199997104693411e-01 4.969230891328203503e-01 4.910429884017968871e-01 4.299050821802132827e-01
5.829137557027137539e-01 5.012347267762746750e-01 5.209287433910900766e-01 4.790731495237503523e-01 4.284213033851819175e-01
6.102729278256566747e-01 4.826759109052023433e-01 5.383758450179072508e-01 4.569013662488539684e-01 4.324371782664021002e-01
6.462207556898033056e-01 4.558752260805938872e-01 5.590112830188608273e-01 4.476165047216823512e-01 4.414265775478837250e-01
6.618120055750009723e-01 4.184581957994029100e-01 5.690063794729344204e-01 4.452214861830170456e-01 4.652625249762707971e-01
6.584513178037797454e-01 3.808865460966720518e-01 5.753880033186605791e-01 4.472167993267827102e-01 5.022435242615400641e-01
6.480126036798483646e-01 3.532711450102442585e-01 5.788172005151882571e-01 4.477711331521972982e-01 5.406360040495302721e-01
6.652886825746719968e-01 3.398822854859599452e-01 5.853148031609946011e-01 4.440602926567088771e-01 5.853828128119412666e-01
6.908018424273560942e-01 3.354756883988034288e-01 5.934666010237685807e-01 4.430457111353125477e-01 6.162545115181355948e-01
7.265447079645057649e-01 3.198594702772531440e-01 6.059173354508612386e-01 4.487122225814537679e-01 6.603812010301836066e-01
7.316455367558033496e-01 2.898632151862736150e-01 6.058419985003136166e-01 4.476425217343911189e-01 7.040076912125036168e-01
7.164980914436639425e-01 2.644069184478287649e-01 5.969529647641632630e-01 4.427021343056413705e-01 7.326138552196372888e-01
7.045960672780974265e-01 2.308283351826586616e-01 5.690025131170126649e-01 4.394801215283472562e-01 7.511760645354969013e-01
7.308590239264939337e-01 2.069338136088876012e-01 5.436575984673089890e-01 4.112983682754794978e-01 7.459557049281855257e-01
7.613007833148175418e-01 1.928959678303281133e-01 5.327771898210228452e-01 3.925006522457930580e-01 7.182818508503631127e-01
7.730712003168440649e-01 1.865071552733644222e-01 5.257975046033306343e-01 3.471056219886606842e-01 6.875424837334329631e-01
7.889943470290311511e-01 1.775565693566582004e-01 5.199692385150179730e-01 2.960143025506435932e-01 6.665475936919124100e-01
8.006687760353088379e-01 1.709942370653152466e-01 5.156961083412170410e-01 2.585555016994476318e-01 6.511546969413757324e-01
