2.099598497152328491e-01 7.175976037979125977e-01 1.506956070661544800e-01 7.852171063423156738e-01 4.764776825904846191e-01
2.499814432845998968e-01 6.949187752103229698e-01 1.369650123783269779e-01 8.059309757495892734e-01 4.774421568181884123e-01
2.884418612856791686e-01 6.724767063376300147e-01 1.192199903272682382e-01 8.450840571123821032e-01 4.737429854310277744e-01
3.083861116834542559e-01 6.441541478211386673e-01 1.201266504346000519e-01 8.302298223189538140e-01 4.339720438446948436e-01
2.923269100405341270e-01 6.337364331276826857e-01 1.348799110656514477e-01 7.859572075044914952e-01 3.933601588712997144e-01
3.042636740298180209e-01 6.312574597607056859e-01 1.688894611999881834e-01 7.436881807600316252e-01 3.545801475946250281e-01
3.213087675884219174e-01 6.480102111848113910e-01 2.024899410231463248e-01 7.266398850226385431e-01 3.308994374220604606e-01
3.376667432630328647e-01 6.625427530603871240e-01 2.470808740775765067e-01 7.015149486563745374e-01 3.096560455052036476e-01
3.609687199539691749e-01 6.599119700162653368e-01 2.918389572832418843e-01 6.693854626196318325e-01 3.073386733991235187e-01
3.869636978784113945e-01 6.722714201117580002e-01 3.266700812648004604e-01 6.691691155903461974e-01 2.675442991761204925e-01
4.124595695336624179e-01 6.802042546078165275e-01 3.710627389075719096e-01 6.510494429202028366e-01 2.451928676384727002e-01
4.425248441733060645e-01 6.755406494761828640e-01 4.276143768518028687e-01 6.241715267576750659e-01 2.363661888115119736e-01
4.573980762410637113e-01 6.387992931580163125e-01 4.551844602368383397e-01 6.087368528470641360e-01 2.253165315138373481e-01
4.715023359145176229e-01 5.890556147446143198e-01 4.789511488545294404e-01 5.827468230049727138e-01 2.250582012386864728e-01
4.853195900714563082e-01 5.615110894486704529e-01 4.964599276979108633e-01 5.529248290033964564e-01 2.495375168484588457e-01
4.967231402771472570e-01 5.335593911342687568e-01 4.947045243674826898e-01 5.200617886155998182e-01 2.899778418980724082e-01
5.075328182707734559e-01 5.233479219335236410e-01 4.801628051983116707e-01 4.937990549459692624e-01 3.275090681343003074e-01
5.642483398861019017e-01 5.210955133345696044e-01 4.780456812718046899e-01 4.821850319917395655e-01 3.607844949812696322e-01
6.231759436638593108e-01 5.220577630177150041e-01 4.958429478234339105e-01 4.850127104230344544e-01 3.595646424282836762e-01
6.701783293014376142e-01 5.243549011025656625e-01 5.357074933348974222e-01 4.867484980534459438e-01 3.737823438603534165e-01
6.682285013644212457e-01 5.219790588223988115e-01 5.551275526443857355e-01 4.869680452805474902e-01 4.282654489121919816e-01
6.570238880176251239e-01 4.995928358030989336e-01 5.641269603787499864e-01 4.735685657306514806e-01 4.711388193520502643e-01
6.379590680860877105e-01 4.624160842553772799e-01 5.620434612514215722e-01 4.716557649738976066e-01 5.080479626518532577e-01
6.238386364993349087e-01 4.184698726842957517e-01 5.523541759150347730e-01 4.871845013745499386e-01 5.473640559352633828e-01
6.265444767890445688e-01 3.874908709619712122e-01 5.464403223660033726e-01 5.086094987934447476e-01 5.892060390592575025e-01
6.304916892912825199e-01 3.639030783697708715e-01 5.479769039863492397e-01 5.261575429673145399e-01 6.422777784365242271e-01
6.244255901373439999e-01 3.393106111926240120e-01 5.577436284493419993e-01 5.266414407357562499e-01 7.027095719662884710e-01
6.425650519813579375e-01 3.110514543743595484e-01 5.730598801446564750e-01 4.993662398984888839e-01 7.392296430150129272e-01
6.978947636279505540e-01 3.005632246023223764e-01 5.942543222903500233e-01 4.855662688619915013e-01 7.259558516790436400e-01
7.147100851486620776e-01 2.547186807803439312e-01 5.672595394575368211e-01 4.455499357889066703e-01 7.189426860115183393e-01
7.184652112479414932e-01 2.267265848165583020e-01 5.433033070748303217e-01 4.073112993804987036e-01 6.995423875729177565e-01
7.546628727334435682e-01 2.006708013083198516e-01 5.157347155175713294e-01 3.626515448502464767e-01 6.807403110888032849e-01
7.821099810740522740e-01 1.826938620345199549e-01 5.137187672262297777e-01 3.032635737006059706e-01 6.645067657398247007e-01
8.006687760353088379e-01 1.709942370653152466e-01 5.156961083412170410e-01 2.585555016994476318e-01 6.511546969413757324e-01
