2.099598497152328491e-01 7.175976037979125977e-01 1.506956070661544800e-01 7.852171063423156738e-01 4.764776825904846191e-01
2.368624918067379626e-01 7.123536660930812614e-01 1.393690048957714755e-01 8.016845552141722564e-01 4.713056947587073164e-01
2.723537013225275638e-01 7.011309230493590894e-01 1.281034523874295117e-01 8.247944125081128064e-01 4.659583671321685938e-01
3.042021658096267789e-01 6.863077860790272045e-01 1.135205544933353683e-01 8.354482596775369974e-01 4.552017210162416228e-01
3.117975610569333478e-01 6.729691891801395931e-01 9.455552538056696821e-02 8.189553200416145318e-01 4.366990978495097209e-01
2.769481039743831308e-01 6.671266941800824135e-01 8.679562856798156423e-02 8.050639631540283947e-01 4.272522184418400260e-01
2.403062114728795606e-01 6.629527464882722931e-01 8.454021249373455671e-02 8.021226039139423003e-01 4.237923255683940793e-01
2.088492841232179875e-01 6.536662631590628436e-01 8.665130552071177716e-02 8.109160346571837596e-01 4.247440678725560304e-01
2.267104452150873473e-01 6.364922464350183384e-01 1.239860312453569396e-01 7.998330369180368660e-01 4.095890831246056241e-01
2.457977035863153636e-01 6.329776653993978153e-01 1.468446432620490183e-01 7.761833674789915261e-01 3.971952320207156606e-01
2.785812160003855453e-01 6.307609907419181594e-01 1.659619009752204000e-01 7.628425900774262747e-01 3.917223145058683076e-01
3.131914804492227367e-01 6.319887420556327129e-01 1.853752761655919068e-01 7.555899573000245395e-01 3.874076076806546864e-01
3.462952618100229585e-01 6.407516881668033903e-01 2.110708343642088980e-01 7.513579829043882663e-01 3.793223981473525241e-01
3.646907356536907563e-01 6.530520697245120187e-01 2.341154923584969350e-01 7.477976687446457049e-01 3.678276583895856988e-01
3.820980108097802863e-01 6.665360721427876500e-01 2.611927398684902313e-01 7.375978687061428563e-01 3.496331817086828497e-01
3.988056193750911804e-01 6.743581134501742680e-01 2.860828089974333244e-01 7.193436017862355758e-01 3.304529359949459066e-01
4.163671680553221455e-01 6.776283941614936746e-01 3.101612167102192341e-01 6.975315279763871779e-01 3.154345112695962072e-01
4.324211877109699897e-01 6.788721049912133099e-01 3.352430998727218281e-01 6.770981238909552502e-01 3.066019133731330282e-01
4.487638621082423729e-01 6.778103023848786046e-01 3.673542683964763356e-01 6.558309845376981695e-01 3.018195968288108766e-01
4.649936349345044628e-01 6.713289327188157740e-01 4.068294694084972907e-01 6.353372962192627149e-01 3.028811062600337833e-01
4.764751422296311101e-01 6.598389026654085665e-01 4.334682751391724653e-01 6.176622757147515186e-01 3.143939715224128850e-01
4.872371222725466189e-01 6.460329313648797145e-01 4.489115331661531760e-01 5.931943867827558226e-01 3.351276536141027385e-01
5.011025015587158293e-01 6.328038438897308771e-01 4.602072078995581572e-01 5.699042923611377098e-01 3.533030593960205801e-01
5.242883988740417722e-01 6.154602425810429267e-01 4.790768834055697534e-01 5.512931678138056624e-01 3.685857278943306392e-01
5.406693299296420063e-01 5.968231758536086673e-01 4.966210573019320118e-01 5.430695869772677042e-01 3.827552087157886085e-01
5.384943536965953736e-01 5.706853863929562953e-01 5.102920578753875613e-01 5.311958394514799675e-01 4.086899491737807089e-01
5.242832944450286359e-01 5.500068739907570947e-01 5.152335314509257636e-01 5.190930939096574104e-01 4.303316395199369149e-01
5.141106784180226041e-01 5.214707038676126283e-01 5.220791315279738054e-01 5.032732925766567611e-01 4.528953388246826917e-01
5.190405977038636820e-01 4.925576508875291748e-01 5.287929705194938101e-01 4.877330527310085873e-01 4.677454311088519168e-01
5.327527817115563780e-01 4.661638094670739751e-01 5.345384395735759409e-01 4.723761869033349381e-01 4.786606687133923566e-01
5.547999193476625956e-01 4.366687059879825195e-01 5.420035530808398061e-01 4.558977745400388804e-01 4.936919473532755398e-01
5.770328475886802311e-01 4.108938690537651262e-01 5.479034389275023731e-01 4.469121969789339732e-01 5.124383218415397012e-01
5.950134130501005814e-01 3.870578779411801840e-01 5.493919302243529534e-01 4.438628692226678218e-01 5.323405261654962084e-01
6.147324641469764650e-01 3.623483985405038243e-01 5.495096573044887522e-01 4.420072297676181372e-01 5.568940560217047198e-01
6.397904863274267440e-01 3.404609990766908068e-01 5.519710559314294773e-01 4.392779327107723120e-01 5.858115908392573790e-01
6.616701717863479049e-01 3.229889116829020579e-01 5.562865028445809212e-01 4.345198808686622782e-01 6.093342549130486008e-01
6.865160626840659530e-01 2.958177516154721909e-01 5.609911077202354157e-01 4.234340150314177542e-01 6.352984702362729497e-01
7.037538024173662921e-01 2.669721531020124994e-01 5.616776635054384625e-01 4.056252247587306958e-01 6.503813675015713835e-01
7.223936176124260422e-01 2.362733305045730259e-01 5.573942448937350136e-01 3.776850429104318119e-01 6.579948769218022520e-01
7.465400179928874946e-01 2.130196293411307784e-01 5.472822324261926719e-01 3.456908353927152788e-01 6.569611339967275088e-01
7.699192746771141849e-01 1.971742673201120066e-01 5.350342172708525412e-01 3.168575227760065394e-01 6.526677376856075963e-01
7.878973810475016215e-01 1.818677632172328584e-01 5.237279337871214580e-01 2.827704680197963283e-01 6.517831182205416907e-01
8.006687760353088379e-01 1.709942370653152466e-01 5.156961083412170410e-01 2.585555016994476318e-01 6.511546969413757324e-01
