2.099598497152328491e-01 7.175976037979125977e-01 1.506956070661544800e-01 7.852171063423156738e-01 4.764776825904846191e-01
1.793465389414116984e-01 7.126381424653978058e-01 1.382081523915351107e-01 7.855828176023642584e-01 4.630012289228859768e-01
1.628031532011590121e-01 6.877760607355026812e-01 1.322845077812455639e-01 7.692417167664004074e-01 4.440802282285462588e-01
1.907267386646809837e-01 6.683638741786834814e-01 1.503050984491048903e-01 7.624633371604006005e-01 4.386934928551728397e-01
2.034256716046658198e-01 6.494223059017082411e-01 1.559331717057568512e-01 7.678205799463743153e-01 4.096547355723865746e-01
2.333318696324165054e-01 6.453477841435822926e-01 1.646187448926302033e-01 7.716447830785523321e-01 3.918564314469352161e-01
2.606851360228444880e-01 6.436823650069324332e-01 1.746251059585936793e-01 7.733620943242413004e-01 3.804574706170716358e-01
2.976044799911347627e-01 6.410542563891554746e-01 1.913936244709497636e-01 7.729919440394735775e-01 3.642276151485056568e-01
3.248311453848898300e-01 6.363294535721422118e-01 2.134654994189197907e-01 7.662380963444461734e-01 3.491815514357962114e-01
3.377808481187348222e-01 6.267647309976855929e-01 2.435257844575550445e-01 7.539017449528907511e-01 3.396701581032436912e-01
3.499114019251942653e-01 6.181384301917084434e-01 2.719790840935718546e-01 7.429555124399027655e-01 3.377024590240938484e-01
3.767538054734531072e-01 6.145973870825293117e-01 2.978205675426446319e-01 7.316995242810030442e-01 3.339444541319342985e-01
4.009253515100623666e-01 6.139227018500059696e-01 3.187993380721197978e-01 7.197643888946508861e-01 3.238616634081441514e-01
4.160793899157111397e-01 6.163110250137684432e-01 3.482642035406207648e-01 6.945146890946527485e-01 3.043398165460234894e-01
4.125224525048584168e-01 6.201746175647478987e-01 3.694673436792644261e-01 6.641175062411914798e-01 2.907022614643666181e-01
4.126963890294184645e-01 6.206450265712083469e-01 3.871975245221369599e-01 6.231873774362067797e-01 2.846942456792772580e-01
4.263820155047279847e-01 6.149625010160459926e-01 3.978684689394025864e-01 5.835705898300054262e-01 2.908702152147313313e-01
4.390627421366731786e-01 6.087313903409000693e-01 4.030263630269813047e-01 5.574452926729384084e-01 3.012955693735628881e-01
4.591738314136988852e-01 5.983805704945641679e-01 4.098343937796803393e-01 5.303945763972405247e-01 3.222047786660622304e-01
4.802345388592901831e-01 5.860228813075140097e-01 4.173157523618268860e-01 5.161729831565865512e-01 3.501795852602980208e-01
4.913552572913409966e-01 5.690417461041188396e-01 4.244466369103239711e-01 5.097068643553223088e-01 3.846148431915525356e-01
4.907846055356709369e-01 5.521689847138370189e-01 4.348530543111479019e-01 5.065822996458866356e-01 4.113359024299898525e-01
4.947440406861005613e-01 5.349355977812962903e-01 4.580551745820539145e-01 5.073077765765033886e-01 4.344350590437330850e-01
5.100537608635778986e-01 5.213274461084711486e-01 4.866421311098874658e-01 5.084362221237193058e-01 4.499251406603020365e-01
5.285567534322472838e-01 5.081473057121707049e-01 5.108936281013151115e-01 5.031084605781797059e-01 4.601913084801282361e-01
5.464552367304090774e-01 4.865138701630783435e-01 5.294049219298484488e-01 4.846239168894471705e-01 4.720787126115749133e-01
5.522222729322904256e-01 4.572097142299174077e-01 5.296034825256525913e-01 4.597191098872902559e-01 4.877512429232004898e-01
5.525583095803007216e-01 4.286508664146733150e-01 5.175190301446425112e-01 4.414225649697026688e-01 5.026303986339664132e-01
5.575305843855188348e-01 4.026083554901822570e-01 5.044070513904452824e-01 4.302212374347571533e-01 5.150107010716051814e-01
5.708508835197627640e-01 3.688194416253292585e-01 4.914108706582067110e-01 4.242812867274259880e-01 5.316816921543371377e-01
5.769062583077213535e-01 3.347623608163534104e-01 4.826543983877166766e-01 4.289518872455115872e-01 5.535457977539280927e-01
5.733982504424558480e-01 3.058869769753073120e-01 4.795913430279973300e-01 4.372806312833604769e-01 5.805193870649051346e-01
5.718999100107096112e-01 2.855361724666327095e-01 4.824525196035971963e-01 4.404191004386351915e-01 6.104466691087645502e-01
5.702536424632327350e-01 2.686662950596444555e-01 4.775616217919656514e-01 4.385812842902701014e-01 6.443477630240918019e-01
5.810265647900231256e-01 2.567545504645777910e-01 4.712625591818395687e-01 4.385677944783769044e-01 6.790185875231660173e-01
5.925852174694811181e-01 2.432615019644209231e-01 4.975261235102878543e-01 4.514872404900087122e-01 7.038022086130087951e-01
6.176042519169673284e-01 2.363299430147259017e-01 5.254583727883975763e-01 4.527120784002536813e-01 7.060497259569561423e-01
6.179465410919845469e-01 2.274227083953782036e-01 5.065788099404060496e-01 4.242934358914836057e-01 6.863909111301804700e-01
6.284268906294981916e-01 2.116534458853142342e-01 4.906697850479261325e-01 3.946678114411131810e-01 6.730710084010842476e-01
6.516192208512845419e-01 2.038873838332491417e-01 4.915877262496987088e-01 3.731879031974588701e-01 6.687047894160681460e-01
6.838114125519484388e-01 1.972879295283021805e-01 4.967390666759938234e-01 3.490164106316432369e-01 6.645355901577760793e-01
7.140748930080043078e-01 1.910054716738752156e-01 5.018918938179814937e-01 3.262545143272613801e-01 6.610196983941398763e-01
7.427696554128914164e-01 1.845252363216478286e-01 5.065435361761414512e-01 3.040121393629328095e-01 6.577430671659816319e-01
7.772012388404457850e-01 1.764785902803225059e-01 5.119864090331169848e-01 2.769798805786704010e-01 6.538250798701207289e-01
8.006687760353088379e-01 1.709942370653152466e-01 5.156961083412170410e-01 2.585555016994476318e-01 6.511546969413757324e-01
