2.099598497152328491e-01 7.175976037979125977e-01 1.506956070661544800e-01 7.852171063423156738e-01 4.764776825904846191e-01
2.338162921016817830e-01 7.124625772033865712e-01 1.365852851432910187e-01 8.060635391382635628e-01 4.718013068004116017e-01
2.593246928469465917e-01 6.860788485213511478e-01 1.176148441696185654e-01 8.061948691362850195e-01 4.534491858632193617e-01
2.609428223157514437e-01 6.546637692791803520e-01 1.102591709179256280e-01 7.759182418225861744e-01 4.324894025728154290e-01
2.750709887216526983e-01 6.432661262109840017e-01 1.075396879848552617e-01 8.090725580313795628e-01 4.106014042729791980e-01
3.043317810005664037e-01 6.513140117799380846e-01 1.284968455466189985e-01 8.221374519935247260e-01 4.043715096746478554e-01
3.334010106792061334e-01 6.558192324435173637e-01 1.512882101875105967e-01 8.164944532451353654e-01 3.786026631937805531e-01
3.542791179394667034e-01 6.527338536087933241e-01 1.727958853212173407e-01 8.081529459670857563e-01 3.486518991964380754e-01
3.716453610320712420e-01 6.415609481387291035e-01 2.030691291269726972e-01 7.998187110281564927e-01 3.294284070334647097e-01
3.886959444005712028e-01 6.312411369129358185e-01 2.374936514025630108e-01 7.890263752601974767e-01 3.200352677684613623e-01
4.065493206717196162e-01 6.308719604709687179e-01 2.708453666336202992e-01 7.749754074159773687e-01 3.126179650864802095e-01
4.120674849788967253e-01 6.385188295562593819e-01 3.091204013960154873e-01 7.508125193300885236e-01 3.064339585197518034e-01
4.087133617978574440e-01 6.433062687393461543e-01 3.293719429380720376e-01 7.267236339203108075e-01 3.022591538113997278e-01
4.137226948463592069e-01 6.457424012717069006e-01 3.621524567712848253e-01 6.908452555553211694e-01 2.948485741959312456e-01
4.300860878073693994e-01 6.415032932940903931e-01 3.963246824574038762e-01 6.608394308223398683e-01 2.789170834761049989e-01
4.580658997499327811e-01 6.335482055319880956e-01 4.219012857732317157e-01 6.511537019257293002e-01 2.601170077618636389e-01
4.930776421174166146e-01 6.297282100361837331e-01 4.435932213175715622e-01 6.484445904952447215e-01 2.482169712946926676e-01
5.257948538657311044e-01 6.295791753004498226e-01 4.598046659122861923e-01 6.406062645373933329e-01 2.434003003617593863e-01
5.628054103012606335e-01 6.320958101484055458e-01 4.759084790669179110e-01 6.227788658819528589e-01 2.427636035116670365e-01
5.980522797202398877e-01 6.384198985436566609e-01 4.941789906016362255e-01 5.933239306890917275e-01 2.515050306034105621e-01
6.036211412233167817e-01 6.442692304834539696e-01 5.103386543320203028e-01 5.655067500160066984e-01 2.845189746962455968e-01
5.778487083125167789e-01 6.403242604471036659e-01 5.128534547056992077e-01 5.576225571480493137e-01 3.184962785091238202e-01
5.583925666904825391e-01 6.286967429404304308e-01 5.174487061383182818e-01 5.438248874014767198e-01 3.464533535872860170e-01
5.438301917289317666e-01 6.027783081791451281e-01 5.290741567710746107e-01 5.215530809001673873e-01 3.805810179910498192e-01
5.199848809149536510e-01 5.828416522275857714e-01 5.300712998611195603e-01 5.109278047440322101e-01 4.014364877851236413e-01
4.857618880938054939e-01 5.619790804571218601e-01 5.190705267152233571e-01 5.026039284625454240e-01 4.236380788002271913e-01
4.652285954725171035e-01 5.342298257124272753e-01 5.042887840310867897e-01 4.957262994256286803e-01 4.450661816006622473e-01
4.671821222181570255e-01 4.976681923898603754e-01 5.009661990073756010e-01 4.860900318220582883e-01 4.672490883769184200e-01
4.917001840790825029e-01 4.638191579359083327e-01 5.109347120674364584e-01 4.722087395339257809e-01 4.857468635445668093e-01
5.167972485289643592e-01 4.368828191165272656e-01 5.181899799639601012e-01 4.595717814886735586e-01 5.016260655213676811e-01
5.358169572950318704e-01 4.051563192306261163e-01 5.152151462250955660e-01 4.483897485076466793e-01 5.289203939757662898e-01
5.417646804740975375e-01 3.775686099685151009e-01 5.022836363415171812e-01 4.418793651297951985e-01 5.580866192956457361e-01
5.700275540018185927e-01 3.518692758149082334e-01 4.902996887183074248e-01 4.318546587653040447e-01 5.760354278971941966e-01
6.123781497013089936e-01 3.550632056964026506e-01 5.117017818808506924e-01 4.375445697814792090e-01 5.745687828510185335e-01
6.394343681896270670e-01 3.514154846278335631e-01 5.306002967068980114e-01 4.552546908649880986e-01 5.913055578685908475e-01
6.644524384798855543e-01 3.310638725363519441e-01 5.399095227473107439e-01 4.647924190033287939e-01 6.180816927008604411e-01
6.739281657082867305e-01 2.970527736166346244e-01 5.318696999568934825e-01 4.635105681263005373e-01 6.488561857706717229e-01
6.705322578391106347e-01 2.616308226945866511e-01 5.159011925747822858e-01 4.544110384431253591e-01 6.734791617838062905e-01
6.537088691387508144e-01 2.354599613838120054e-01 4.979560188662028875e-01 4.413962655317515416e-01 6.883924212137186860e-01
6.656026984084451037e-01 2.100207103924277563e-01 5.022080346077214541e-01 4.129195240753200102e-01 6.908108232342135002e-01
7.111257462205279323e-01 2.063829753751185991e-01 5.045558164440248072e-01 3.996891337710785641e-01 6.832197973107438926e-01
7.410884510009480008e-01 2.034169157778714376e-01 5.005235544642883116e-01 3.715676399947158703e-01 6.705493032593698999e-01
7.663493235770212353e-01 1.941270762563887253e-01 5.052029169680243292e-01 3.299738347447577214e-01 6.599876954533300255e-01
7.858737496152599089e-01 1.809667436901994664e-01 5.111725209155230099e-01 2.893437587546981438e-01 6.549625795558042807e-01
8.006687760353088379e-01 1.709942370653152466e-01 5.156961083412170410e-01 2.585555016994476318e-01 6.511546969413757324e-01
