2.099598497152328491e-01 7.175976037979125977e-01 1.506956070661544800e-01 7.852171063423156738e-01 4.764776825904846191e-01
1.845075028828991326e-01 7.098698370199796326e-01 1.348868538443058207e-01 7.960421261320530517e-01 4.626792996380393319e-01
1.574330949062293095e-01 6.976538800285853048e-01 1.190867789676309380e-01 8.106799115780425335e-01 4.403171464943276270e-01
1.717371725897900991e-01 6.770633183955002687e-01 1.301501866038715927e-01 8.189832605746802940e-01 4.110231722255773268e-01
1.805811618749745828e-01 6.511193332581241000e-01 1.428213465738745191e-01 7.940690164268696671e-01 4.075583650173847938e-01
1.830824566292742206e-01 6.416806990105663466e-01 1.669173387437243306e-01 7.764839042787935464e-01 3.872433811298611195e-01
2.123125098424378521e-01 6.417227940291395649e-01 1.837314145222997686e-01 7.756051212977166376e-01 3.783963991500889357e-01
2.473989461731816442e-01 6.420197441793976667e-01 1.938203209833776752e-01 7.760257226714223355e-01 3.721278670018676737e-01
2.836370176683722932e-01 6.404557356244759969e-01 2.027592613068646688e-01 7.680253790902515920e-01 3.649350899782786151e-01
3.087783886822734747e-01 6.377936746310545191e-01 2.103645152259528972e-01 7.542006341916516199e-01 3.591433827351649954e-01
3.369546049172162938e-01 6.347505668101414145e-01 2.222076156535449654e-01 7.327831594500044954e-01 3.522693503053340169e-01
3.626306957586665769e-01 6.330560422848455771e-01 2.417959829555513251e-01 7.101711356005043774e-01 3.448271341070743290e-01
3.834129552159791232e-01 6.312521377422787294e-01 2.699539106487520157e-01 6.953721928117299056e-01 3.362136848707893977e-01
4.015596149180682972e-01 6.254874326512862570e-01 3.028905652164057827e-01 6.834087222334503942e-01 3.257168459996213628e-01
4.117623755201131330e-01 6.183058500131013435e-01 3.257568443944851566e-01 6.675960311810664738e-01 3.172974170936440075e-01
4.203941337661110667e-01 6.078837836925513605e-01 3.546961208392561682e-01 6.388780873151995721e-01 3.054337915066290821e-01
4.208781647431805717e-01 5.984494191718822131e-01 3.755517662948400504e-01 6.127383352438854347e-01 2.966721043950139025e-01
4.165512404002439384e-01 5.891087617659930276e-01 3.918990045960007440e-01 5.853456336096396484e-01 2.921453956931379103e-01
4.093521796966332893e-01 5.796651558006106209e-01 4.071427605943208072e-01 5.527343706603981000e-01 2.931172396096146660e-01
4.067309780836266264e-01 5.702280878870275016e-01 4.194530950990315032e-01 5.238602057123336042e-01 3.025297987867747729e-01
4.113759985909686279e-01 5.551600219729266872e-01 4.287201184367956386e-01 4.978885125773043763e-01 3.234367912566416536e-01
4.164838669451116915e-01 5.363248309263991542e-01 4.301066537810776524e-01 4.815391358489998219e-01 3.514510079251134123e-01
4.160884308628283734e-01 5.161906031354340785e-01 4.291568706492431273e-01 4.705863318023609798e-01 3.838779011511827544e-01
4.115023070370646407e-01 5.001303012581728158e-01 4.328839508320518892e-01 4.595077041699171527e-01 4.167428700239140804e-01
4.148247343928768149e-01 4.904526347889053839e-01 4.492888095362486678e-01 4.465004709929875082e-01 4.454700454070497639e-01
4.402675291045904382e-01 4.829870159919977257e-01 4.766143876408537317e-01 4.448159051101612249e-01 4.614132340349444972e-01
4.653167407762633934e-01 4.763395552556987655e-01 4.932044066178213892e-01 4.519362641787984525e-01 4.653578921013746816e-01
4.960947436764141516e-01 4.642343115771861983e-01 5.107248630470233586e-01 4.583816475992217310e-01 4.731779461981709956e-01
5.176107325938628101e-01 4.459217180181003770e-01 5.209241042533767629e-01 4.564204798246978001e-01 4.904061518223443161e-01
5.282422584802529686e-01 4.245770668066925491e-01 5.241339853083666345e-01 4.503308279835254724e-01 5.159237884691172393e-01
5.363371198476499790e-01 4.026933141698361696e-01 5.243625019473415749e-01 4.469148401454626773e-01 5.467418426597756564e-01
5.509565803305441767e-01 3.835844349946468390e-01 5.266912932328453589e-01 4.460307560662796211e-01 5.762502049652040714e-01
5.722845448765071508e-01 3.699228083984433813e-01 5.350411082983990152e-01 4.427151696276008241e-01 5.978235275412544514e-01
5.948380927238686722e-01 3.562688696352238060e-01 5.492342565578450797e-01 4.362069058305663716e-01 6.189272705238474392e-01
6.029294693705903319e-01 3.369973853015836296e-01 5.582539699163742153e-01 4.332851128621456049e-01 6.476336149045602841e-01
5.958203001282643685e-01 3.125247043899976318e-01 5.486160058049937005e-01 4.332321068203218162e-01 6.753337779386726636e-01
5.974168516627439418e-01 2.824385024033543301e-01 5.279610324025518775e-01 4.238755057486178202e-01 6.827138392191050009e-01
6.113490704750244031e-01 2.522518549530100018e-01 5.150380534860253823e-01 4.163283840044413320e-01 6.770926230070600793e-01
6.299540146196328516e-01 2.202239288663640771e-01 5.052373188762823153e-01 4.073164564250969510e-01 6.778848912738016930e-01
6.612278323402125402e-01 2.000192784660377587e-01 5.066118946451018124e-01 3.844288575206898928e-01 6.746436257043005869e-01
6.896172562700716435e-01 1.890080008579047843e-01 5.125065531294439314e-01 3.620167343463092657e-01 6.750871417453488954e-01
7.180524984992097126e-01 1.822418403084112570e-01 5.147511350821104559e-01 3.376519310383085948e-01 6.712506037124150726e-01
7.484956398493853857e-01 1.770073506949505493e-01 5.156705086908198732e-01 3.094785382172868249e-01 6.647484188255436965e-01
7.776121345309524591e-01 1.736515855672223774e-01 5.156847952018317471e-01 2.810596922300113709e-01 6.571621098574073061e-01
8.006687760353088379e-01 1.709942370653152466e-01 5.156961083412170410e-01 2.585555016994476318e-01 6.511546969413757324e-01
