2.099598497152328491e-01 7.175976037979125977e-01 1.506956070661544800e-01 7.852171063423156738e-01 4.764776825904846191e-01
2.355479238016930377e-01 6.925015364651776473e-01 1.776866490217761663e-01 8.082095230803871821e-01 4.551698822753027507e-01
2.790705443373339145e-01 6.727343524561202326e-01 1.896973271080145684e-01 8.056758687868051938e-01 4.353164697407743144e-01
3.242932680474293061e-01 6.599042601081420711e-01 2.092849287225831412e-01 7.848418551924026820e-01 4.183783320880271606e-01
3.513025110541055374e-01 6.567126277903186926e-01 2.324724648646759595e-01 7.482760897601478112e-01 4.004533041211515987e-01
3.649952396674405741e-01 6.716228545919062931e-01 2.704253473951367948e-01 7.128167075684221921e-01 3.600337445350895171e-01
3.856533103180573296e-01 6.795310023563639890e-01 3.099743234958280969e-01 6.906375965576529996e-01 3.302021878727239290e-01
4.125948893950562857e-01 6.688619032116848162e-01 3.430490213887238959e-01 6.609275376552732340e-01 3.261418779562739179e-01
4.270979724681769896e-01 6.311208706139121993e-01 3.738883211524324235e-01 6.185687534370095664e-01 3.501043642352103524e-01
4.398272017689401903e-01 6.098352888833766805e-01 4.001574304371288138e-01 5.784228364244790033e-01 3.652252318342935622e-01
4.579620205099929620e-01 5.918238832027007401e-01 4.249249451266721156e-01 5.457499401102159364e-01 3.747253026900364548e-01
4.842253562601905315e-01 5.644439667084348855e-01 4.553820056358396928e-01 5.107242562846969758e-01 3.879569044547749312e-01
5.196220116273450040e-01 5.383108394039129996e-01 4.809666701811798895e-01 4.794644922938773868e-01 4.034058854876688693e-01
5.581427357253716526e-01 5.121457191043330415e-01 5.085937260229376200e-01 4.482705158071258467e-01 4.154821430590340814e-01
5.886462421431126746e-01 4.844253183298663501e-01 5.346217905196622988e-01 4.252017934531794330e-01 4.256436353707755416e-01
6.251424521692606762e-01 4.465338577382212404e-01 5.621862625188491780e-01 4.097985770530728766e-01 4.417936077309044252e-01
6.584988156825289929e-01 4.145950855582103411e-01 5.810016846142308511e-01 4.029246667315323216e-01 4.606668632432420751e-01
6.923201997025271170e-01 3.840468987858673411e-01 5.925100648199376208e-01 4.020402417356389591e-01 4.929106020722003878e-01
7.157193207992040840e-01 3.566845077048955703e-01 5.904888762001209157e-01 4.106908942675425722e-01 5.381364767995943099e-01
7.258602266856460927e-01 3.345439924412156874e-01 5.811251378280434254e-01 4.223588624936630009e-01 5.777874710012632642e-01
7.280428719540278371e-01 3.059226514786111406e-01 5.696954151492147345e-01 4.363789117285226116e-01 6.295275416725482076e-01
7.163829810484450000e-01 2.830909724209393907e-01 5.613929475442041017e-01 4.445056144466941195e-01 6.767119954098265167e-01
6.826953420313611742e-01 2.633213531586779399e-01 5.471318612611204557e-01 4.472638148788670720e-01 7.163510201923505294e-01
6.326761503756441751e-01 2.291849947706746937e-01 5.120475820877585793e-01 4.542730228860875075e-01 7.177206286883075492e-01
6.129182605940846074e-01 2.126085002836690940e-01 5.122817360608219461e-01 4.081430626816423546e-01 6.989904064885863466e-01
6.508435185958075797e-01 1.983994059677412769e-01 5.132436190121486552e-01 3.604693979161767703e-01 6.826468345542913152e-01
7.089049450615039216e-01 1.874575784178480753e-01 5.142091090675829923e-01 3.200075862022633277e-01 6.700725544437330372e-01
7.614697255209980087e-01 1.780269354875999022e-01 5.150609020837695340e-01 2.848061860820908509e-01 6.592358989137424574e-01
8.006687760353088379e-01 1.709942370653152466e-01 5.156961083412170410e-01 2.585555016994476318e-01 6.511546969413757324e-01
