2.099598497152328491e-01 7.175976037979125977e-01 1.506956070661544800e-01 7.852171063423156738e-01 4.764776825904846191e-01
2.492764535917438296e-01 7.049842418281060397e-01 1.378321373506464775e-01 7.948346154317911250e-01 4.632896006070423289e-01
2.658331888812174304e-01 6.654952843390613548e-01 1.265018728447134810e-01 7.837185958324024426e-01 4.463861526328158358e-01
2.877302215623401827e-01 6.368887933411830904e-01 1.526798468975145706e-01 7.592493404804362411e-01 4.377223715775908630e-01
3.177123371772273552e-01 6.349915837271102870e-01 1.857576696225771151e-01 7.415607333280282987e-01 4.280153383214349572e-01
3.542579089288002692e-01 6.508613204925016715e-01 2.099135568796925144e-01 7.209363586793776646e-01 3.897732362615437540e-01
3.802045780844424128e-01 6.692727226198397217e-01 2.237766814844707186e-01 7.031307162746729400e-01 3.492007481943657510e-01
4.022091460095730819e-01 6.836161643484551798e-01 2.496584274031815320e-01 6.881070332257177569e-01 3.111246038953521253e-01
4.276016815643074453e-01 6.839240068823311258e-01 2.851255938055859973e-01 6.877049855075763052e-01 2.820775656784247354e-01
4.439676124324312134e-01 6.774121402233542755e-01 3.256926598288125696e-01 7.080738371603195747e-01 2.654855754954760227e-01
4.351413867657221157e-01 6.766954352452135835e-01 3.750765417875100982e-01 7.238904124652186800e-01 2.606534132236172363e-01
4.244807987492412171e-01 6.670343822705565584e-01 4.141717247464949403e-01 6.938449976360113736e-01 2.492687352511939181e-01
4.345920944224503923e-01 6.444011787472527786e-01 4.354211037281070507e-01 6.517211700529399465e-01 2.319160604933707126e-01
4.498585439998299407e-01 6.220295452961188687e-01 4.579600055010503712e-01 6.203786510220801187e-01 2.276243673643857379e-01
4.570330907213246974e-01 5.940437549738907252e-01 4.785589405965239296e-01 5.801036386226313679e-01 2.449911895787554861e-01
4.519353818053198357e-01 5.634613924750613290e-01 4.777414133732321155e-01 5.394660684929091232e-01 2.713088166899779718e-01
4.519862345862992736e-01 5.436804215924699868e-01 4.740797613620459927e-01 5.117958516642708844e-01 2.940936608717641398e-01
4.689379446339236868e-01 5.223761063941115834e-01 4.878809177959849697e-01 4.709630719236085339e-01 3.288982986591516000e-01
4.890850379870325115e-01 5.082472954448936653e-01 4.982000437965182771e-01 4.436399508762133848e-01 3.593688442392222182e-01
5.224371331065049695e-01 5.018608233843496746e-01 5.061227565679375928e-01 4.346682333553364419e-01 3.893722713611038055e-01
5.496181201949836836e-01 4.712045123870874930e-01 5.228987883813454030e-01 4.181126487960781790e-01 4.066724105228970987e-01
5.750007128559408986e-01 4.585766058836237002e-01 5.246043479158771783e-01 4.505848960714334828e-01 4.369579307793706735e-01
5.979966673958440060e-01 4.417306434799295745e-01 5.297611185017797597e-01 4.772379503274054025e-01 4.713893413092276052e-01
6.073033356640675784e-01 4.045303141006788561e-01 5.485568188708399573e-01 4.799535105978494642e-01 5.125642526508795704e-01
6.130773641815737696e-01 3.728576406419775169e-01 5.627023368286621086e-01 4.776219375819100721e-01 5.508146281330986715e-01
6.065616383981500270e-01 3.537282655809311782e-01 5.620471653186762673e-01 4.869910200841363612e-01 5.922165578586541246e-01
5.975667219465656821e-01 3.333806175103489755e-01 5.551200104488935860e-01 5.018612030697883197e-01 6.475897987605293560e-01
6.189124749858073704e-01 3.081252780734589636e-01 5.591512399887603735e-01 4.882382342861021907e-01 6.847821284596247171e-01
6.546572950591708073e-01 2.975240817990507103e-01 5.768173357517918376e-01 4.655421945336464251e-01 6.978924976559733873e-01
6.981638039577199306e-01 2.643949415064125175e-01 5.800644450022587328e-01 4.482414873105004527e-01 7.201741710125508789e-01
7.150189183013100358e-01 2.278097852876799223e-01 5.483719484082673068e-01 4.247390439071235813e-01 7.128329075936535864e-01
7.385637373620362878e-01 2.141083684123747388e-01 5.363690144289754436e-01 3.886628841826694769e-01 6.994240067524034599e-01
7.690425606791807533e-01 1.972286237891240357e-01 5.259977366068994131e-01 3.348065703698469009e-01 6.782025615663352935e-01
7.880684499342217597e-01 1.814463833009529181e-01 5.198004209836913914e-01 2.889349928900447062e-01 6.619309441393038673e-01
8.006687760353088379e-01 1.709942370653152466e-01 5.156961083412170410e-01 2.585555016994476318e-01 6.511546969413757324e-01
