2.099598497152328491e-01 7.175976037979125977e-01 1.506956070661544800e-01 7.852171063423156738e-01 4.764776825904846191e-01
2.501411420752392423e-01 7.168474197719304497e-01 1.401141105904424033e-01 8.006627668889121363e-01 4.823856590309055781e-01
2.877351976413231038e-01 6.983590570042805812e-01 1.369455901216840021e-01 7.975269195836452996e-01 4.621141860898142495e-01
3.195316390862772971e-01 6.950780806124556843e-01 1.669317288434971625e-01 7.862288843741884747e-01 4.378284392138410142e-01
3.577561491887191747e-01 6.817422443192741044e-01 1.834139444642452210e-01 7.591103644881482815e-01 4.305948363580613392e-01
3.823082518393071116e-01 6.725682979554895580e-01 2.125367042144173102e-01 7.344518606844635533e-01 4.164293032114221860e-01
3.858569496338627447e-01 6.784303437596224118e-01 2.512483232348166617e-01 7.149206991524390542e-01 3.880682786817380991e-01
3.814008097271699427e-01 6.902742056306991891e-01 2.767437075391778190e-01 7.048450562337820191e-01 3.556735429774243729e-01
3.854414866816626151e-01 7.043297062465420089e-01 2.912659750647220713e-01 6.973705892019874675e-01 3.097502700801320064e-01
4.175106974236539870e-01 7.029035320548481236e-01 3.035917635396606640e-01 6.863150435712218611e-01 2.688195506045134020e-01
4.429588159918559365e-01 6.815849035046276372e-01 3.321991841001411538e-01 6.728619537222974012e-01 2.488022570513074294e-01
4.597856024870031200e-01 6.707358940612260234e-01 3.706527913326802537e-01 6.587709443070859372e-01 2.424483792820226191e-01
4.736280284684637465e-01 6.666388130562493908e-01 4.187542564182534233e-01 6.392903235981886034e-01 2.401570204463491232e-01
4.826126522215287151e-01 6.440262773041528499e-01 4.658449552363228552e-01 6.174719990470945996e-01 2.369828007257039071e-01
4.895992989508647919e-01 6.219789443260657080e-01 5.050628059228102762e-01 5.940626151455686843e-01 2.346604185020645661e-01
4.930071465103364470e-01 6.018310481415696245e-01 5.283642208178629396e-01 5.692315205073086304e-01 2.376785170103957179e-01
4.944885488206021695e-01 5.718275020505405593e-01 5.318420574536480983e-01 5.352733465219114972e-01 2.582829211331021946e-01
4.959226037107029028e-01 5.429472185563745112e-01 5.188089244467071204e-01 5.076617074943511332e-01 2.934577545988645286e-01
4.955484867052591946e-01 5.213068910206298812e-01 5.064141047844172849e-01 4.908476921664925441e-01 3.242821128026516786e-01
4.900983830565261434e-01 4.925431621431737295e-01 4.972904758290534466e-01 4.746185185465366940e-01 3.623927100662266421e-01
4.944195227796021053e-01 4.604360011508740191e-01 4.991008194968998279e-01 4.620318716885178922e-01 4.052937927440928290e-01
5.272790559030713364e-01 4.481029032045475424e-01 5.042590839007549119e-01 4.611066767196002059e-01 4.342671642305655499e-01
5.784283609762108647e-01 4.588979223163515697e-01 5.101000450208591497e-01 4.644296459182767900e-01 4.426844173758511802e-01
6.210949792769993039e-01 4.679482642499264711e-01 5.236360393006567193e-01 4.589343029280957831e-01 4.459750449572449371e-01
6.527694538226801457e-01 4.548010773077794666e-01 5.498744464325084902e-01 4.365830596246290662e-01 4.549837972529681696e-01
6.512499577779770066e-01 4.139668829521447879e-01 5.615007499467392638e-01 4.363449514669419105e-01 4.813433832833879933e-01
6.517818035036225810e-01 3.837299647414778581e-01 5.607022375111740953e-01 4.548967930418941208e-01 5.175598899601524527e-01
6.618335362770609853e-01 3.599319343305713015e-01 5.601396526016420019e-01 4.658051702795315552e-01 5.610723630583271948e-01
6.791005643323480001e-01 3.373794330047873435e-01 5.645804649729915248e-01 4.658089616854888537e-01 6.085366102236934305e-01
6.899959922564113945e-01 3.227802891548271491e-01 5.694747355793223775e-01 4.610847498261678723e-01 6.432528549327354295e-01
6.919695622388870593e-01 3.042346679078436478e-01 5.760347392214809625e-01 4.463447731685721842e-01 6.857659594753747756e-01
7.092746957445718037e-01 2.701703741219869115e-01 5.837918375505674051e-01 4.343067028169894095e-01 7.154147974628533024e-01
7.296555961373507593e-01 2.364944254115965150e-01 5.809216887565060716e-01 4.364638895070242497e-01 7.304988898204578529e-01
7.477992917358325942e-01 1.990925987822300125e-01 5.541335829266714752e-01 4.312415515709231428e-01 7.396270789502353837e-01
7.453169947001914153e-01 2.054879410952478169e-01 5.538713678903883775e-01 3.880401033065684624e-01 7.037255076941618670e-01
7.563518556917352420e-01 2.007626362922526608e-01 5.314301172553848041e-01 3.455444003851944612e-01 6.841780710996203663e-01
7.817800865762245532e-01 1.834536675924483273e-01 5.217685112662620028e-01 2.936876539800701846e-01 6.647974825844341629e-01
8.006687760353088379e-01 1.709942370653152466e-01 5.156961083412170410e-01 2.585555016994476318e-01 6.511546969413757324e-01
