2.099598497152328491e-01 7.175976037979125977e-01 1.506956070661544800e-01 7.852171063423156738e-01 4.764776825904846191e-01
2.538695532422945433e-01 7.382451453719435230e-01 1.737497029969622131e-01 8.143288052902354357e-01 4.800930720554764664e-01
2.974575482264540383e-01 6.936693487275911174e-01 1.988621994784136315e-01 8.017295513554938413e-01 4.598930321683598610e-01
3.186547458348257256e-01 6.826991152106542948e-01 2.177469793229652451e-01 7.526086388296636676e-01 4.335132577063220416e-01
3.508946194830679932e-01 6.707163048213982126e-01 2.172076419684584037e-01 7.139221669486184307e-01 3.842805298740408770e-01
3.863277691996959140e-01 6.685756470104892157e-01 2.438064214255232509e-01 7.000085020472360808e-01 3.428317853483283106e-01
4.368387923692595431e-01 6.685433950558982152e-01 2.866037020370710287e-01 6.710477018412789318e-01 3.322483322185067478e-01
4.609301401835393941e-01 6.632073241058499269e-01 3.317052258453696556e-01 6.424161622170281305e-01 3.419888534385049361e-01
4.566568289105187306e-01 6.465258108703356710e-01 4.072258472842897881e-01 6.337786137408442100e-01 3.457229656147423058e-01
4.821497137441833614e-01 6.069653671909766013e-01 4.677601042462631864e-01 6.070926745192815055e-01 3.285006130213152797e-01
5.353409283146505215e-01 5.929865202563758819e-01 4.718747539332924235e-01 5.928199222666746815e-01 3.631111558865670053e-01
5.934916318120155854e-01 5.881222258451604956e-01 5.090405913589585163e-01 5.525737956581203703e-01 3.735476034904309794e-01
6.326321751231240853e-01 5.843183325233627379e-01 5.369685849967610336e-01 5.228286905170500543e-01 3.777197053613990385e-01
6.827614931828512868e-01 5.620573485822075721e-01 5.675341275091455584e-01 4.800237192319571911e-01 3.798885054853828325e-01
7.102218896407678228e-01 5.207357730208744817e-01 5.802916768244902324e-01 4.476277789229401449e-01 3.883606197337415855e-01
6.978967949411785110e-01 4.658140956997813831e-01 5.804327147635228723e-01 4.261676773125109285e-01 4.415095568251801161e-01
6.941362105940717120e-01 4.252824880101705451e-01 5.777314975215834814e-01 4.247663832005573736e-01 4.830717940047098979e-01
7.055829369896885472e-01 3.872199982348545344e-01 5.651682780560226549e-01 4.257174921221201225e-01 5.388231802478018473e-01
7.149578830857982181e-01 3.661261252672044497e-01 5.565083626842932674e-01 4.256761380895114910e-01 5.965032270427891303e-01
7.268024446955415607e-01 3.327829678123627732e-01 5.674170533213774847e-01 4.256223727255798450e-01 6.498681963893221392e-01
7.075693871171552241e-01 2.819403698184819174e-01 5.534337613044397752e-01 4.391641270258442309e-01 7.009765652083224108e-01
6.794642835903901279e-01 2.548922613577989660e-01 5.324819806442416814e-01 4.567108732293557183e-01 7.362304657616459691e-01
6.252160443134728851e-01 2.239841609387617227e-01 5.089135721691133707e-01 4.462994500166122536e-01 7.429100190224938727e-01
6.924199366383880783e-01 2.090287013176191644e-01 5.230639978423817782e-01 4.214525326908925562e-01 7.292050986055532702e-01
7.451195839087462192e-01 1.941136322977774498e-01 5.276686726116548432e-01 3.664063114188967352e-01 7.004137754602911548e-01
7.777532330818369699e-01 1.805316123938475181e-01 5.206351146579480949e-01 3.030468753464630738e-01 6.714753980431452662e-01
8.006687760353088379e-01 1.709942370653152466e-01 5.156961083412170410e-01 2.585555016994476318e-01 6.511546969413757324e-01
