2.099598497152328491e-01 7.175976037979125977e-01 1.506956070661544800e-01 7.852171063423156738e-01 4.764776825904846191e-01
2.191601369951866329e-01 7.072549756792431142e-01 1.577692897068463107e-01 8.237529156329926883e-01 4.822757838646409834e-01
2.251324399201865001e-01 6.790367206733488592e-01 1.571054440256303142e-01 8.599791679701427327e-01 4.860705708651026358e-01
2.080586812285656340e-01 6.515140009003165256e-01 1.467048442960902921e-01 8.751205289879600002e-01 4.626713082267205901e-01
1.738182165833557224e-01 6.482224145343817856e-01 1.408343323339588948e-01 8.588456319396670091e-01 4.302931285461771282e-01
1.803950819354576685e-01 6.553651144357878211e-01 1.368232885986913616e-01 8.278830871861917462e-01 3.980881373768941356e-01
2.213164678477800573e-01 6.574364725699263223e-01 1.379449955873499056e-01 8.207245347618528086e-01 3.950411678249922676e-01
2.593284888383979858e-01 6.568262321396425296e-01 1.501283122544876114e-01 8.051069108880722913e-01 3.875966350459650878e-01
2.933447314159580155e-01 6.517177334907026109e-01 1.722706144621812263e-01 7.801891100713641558e-01 3.733465874970781639e-01
3.001546945408494205e-01 6.352210863337460767e-01 2.074269366337352649e-01 7.809692340992463455e-01 3.496731635161838270e-01
3.231314984747880592e-01 6.285699577822118078e-01 2.262903067302106108e-01 7.555177865859987740e-01 3.412654740593126790e-01
3.500019741537119811e-01 6.268484350103711300e-01 2.491005451290575767e-01 7.272724323731216689e-01 3.337636531620792324e-01
3.777016930568186104e-01 6.267997182344610119e-01 2.778409571633705388e-01 7.004604974922706839e-01 3.228006404518752315e-01
3.980680771242554039e-01 6.262996587187534825e-01 3.038608865240296497e-01 6.827092900777402829e-01 3.097464670591833502e-01
4.198985208495730759e-01 6.232702505571211526e-01 3.335937652056900626e-01 6.634118013131068414e-01 2.926767470818573691e-01
4.405374330404358552e-01 6.130142905779871754e-01 3.642990822167331277e-01 6.359580650821355929e-01 2.756562031952302649e-01
4.448266830806792971e-01 5.981946736171944723e-01 3.826411404427173535e-01 6.018549662497447716e-01 2.734239722807972894e-01
4.349134510120880037e-01 5.866028617007417179e-01 3.913980929382492868e-01 5.666688002375945832e-01 2.850234474634016357e-01
4.153697125547849978e-01 5.747374301039219757e-01 3.947466989542388061e-01 5.296248918620647395e-01 3.082348107987751273e-01
3.976941710321120205e-01 5.557297190123963171e-01 3.937455452848365733e-01 5.039173656037573279e-01 3.370833993053179989e-01
3.906483225176962670e-01 5.259795940708388295e-01 3.938711137875056112e-01 4.890613212121595055e-01 3.715183911214138268e-01
4.003630607560365595e-01 4.972860568427702188e-01 4.051652826291843867e-01 4.819148580360961276e-01 4.034615676213827440e-01
4.227181767001245150e-01 4.794190062176783562e-01 4.298851502961043014e-01 4.775873284384748452e-01 4.255535419631456540e-01
4.507035952405907264e-01 4.674237795082697433e-01 4.615238655879151941e-01 4.726742524235731380e-01 4.411416022760164535e-01
4.726038467071123073e-01 4.566730216942992970e-01 4.877059682532525198e-01 4.678062244804271907e-01 4.551077986664043284e-01
4.998407583710541835e-01 4.402993813868074646e-01 5.207069389631731049e-01 4.617956099644875967e-01 4.769465961848435298e-01
5.299871204593578078e-01 4.270597455570067646e-01 5.498797965834243406e-01 4.621331427145521364e-01 4.986702940603768286e-01
5.638624482138853145e-01 4.251070301068372581e-01 5.671441973550681581e-01 4.756540194254578191e-01 5.147544076944963187e-01
5.976543404456859943e-01 4.250079733810162574e-01 5.782575664889271216e-01 4.888684490734633292e-01 5.355982571763275857e-01
6.261556231548607299e-01 4.125732901633160088e-01 5.878498248198136267e-01 4.906066575293747678e-01 5.654852203927820398e-01
6.377429888800112412e-01 3.878431498835542834e-01 5.924108169466933971e-01 4.902884710970742410e-01 6.025803032061005649e-01
6.380532082410651507e-01 3.560318608008248842e-01 5.887572897162473007e-01 4.913013832426527672e-01 6.382730489106126504e-01
6.286130962748256445e-01 3.297045170417127746e-01 5.820380400156531797e-01 4.801648035807086212e-01 6.651840252807028619e-01
6.124659588530584342e-01 3.041040030723298759e-01 5.711178553089928389e-01 4.613058143296986935e-01 6.880075846837426790e-01
5.919823257245433457e-01 2.772279049739059253e-01 5.520460309360601947e-01 4.436523583386003944e-01 7.057002569453003638e-01
5.801643196344352660e-01 2.444063669111487258e-01 5.273028032829542022e-01 4.307793305580267518e-01 7.198105252091775430e-01
5.955788654164561047e-01 2.111067286581280733e-01 5.039393492960344556e-01 4.297013152617701337e-01 7.314297410016443735e-01
5.845917949279464398e-01 2.070318587449437586e-01 4.660496248066786640e-01 4.232680967158188867e-01 7.214802345273062523e-01
5.698802318471918316e-01 2.042727555637600112e-01 4.688471729214102601e-01 3.952160737822099090e-01 6.897780980681007534e-01
5.827985374499949911e-01 1.954591916504482274e-01 4.767892179836383248e-01 3.607336856940733805e-01 6.660722735130630845e-01
6.172658134364650273e-01 1.884737667475848144e-01 4.809073352816006230e-01 3.230768021516203237e-01 6.581434627370231771e-01
6.622168424452080648e-01 1.826126075312503594e-01 4.907052979276591564e-01 2.988369806920670446e-01 6.562404520175019185e-01
7.068865798033655556e-01 1.786787922408549778e-01 4.989176524233974730e-01 2.848506389734739019e-01 6.545772616780551889e-01
7.598449410682678318e-01 1.743393603924068280e-01 5.083923668752271530e-01 2.700018997114499997e-01 6.526445556095248346e-01
8.006687760353088379e-01 1.709942370653152466e-01 5.156961083412170410e-01 2.585555016994476318e-01 6.511546969413757324e-01
