2.099598497152328491e-01 7.175976037979125977e-01 1.506956070661544800e-01 7.852171063423156738e-01 4.764776825904846191e-01
2.233929153477749452e-01 6.972048709525543453e-01 1.406832871660147477e-01 8.055455960226439727e-01 4.564551121722823512e-01
2.479036546091706872e-01 6.691078983346152587e-01 1.230140751073868499e-01 8.234174956312158011e-01 4.468403008719732949e-01
2.843671225070398823e-01 6.573492722855146519e-01 1.400296748912296663e-01 8.307482749368172437e-01 4.369556717899840126e-01
3.207349364828324112e-01 6.565823116411944049e-01 1.629718933711281625e-01 8.141494037487065905e-01 4.314769357875907208e-01
3.436024984190773068e-01 6.547295509940119773e-01 1.699442408839423047e-01 7.954949280272102241e-01 4.210602830697102172e-01
3.463994530223791224e-01 6.624464639394472831e-01 1.752296621939639920e-01 7.862305211971234442e-01 3.762304840922516269e-01
3.519268018434099643e-01 6.622161608668399868e-01 1.995487107244127423e-01 7.819715969271014977e-01 3.409587981566065684e-01
3.710949605942678864e-01 6.521442110384874091e-01 2.319187351439219169e-01 7.723474569028546677e-01 3.242049280620873386e-01
3.939048090293292281e-01 6.363934862589828434e-01 2.579264436295189422e-01 7.666648734151744193e-01 3.130155084398290599e-01
4.140971219084526589e-01 6.298431908092232412e-01 2.849580608142622817e-01 7.432491980756090744e-01 3.096286889962347466e-01
4.285542256140829065e-01 6.312278949522250882e-01 3.105503957137314419e-01 7.135708488775280856e-01 3.097118120875317349e-01
4.333638677764879987e-01 6.327636805832533851e-01 3.371177108758068863e-01 6.896990222943829574e-01 3.061483687239008877e-01
4.231860599206060392e-01 6.360155595671366235e-01 3.670266202752847096e-01 6.663946797238672337e-01 2.961144953693689019e-01
4.147019219186298122e-01 6.475677477773230661e-01 4.003590437420986858e-01 6.444311476438955300e-01 2.836414392730774447e-01
4.376698708938100424e-01 6.565016020691436527e-01 4.306697835877214553e-01 6.401959906650148691e-01 2.796423921829762071e-01
4.755964788510795849e-01 6.575044909345926225e-01 4.517588512938199297e-01 6.444367705342463060e-01 2.822604232038712357e-01
5.203317584178192012e-01 6.547792242192743695e-01 4.706326605333752133e-01 6.327805812059279500e-01 2.883308922019445220e-01
5.529051642199765970e-01 6.492697261436849443e-01 4.814168893660677462e-01 6.037858500971341469e-01 2.992878101643236533e-01
5.746582055911576559e-01 6.412791651563335416e-01 4.906063415287325591e-01 5.731860136180848553e-01 3.191081200191301370e-01
5.850000790862256439e-01 6.296570567457149270e-01 5.025781532510321670e-01 5.460994250563073749e-01 3.484773120527868140e-01
5.762546797848674407e-01 6.146185454895473077e-01 5.141445769738062221e-01 5.251138428991022344e-01 3.771468927584286090e-01
5.557168029708964285e-01 5.955295129071793703e-01 5.177227806242334918e-01 5.106049424858682961e-01 3.965053538108072595e-01
5.418677019540811823e-01 5.600334959230277576e-01 5.079696528397599220e-01 4.975142956187559307e-01 4.159373351081036008e-01
5.353101766449891441e-01 5.289543647076213606e-01 4.992857739111917215e-01 4.848335119633352952e-01 4.298616528798658298e-01
5.243017575375287231e-01 4.971253127410275585e-01 4.957923427118834381e-01 4.655161803711498347e-01 4.457410321472119463e-01
5.173346295399279260e-01 4.662812259989690955e-01 5.050708507725772956e-01 4.431957696234817279e-01 4.656216277238328649e-01
5.336802234846006465e-01 4.335621631165924583e-01 5.115132925849683598e-01 4.284946831732340256e-01 4.867615864315092411e-01
5.453036763055938430e-01 4.035331243813720103e-01 4.905516711339246716e-01 4.310261023808126257e-01 5.018878257980227131e-01
5.438743397121923451e-01 3.712079568471323143e-01 4.832880192875382286e-01 4.364138251057764761e-01 5.273373989655942840e-01
5.621526432324651656e-01 3.570509689032241307e-01 5.049447855987042599e-01 4.308148682296547016e-01 5.542708686618493807e-01
5.751583709304654013e-01 3.472976426882716794e-01 5.187946873973641182e-01 4.132518069717892040e-01 5.815586838152363436e-01
5.858277680030742340e-01 3.364314754079698599e-01 5.196750603962879689e-01 4.195488983733868249e-01 6.192276361133245421e-01
6.173564243472838831e-01 3.276670500758785964e-01 5.268877139210457194e-01 4.341841115547646068e-01 6.431293660144912216e-01
6.520183094909849375e-01 3.189053986720847278e-01 5.353636029240123051e-01 4.456683887528345989e-01 6.590560946510178875e-01
6.881025416845730769e-01 2.976002707727390950e-01 5.435530857837468366e-01 4.464706661577012015e-01 6.858621735798486885e-01
6.910288158888631127e-01 2.657193128002756644e-01 5.523321249183598125e-01 4.278465392755870234e-01 7.093805712937510943e-01
7.009333847052144906e-01 2.284190101205471057e-01 5.350909077474081954e-01 4.215205071664643310e-01 6.966446583333965048e-01
6.780861250412988372e-01 2.159269690836678190e-01 5.075891556094260793e-01 4.143600498108113706e-01 6.860164218647653023e-01
6.504920285778480471e-01 2.052781384316854918e-01 4.952804182049104220e-01 3.929575261885142612e-01 6.798281189105507272e-01
6.595439838610828165e-01 1.903124957274972551e-01 4.967039527649593222e-01 3.528432046696839408e-01 6.708052743061164724e-01
6.915453971596213778e-01 1.833268933969850467e-01 5.014613425351620579e-01 3.273348668698013442e-01 6.652510962261631855e-01
7.307619325675313027e-01 1.781271242725802340e-01 5.065937893542619141e-01 3.020041055692931353e-01 6.599083199836818237e-01
7.695956147074735076e-01 1.741647614936819299e-01 5.116501836175604279e-01 2.778681384964333256e-01 6.550456284654404548e-01
8.006687760353088379e-01 1.709942370653152466e-01 5.156961083412170410e-01 2.585555016994476318e-01 6.511546969413757324e-01
