2.099598497152328491e-01 7.175976037979125977e-01 1.506956070661544800e-01 7.852171063423156738e-01 4.764776825904846191e-01
2.370440284595634328e-01 6.889619236899683363e-01 1.415640856002839676e-01 8.039262444233106208e-01 4.598740677583765257e-01
2.580697934458907050e-01 6.654613894705584398e-01 1.381469558652492768e-01 8.085827488536616592e-01 4.247376636232101932e-01
2.874886422733854974e-01 6.526086519172196176e-01 1.540402434104229668e-01 7.934005644175704530e-01 3.845622092906817446e-01
3.144585010023616123e-01 6.544418292735088016e-01 1.826944278106454045e-01 7.657987510130357389e-01 3.602466887218261915e-01
3.282565898225273116e-01 6.580131666892733433e-01 2.112482628111961303e-01 7.403123759177082652e-01 3.513779174924558935e-01
3.387372547539673207e-01 6.602569712889921894e-01 2.527025825233844003e-01 7.065352525293668862e-01 3.418503006130542143e-01
3.504852262046084244e-01 6.642221965150826302e-01 2.900684037036485030e-01 6.840805309470677775e-01 3.171754413967670105e-01
3.738312599333749597e-01 6.693749202234376972e-01 3.253954026266304700e-01 6.746623139192854390e-01 2.746603036733860637e-01
3.967793554202421191e-01 6.590587568016059716e-01 3.580676926662996751e-01 6.628647009773764864e-01 2.481639936268297542e-01
4.163985767846892228e-01 6.356750609704029387e-01 3.940997846707520735e-01 6.377263697111412721e-01 2.361176080043198844e-01
4.367132881129466848e-01 6.158448814352988077e-01 4.192113573644404290e-01 6.169010202941785925e-01 2.335333719700783683e-01
4.669691427986691901e-01 5.893089356950955704e-01 4.458132133086167848e-01 5.887298024256666373e-01 2.425302701058832389e-01
4.902869740510855112e-01 5.652679177547993428e-01 4.624107528466508965e-01 5.601121468515722901e-01 2.675670764771526655e-01
5.051665659706510159e-01 5.439371007674489444e-01 4.729076138929902973e-01 5.306848917298124801e-01 3.030442040643134272e-01
5.200229500426964968e-01 5.343489952019573330e-01 4.852232114723118994e-01 5.135524423275428241e-01 3.368611854827586183e-01
5.600881208794420418e-01 5.368077810957680995e-01 5.094546536060465813e-01 5.122832616342413159e-01 3.716951424876733800e-01
5.984219130581126533e-01 5.441856540123429786e-01 5.208019923929433359e-01 5.224985000422759374e-01 3.713104219089820579e-01
6.499494248231497684e-01 5.504945379505309377e-01 5.313696193282048119e-01 5.270651303351385764e-01 3.667550547606007738e-01
6.914444379675422914e-01 5.462378210499095887e-01 5.511363015858836700e-01 5.092201605858545088e-01 3.894815420606361211e-01
6.778547337637768067e-01 5.334737818651332786e-01 5.636567509202886628e-01 4.905743533491469521e-01 4.307957152087274477e-01
6.430867806278265375e-01 5.147301832286247381e-01 5.645275697792414560e-01 4.835865112667345755e-01 4.720573085212653175e-01
6.162058793213454067e-01 4.834315299015413681e-01 5.640519348333954408e-01 4.829168235670479592e-01 5.061087885576823764e-01
6.099168642688831410e-01 4.403675758148209995e-01 5.673658644542463048e-01 4.747440763149303189e-01 5.308837159167822950e-01
6.165745056091677112e-01 3.944277683619284436e-01 5.720668679872217277e-01 4.638043635677778220e-01 5.576635821286665129e-01
6.258460073335345708e-01 3.576362031076062431e-01 5.790670485911317833e-01 4.609186677439172097e-01 5.999220103418305694e-01
6.465377162134401390e-01 3.303987986817378264e-01 5.874387266778620109e-01 4.631137082863102661e-01 6.426865397363061838e-01
6.770782621315352134e-01 3.046081589629128783e-01 5.843021373741256186e-01 4.636645831147669927e-01 6.676585604354391412e-01
7.125846803841565658e-01 2.676709778615046775e-01 5.717014022907052073e-01 4.544373709260653982e-01 6.874143973052577739e-01
7.297005270157476131e-01 2.355445422484469531e-01 5.552066681771298251e-01 4.355923372729499365e-01 6.954165484046898049e-01
7.434238407765298984e-01 2.079636697309808213e-01 5.392544592192169972e-01 4.001427025537082072e-01 6.938870304693232072e-01
7.619884249423494182e-01 1.951119217485741408e-01 5.311715398983917202e-01 3.453781279591824349e-01 6.813701448577601516e-01
7.850454519201105485e-01 1.807355758605387330e-01 5.219467672987651019e-01 2.936239018628442610e-01 6.633589743779758630e-01
8.006687760353088379e-01 1.709942370653152466e-01 5.156961083412170410e-01 2.585555016994476318e-01 6.511546969413757324e-01
