2.099598497152328491e-01 7.175976037979125977e-01 1.506956070661544800e-01 7.852171063423156738e-01 4.764776825904846191e-01
2.585797865391791239e-01 7.098591016256372566e-01 1.516709534505778778e-01 8.092277074235052492e-01 4.604538414545151226e-01
2.918392788564452278e-01 6.829116420583117852e-01 1.656427149640905538e-01 7.898811348752509121e-01 4.312342743842351167e-01
3.061864187592945874e-01 6.725437588544932455e-01 1.689414027571406185e-01 7.368583204049731217e-01 3.921985104637701336e-01
3.375277675831324653e-01 6.767938707936479448e-01 1.901714067940260544e-01 6.821538365795513092e-01 3.558571537631217141e-01
3.875887570936135118e-01 6.687477682868688822e-01 2.332034685922194095e-01 6.684884323141688789e-01 3.536244575504142174e-01
4.487317381133649197e-01 6.546134485266433822e-01 2.738219769794520420e-01 6.675904332528247442e-01 3.598144368495480583e-01
4.880857171875040978e-01 6.416768986947796183e-01 3.290569138019092676e-01 6.579472083215686107e-01 3.608330830208784645e-01
5.118324522470670823e-01 6.267110550259191726e-01 4.018355831059710614e-01 6.374116920928777352e-01 3.570999520710476660e-01
5.328765270850294167e-01 6.232499693573914090e-01 4.562466523243108307e-01 6.080185038695494759e-01 3.490216019702570560e-01
5.849664206336200323e-01 6.295013920109723271e-01 5.100373874983652467e-01 5.683153007802553836e-01 3.439478121556868162e-01
6.502161042418905801e-01 6.237009205370915854e-01 5.396177324983223444e-01 5.401480738896912159e-01 3.465978501936287648e-01
6.682501603512098765e-01 5.865390067832809695e-01 5.504715651739139348e-01 5.054019582929349941e-01 3.484294509309101562e-01
6.582009231813039651e-01 5.314050998023875927e-01 5.516671055104550581e-01 4.648342981186555645e-01 3.659262071857618537e-01
6.497929768273539297e-01 4.886357814355490881e-01 5.518535687402598144e-01 4.417883311259024892e-01 3.996750796163261454e-01
6.469893470095231525e-01 4.470056571669219214e-01 5.562124968462195396e-01 4.267002784353863820e-01 4.406973558021806125e-01
6.414469802573424806e-01 3.998815160115230527e-01 5.674983269692661647e-01 4.102063460463190592e-01 4.992235816139712345e-01
6.320595300521377746e-01 3.698394441960474177e-01 5.745689915653731106e-01 4.017905921867165331e-01 5.572104105969225563e-01
6.243633876914196357e-01 3.459852486128319193e-01 5.668432787714874355e-01 4.062467131516754315e-01 6.229458228639408457e-01
6.273062894334970885e-01 3.245375268118314560e-01 5.610899989897722984e-01 4.156753261757923368e-01 6.819792652179057502e-01
6.321430701709366273e-01 2.871752732162863864e-01 5.580582138912523193e-01 4.360539344026879705e-01 7.330274621024431836e-01
6.453331809589214485e-01 2.328860825652804001e-01 5.280757540628235880e-01 4.457672951333927491e-01 7.520469921038041017e-01
6.943698986860062927e-01 2.012302687972127302e-01 5.307143045869714415e-01 4.140210149954695051e-01 7.512140876282568103e-01
7.388713178233100587e-01 1.893961448196678499e-01 5.369429820684105126e-01 3.646756348246897872e-01 7.265110388356394999e-01
7.767091110946287014e-01 1.781288920627918937e-01 5.239337930335893345e-01 2.996996345927241401e-01 6.803713145043184252e-01
8.006687760353088379e-01 1.709942370653152466e-01 5.156961083412170410e-01 2.585555016994476318e-01 6.511546969413757324e-01
