2.099598497152328491e-01 7.175976037979125977e-01 1.506956070661544800e-01 7.852171063423156738e-01 4.764776825904846191e-01
2.194791130814293112e-01 7.060910907629993627e-01 1.317956215436706102e-01 8.003469626736287035e-01 4.649654728586006813e-01
2.353182339055394090e-01 6.854834759423029666e-01 1.163924880681556917e-01 8.188605461778515338e-01 4.495106760543983171e-01
2.585692409848010520e-01 6.698723358256346572e-01 1.211365743678683993e-01 8.255432702380959276e-01 4.342303786988916947e-01
2.846869821132957945e-01 6.645025330588604229e-01 1.327810901171863345e-01 8.168522963945337168e-01 4.189943619220657389e-01
3.113798357553196894e-01 6.632656038112111352e-01 1.469379993931088924e-01 8.034973390757674805e-01 4.019503100244919414e-01
3.326284481477131960e-01 6.631382094432729524e-01 1.628036406191531449e-01 7.949656656330517102e-01 3.803747258881101656e-01
3.473269170132809447e-01 6.583280438818066571e-01 1.839505175206145871e-01 7.900814932984341343e-01 3.547220872174305928e-01
3.635485190326490645e-01 6.511260276731606345e-01 2.084944125252952696e-01 7.838292968728478582e-01 3.336009152682237189e-01
3.844309152997035794e-01 6.442918195523920089e-01 2.362188013255638597e-01 7.764022231888044745e-01 3.207603873422595897e-01
4.019834926471723691e-01 6.412014185640172448e-01 2.667067904127027322e-01 7.630308765623777800e-01 3.135548760464122453e-01
4.135121807550553030e-01 6.410950847544141240e-01 2.992885801021336611e-01 7.404461263534506399e-01 3.086625562664158662e-01
4.209801894747188244e-01 6.423870489533936023e-01 3.286854492151370932e-01 7.161892123972158908e-01 3.043128501279652731e-01
4.278563233479669714e-01 6.447303151536226684e-01 3.590505265835349791e-01 6.900672189883404473e-01 2.987948106371108303e-01
4.392616264147369831e-01 6.463799663332392420e-01 3.889359814213019240e-01 6.661997916865122216e-01 2.921521888387739740e-01
4.569142867957565746e-01 6.477735429329258832e-01 4.145805166932041708e-01 6.477050074031154292e-01 2.855512059219958987e-01
4.818292708191295737e-01 6.482078307234907522e-01 4.381026830300018826e-01 6.313529446561255698e-01 2.814336061261818456e-01
5.094168049293906764e-01 6.466711431234122287e-01 4.565309271269771818e-01 6.141134416758321501e-01 2.831664091801610605e-01
5.343058115052599089e-01 6.434091804323275321e-01 4.716644938330173953e-01 5.920267436291639651e-01 2.932633467650674342e-01
5.492876633907158856e-01 6.384400534907072045e-01 4.852314653094402241e-01 5.690918491034785420e-01 3.130646643637230442e-01
5.534392026330107184e-01 6.311271246032119642e-01 4.973936474677492781e-01 5.485138784689591596e-01 3.360841425776625035e-01
5.518762466588914561e-01 6.179686386097614781e-01 5.083459084829398122e-01 5.317329522734842717e-01 3.605894501557971310e-01
5.460600785407337954e-01 5.971669638771940347e-01 5.113448220530643074e-01 5.164123530298810882e-01 3.840010705641007660e-01
5.317024410717400285e-01 5.738317487314087417e-01 5.069677590123424782e-01 5.054305093782183178e-01 4.049958307325852713e-01
5.179864692653113334e-01 5.492841615954994205e-01 5.001180644198865988e-01 4.956669748028528777e-01 4.229418312294931370e-01
5.087850485478638829e-01 5.223531951056940015e-01 4.967330092548782328e-01 4.832605282764197985e-01 4.412045409217458802e-01
5.080817718674817129e-01 4.944873830896766576e-01 4.995187295597546817e-01 4.688830979917111286e-01 4.579071828616069761e-01
5.143546373382290593e-01 4.647286125562842818e-01 5.049539667642343188e-01 4.554489791513637864e-01 4.746108493232230607e-01
5.250776999330047934e-01 4.355836065199236162e-01 5.086264812999120588e-01 4.470034250031132972e-01 4.906221450390896854e-01
5.411462378777232018e-01 4.093866277234112783e-01 5.117491781729255340e-01 4.433176758895512881e-01 5.092074088396503218e-01
5.612549079497354265e-01 3.872056594865966872e-01 5.130327587328391559e-01 4.418252830659282204e-01 5.301170176571441406e-01
5.834463039081669855e-01 3.663865221646035453e-01 5.130968407196034864e-01 4.423593682824299433e-01 5.520492410131213612e-01
6.067410336264106308e-01 3.484900817814993723e-01 5.165200353791713495e-01 4.459812326714721609e-01 5.746996902023988607e-01
6.313066683160406534e-01 3.326859509369991530e-01 5.258630856417813026e-01 4.498248289499016117e-01 5.957388061400320511e-01
6.506332684679946299e-01 3.164393256599672966e-01 5.347527965560325836e-01 4.523985532401411103e-01 6.192324517873433187e-01
6.651921427709546197e-01 2.965056644560250532e-01 5.384992358946468771e-01 4.515927230189211161e-01 6.449727213560576544e-01
6.707450291200329762e-01 2.730703919151739600e-01 5.352279145551122053e-01 4.456844530397268689e-01 6.691925652650252410e-01
6.685977106808506099e-01 2.516262762515237839e-01 5.269536425139728086e-01 4.390723547996608356e-01 6.845220931438267264e-01
6.698562664659789556e-01 2.329845466374544094e-01 5.167408741004331230e-01 4.280438551299629024e-01 6.927549918560078623e-01
6.874057420266057594e-01 2.180694258550208153e-01 5.134166522558236689e-01 4.109085963266139174e-01 6.909020784596832110e-01
7.121475834844922526e-01 2.064990900057180057e-01 5.118694276286243072e-01 3.852648879442487351e-01 6.832464191073266413e-01
7.373168788026183140e-01 1.963659862043277693e-01 5.134724272872318585e-01 3.551555569433995085e-01 6.755792052297076022e-01
7.608986829572915722e-01 1.865508353352480220e-01 5.145171352406355814e-01 3.199421146067747967e-01 6.663755416766240502e-01
7.833757470071747164e-01 1.777275077333730358e-01 5.151495649147831424e-01 2.853383055303154725e-01 6.576555002930545291e-01
8.006687760353088379e-01 1.709942370653152466e-01 5.156961083412170410e-01 2.585555016994476318e-01 6.511546969413757324e-01
