2.099598497152328491e-01 7.175976037979125977e-01 1.506956070661544800e-01 7.852171063423156738e-01 4.764776825904846191e-01
2.574371955235633669e-01 6.939932220291015197e-01 1.565997309585681063e-01 7.971526457709569025e-01 4.552780496221087714e-01
3.005742498361077542e-01 6.997288036612731021e-01 1.977940881373020932e-01 8.033203665456080111e-01 4.710889067816929066e-01
3.357817111187006431e-01 7.071945657925514661e-01 2.351393353377628503e-01 7.868090919714513243e-01 4.348975807332638444e-01
3.630735649459068126e-01 6.973145303338985634e-01 2.580016846359240446e-01 7.631483937311231980e-01 4.076318488246376548e-01
4.028757703669385570e-01 6.750940711757567048e-01 2.923551284973026076e-01 7.247504716900076138e-01 3.732527239567807742e-01
4.293074777769313455e-01 6.548232459729936838e-01 3.230919750438433491e-01 6.888837529948967919e-01 3.591266442633101463e-01
4.514189172900204827e-01 6.397948830519974983e-01 3.607898794931184705e-01 6.508864839222505694e-01 3.543413812865915391e-01
4.703898593409543416e-01 6.224236536955720656e-01 4.058238997978900753e-01 6.086059184413117329e-01 3.545748277718875907e-01
4.777956915178778186e-01 6.021963438999842211e-01 4.413319642784742092e-01 5.575344460520098577e-01 3.599682398157447172e-01
4.827684958948967320e-01 5.833330993397713993e-01 4.565632504752761278e-01 5.099391842763911775e-01 3.720515189915979959e-01
4.904198874410662934e-01 5.561778610850087734e-01 4.791481994779802078e-01 4.543085363122980058e-01 3.957944397417847426e-01
5.334332973539325229e-01 5.385091327200631772e-01 5.169505233556289658e-01 4.295775764819514397e-01 3.991630998242808870e-01
5.804147088771068885e-01 5.289698919708487601e-01 5.376076601187129711e-01 4.248809716726790753e-01 3.995266170098018543e-01
6.333670701030800210e-01 4.991047144252961365e-01 5.525605798585855322e-01 4.176262321413299339e-01 4.120166212334481215e-01
6.664032114316876809e-01 4.514142373461135782e-01 5.588286109923492617e-01 4.098054818535690758e-01 4.377035402535957576e-01
6.861469920618414875e-01 4.041224417684481374e-01 5.607974540471001301e-01 4.114201304448203422e-01 4.756837522890022263e-01
7.004101409995439065e-01 3.673305974914682359e-01 5.585791672982700629e-01 4.225625487384230827e-01 5.254305836923436335e-01
7.100417228931569236e-01 3.423195087473035469e-01 5.506791290653461068e-01 4.303761458670338214e-01 5.833367523097943153e-01
7.126209215351926307e-01 3.252387635105676855e-01 5.463710375219971160e-01 4.366022894007861033e-01 6.298924810144664876e-01
7.191708708793824734e-01 3.038508423523444968e-01 5.422850080022031394e-01 4.392804190771849582e-01 6.892953495889996285e-01
7.004251552958948857e-01 2.596468285403036869e-01 5.312146733408513732e-01 4.360248833125517365e-01 7.339439201388572309e-01
6.522197071649701305e-01 2.348845467854963620e-01 5.185416981295577488e-01 4.337119991805472030e-01 7.496336959166608471e-01
6.191233861120205573e-01 2.169596822486021814e-01 4.969076105881931049e-01 4.154402205649465607e-01 7.248367027479089009e-01
6.574461913271995028e-01 2.090056584826216479e-01 5.006551246284963730e-01 3.845520893875135626e-01 6.906977169154616680e-01
7.122897730212642831e-01 1.967610358197892373e-01 5.122423296196612075e-01 3.415264194286716237e-01 6.733841421962164508e-01
7.643609866665410646e-01 1.815797321487595262e-01 5.142772298059086200e-01 2.926415459170692568e-01 6.602869793678822763e-01
8.006687760353088379e-01 1.709942370653152466e-01 5.156961083412170410e-01 2.585555016994476318e-01 6.511546969413757324e-01
