2.099598497152328491e-01 7.175976037979125977e-01 1.506956070661544800e-01 7.852171063423156738e-01 4.764776825904846191e-01
2.346425550204885857e-01 7.044302996372130421e-01 1.342380723026746214e-01 8.010027675931888913e-01 4.641909645530683526e-01
2.431173843654172162e-01 6.815822885655364871e-01 1.231424964105832381e-01 7.837116642891757134e-01 4.432922155105998852e-01
2.489387479095032385e-01 6.677239103525524078e-01 1.405028792588616515e-01 7.504031235651751341e-01 4.354199086632723481e-01
2.793343834685785287e-01 6.595955374704873808e-01 1.611377715614859818e-01 7.345327587951521187e-01 4.354149684502454098e-01
3.164408577082933327e-01 6.543402215574898317e-01 1.772192672996056595e-01 7.246138111911949453e-01 4.344837711120920209e-01
3.464828599566756595e-01 6.523043431580503038e-01 1.875139905069594937e-01 7.211497157843225203e-01 4.308452395676046209e-01
3.765510011280820413e-01 6.528323203494346139e-01 2.142650345243564403e-01 7.146368753495696557e-01 4.196097787258543099e-01
3.899765362335099184e-01 6.575673359240661320e-01 2.479201497624046180e-01 7.043101010674966966e-01 4.043942446820154579e-01
3.954672452468118160e-01 6.665874110595969571e-01 2.777385344019151492e-01 6.920871366084672127e-01 3.800913960022732629e-01
4.025909325087332902e-01 6.747763891915524725e-01 3.002671873399021529e-01 6.819044783851420100e-01 3.515330648228479626e-01
4.143371680640374755e-01 6.803020169762479252e-01 3.265989254592143176e-01 6.716761592367549438e-01 3.251885838161275855e-01
4.286316671225461339e-01 6.815384324277191652e-01 3.591476552559265678e-01 6.606077103035720155e-01 3.037765319623879079e-01
4.403637592894042441e-01 6.748335207663376245e-01 3.875987387695029041e-01 6.506073980409894375e-01 2.894234667789390980e-01
4.523885819847350831e-01 6.565669791432244828e-01 4.183279344045978121e-01 6.360268013358180150e-01 2.771854470160590167e-01
4.665961332995721134e-01 6.297861973176575034e-01 4.463747035123449836e-01 6.164002507272001719e-01 2.717405300684706537e-01
4.871028131471619171e-01 6.115595547388830155e-01 4.668427527092801621e-01 5.991060155357617045e-01 2.731821078844696715e-01
5.165462610534438115e-01 6.011040026385801038e-01 4.892416591455169828e-01 5.820948175553609660e-01 2.764391085154621064e-01
5.417210531304911258e-01 5.976162425941393685e-01 5.133750031441036699e-01 5.658022578994110763e-01 2.838590091020216089e-01
5.483176950195005617e-01 5.943213742885768980e-01 5.354324717746776763e-01 5.486032374792918498e-01 3.150964396577295989e-01
5.333334462292053102e-01 5.877344563483084539e-01 5.363887844335365473e-01 5.422706235143724962e-01 3.511922463701183106e-01
5.181398887597863379e-01 5.745795832384473778e-01 5.320972693092426153e-01 5.339680832231642471e-01 3.897214458783051505e-01
5.070107756857334946e-01 5.590572567550001759e-01 5.216312276570247430e-01 5.255225801329225233e-01 4.136805103882201795e-01
4.921458913813409053e-01 5.370548289203513903e-01 5.040466799534364384e-01 5.194520602046154290e-01 4.340902541151838157e-01
4.810575928584619465e-01 5.076828886106949934e-01 4.925687187128642841e-01 5.112870108367437716e-01 4.573704210908304812e-01
4.843335164386588509e-01 4.821303051710943421e-01 4.954004895827244792e-01 4.956687539640073359e-01 4.767895388904369036e-01
4.986500257137394532e-01 4.538123823188431327e-01 5.031153891520654398e-01 4.734605198425255734e-01 4.917016141551018293e-01
5.237865680539878221e-01 4.285193540590670480e-01 5.136802995552097739e-01 4.522661693291889495e-01 5.005179636483416683e-01
5.520368374254570609e-01 4.099673635088459389e-01 5.248793985777966409e-01 4.394489283966369064e-01 5.086170442287047955e-01
5.830720638511996956e-01 3.964729794048814648e-01 5.373017284318073461e-01 4.333735540914590012e-01 5.191243021188427509e-01
6.117512026352575072e-01 3.880872236435042311e-01 5.467805210435161545e-01 4.326612479569741376e-01 5.350154902768138321e-01
6.370949557141127872e-01 3.768524332018194922e-01 5.503259765197048292e-01 4.335400942091043319e-01 5.671596831297588404e-01
6.523553432928301810e-01 3.494407861703653362e-01 5.471106049774637770e-01 4.320132282501469856e-01 6.039095230620192822e-01
6.743147617802857097e-01 3.225780101027334590e-01 5.488396502650785269e-01 4.347027255609648977e-01 6.226058754227939973e-01
6.974785136622680959e-01 2.952210979778409072e-01 5.540607727649761172e-01 4.336007946164311955e-01 6.391606506507709895e-01
7.148152216526194591e-01 2.685630222625995378e-01 5.619851264638021648e-01 4.236720956354786960e-01 6.617878160271509769e-01
7.179377282521716142e-01 2.423910037225521230e-01 5.665747818767609134e-01 4.026672424093617475e-01 6.864982441242263311e-01
7.230840429319110862e-01 2.172351187990265720e-01 5.677067084156530719e-01 3.685742702774965074e-01 6.918916487400805782e-01
7.556457108291165792e-01 2.060999905008634170e-01 5.675081232150995802e-01 3.542865947082221578e-01 6.749416227729295725e-01
7.774636821021790878e-01 1.922304687570426662e-01 5.506132054767655104e-01 3.200055531339427994e-01 6.634697960445654630e-01
7.910624514622597303e-01 1.797865441727477531e-01 5.301536303493863400e-01 2.839982906887338898e-01 6.562528561746198141e-01
8.006687760353088379e-01 1.709942370653152466e-01 5.156961083412170410e-01 2.585555016994476318e-01 6.511546969413757324e-01
