2.099598497152328491e-01 7.175976037979125977e-01 1.506956070661544800e-01 7.852171063423156738e-01 4.764776825904846191e-01
1.933472856843451437e-01 6.835084014086824089e-01 1.499482611982423941e-01 7.924992191273810827e-01 4.689892291627292265e-01
2.104566375838121672e-01 6.592981972360157927e-01 1.259656952931992868e-01 8.103204729647256466e-01 4.628156370941708397e-01
2.447366328955175308e-01 6.607268727273605258e-01 1.076981129021531008e-01 8.265418334851003523e-01 4.569272661351757026e-01
2.826369847766530552e-01 6.590646161103301814e-01 1.078238697751886938e-01 8.250855368277193458e-01 4.509544472197082876e-01
3.115744314151600025e-01 6.575784164074233162e-01 1.283053653029830876e-01 8.110639537079252781e-01 4.454992456729716110e-01
3.153950324700990349e-01 6.668912825086898977e-01 1.644657882984968955e-01 8.134816089679004492e-01 4.284785280196699020e-01
3.239784050392696679e-01 6.702022459610316174e-01 1.924319303619537180e-01 8.147882906611787490e-01 3.994640128771768661e-01
3.411118399911600707e-01 6.685487623365874432e-01 2.119639622633850695e-01 8.086432035655449768e-01 3.798441115764348286e-01
3.673176423242287547e-01 6.646350052096361427e-01 2.364691155092165098e-01 7.995123716522736235e-01 3.608565206013505944e-01
3.910725271537924819e-01 6.626015056260772251e-01 2.671767178607137860e-01 7.915281211133160522e-01 3.480811284354645707e-01
4.069913971775572792e-01 6.639200777742045867e-01 2.976712758379538859e-01 7.839794227412903993e-01 3.440276364712543389e-01
4.172538042623451515e-01 6.628817288749665471e-01 3.345704707438851844e-01 7.688599135624943903e-01 3.444035308880019630e-01
4.249708890816117357e-01 6.473706779312671244e-01 3.641502841900291498e-01 7.408899014771026525e-01 3.377509491473215109e-01
4.450007321009788464e-01 6.330751575191494451e-01 3.798617352906629163e-01 7.019189702895857197e-01 3.303401434027810613e-01
4.630981337780206708e-01 6.278553951487606533e-01 3.874864260222735113e-01 6.718537811882842048e-01 3.294047460189498677e-01
4.806840827023757812e-01 6.228120794062420584e-01 3.999198358804898490e-01 6.351202166862398579e-01 3.352077452991708562e-01
4.937866225518858232e-01 6.203768130320378438e-01 4.219780807842335446e-01 5.996248402571825453e-01 3.439527983133677247e-01
5.038292902692705910e-01 6.276443978378690725e-01 4.490812607354729424e-01 5.732738690595380326e-01 3.467780531593649962e-01
5.253663729616304678e-01 6.389510734166936601e-01 4.763449386036787692e-01 5.618801554716704727e-01 3.553365755602400089e-01
5.418319925483233712e-01 6.293752183259709865e-01 4.972935639135307451e-01 5.441391532299945100e-01 3.806754191368591500e-01
5.620947731498910915e-01 6.143379276694694857e-01 5.140533437565755204e-01 5.212453847583611299e-01 3.977466186613204391e-01
5.876318966436989699e-01 5.987399468966527749e-01 5.307027768188514738e-01 4.994082199626311835e-01 4.059497714574224481e-01
6.104042104077709308e-01 5.839184799470704679e-01 5.457906436864222721e-01 4.837569639327123361e-01 4.089576927980215770e-01
6.323444855288952171e-01 5.565121814855775728e-01 5.620812819448437470e-01 4.729770204238755715e-01 4.188026108695515060e-01
6.149446024413293133e-01 5.345663609931308180e-01 5.532139254410396445e-01 4.768982652634957131e-01 4.356440374527630888e-01
5.850593565778929861e-01 5.161297716564645643e-01 5.362676585298815635e-01 4.769998281199491208e-01 4.486211965720411921e-01
5.541760466064846735e-01 4.944277571009819683e-01 5.242807404171357932e-01 4.703277814104793730e-01 4.594908971441531986e-01
5.415947256485226236e-01 4.649781817161972586e-01 5.323114483874634706e-01 4.565589934466262045e-01 4.733255590770215626e-01
5.594730351365310161e-01 4.350733814183092574e-01 5.468839667241083280e-01 4.428137259011558635e-01 4.915822603027487081e-01
5.885162199373009662e-01 4.055703160876892865e-01 5.520501769189211094e-01 4.373327315950215066e-01 5.086761447443268747e-01
5.883914848471869519e-01 3.680341763791141751e-01 5.426491717375100388e-01 4.451810012756210466e-01 5.286338176995315496e-01
5.681306477095562357e-01 3.479596706036409692e-01 5.292554888708758121e-01 4.578564803205071310e-01 5.536038691281369717e-01
5.539359997010573355e-01 3.377568184044976718e-01 5.176570256014785265e-01 4.677011560042926841e-01 5.899542769684236188e-01
5.603383686142779929e-01 3.250617772566015695e-01 5.119233711807833487e-01 4.675474830138944271e-01 6.286049566731368721e-01
5.834635815494600974e-01 3.056543885969432162e-01 5.122775143355374761e-01 4.604941783133102984e-01 6.598398195114690834e-01
6.148262241430473285e-01 2.807498024342784948e-01 5.181286293595358527e-01 4.496563651568141751e-01 6.863407834844490463e-01
6.434735660850389172e-01 2.551449782834099844e-01 5.276529310435988940e-01 4.385224578588354238e-01 7.049882544480393642e-01
6.754549592533893865e-01 2.349292618090747797e-01 5.360891172365974677e-01 4.288195928812671975e-01 7.109466794303580528e-01
7.115766546395287939e-01 2.216371796861148491e-01 5.480686879984706383e-01 4.141760052219111699e-01 7.146669022528746584e-01
7.322997518658230787e-01 2.075166194875453229e-01 5.477006087337318307e-01 3.892707857833159202e-01 7.109463500102154443e-01
7.497270010593689582e-01 1.972110446159731079e-01 5.386969363009098677e-01 3.550833085247495080e-01 7.003006976858034971e-01
7.669157481952507682e-01 1.880854784256485723e-01 5.303370719599014294e-01 3.215100078753265755e-01 6.850539473116989964e-01
7.864389462900086558e-01 1.781996781844299438e-01 5.218685447990140114e-01 2.850962881683592465e-01 6.654461721698741172e-01
8.006687760353088379e-01 1.709942370653152466e-01 5.156961083412170410e-01 2.585555016994476318e-01 6.511546969413757324e-01
