2.099598497152328491e-01 7.175976037979125977e-01 1.506956070661544800e-01 7.852171063423156738e-01 4.764776825904846191e-01
2.339840310952638613e-01 6.956635604515933879e-01 1.301503090170722798e-01 8.305334973139846255e-01 4.833524960782278890e-01
2.690721711304263630e-01 6.928858938004820445e-01 1.339304230997666600e-01 8.617752803282054952e-01 4.393405203446840157e-01
2.646549347855676748e-01 6.836323580658175691e-01 1.592850828622720816e-01 8.243563954564719909e-01 3.927785339106085183e-01
2.702333183561669849e-01 6.848574382315962827e-01 1.402176236238645846e-01 7.850614629212461226e-01 3.393327165009322188e-01
2.780490714301111499e-01 6.783328198040352586e-01 1.415157969232292146e-01 7.244478362368407254e-01 3.055314296608936386e-01
3.091362854727088827e-01 6.726723898996451734e-01 1.841758406477811416e-01 6.788782346915599453e-01 2.875674816424232949e-01
3.416342930817722334e-01 6.702844748113414575e-01 2.344831272891639007e-01 6.584113644440886537e-01 2.824654914515549731e-01
3.656824195883568440e-01 6.686023454643785779e-01 2.826946876357538385e-01 6.492852985920307685e-01 2.799558805318758670e-01
3.850073582247585113e-01 6.575195805180410469e-01 3.545815569657724264e-01 6.493436183829018882e-01 2.898823383251803443e-01
4.197093457769906499e-01 6.408337938723713822e-01 4.000899406693833038e-01 6.474036935934937009e-01 3.170517186139232280e-01
4.606999518735149235e-01 6.260942537391320784e-01 4.274354384096191173e-01 6.222602771962048029e-01 3.375774352122379862e-01
4.946506743945014439e-01 6.118114960478414632e-01 4.567320450565215961e-01 5.729406167366349889e-01 3.466141995336800008e-01
5.163563207012973333e-01 6.016051885992710346e-01 4.756992931763411869e-01 5.396248851578795414e-01 3.568216414383817980e-01
5.624174972945992224e-01 5.799131111162743046e-01 4.981312877413626716e-01 5.126649082838030669e-01 3.845917023679664704e-01
6.184405549004199365e-01 5.510418402396125570e-01 5.208478560123327439e-01 4.930817262165270720e-01 3.958098105872262518e-01
6.628566868561845959e-01 5.258244561397424910e-01 5.389229180770620520e-01 4.745051455408682561e-01 4.032147702594426342e-01
6.745409158831390251e-01 4.941558031882413160e-01 5.630649278649256795e-01 4.748764583278859974e-01 4.391401659961746140e-01
6.702560942975598346e-01 4.495102144558427160e-01 5.740203636267688925e-01 4.300431604440824729e-01 4.390187163194776976e-01
6.858541224085459298e-01 4.140484558627045009e-01 5.947824626496364120e-01 3.991455383277947577e-01 4.513132085888120759e-01
7.102782202258109967e-01 3.781127164399359919e-01 5.971315218386822332e-01 3.976284177069484560e-01 4.927319488833383221e-01
7.120757169292606381e-01 3.561803539369223226e-01 5.898566686861635988e-01 4.478295586711760756e-01 5.513992581839488594e-01
7.054817938058320914e-01 3.492869653332631441e-01 5.891990890607620157e-01 4.842086857984662651e-01 5.844369872447631176e-01
7.165869543220056981e-01 3.308467391395412682e-01 5.996055858187220311e-01 5.033907171055178598e-01 6.412258689011580692e-01
7.393920525459891646e-01 3.110742311426282769e-01 6.084347864552916985e-01 4.987566413025597001e-01 6.921581232629937519e-01
7.370242974213824239e-01 2.725173832974535637e-01 5.797769163033530404e-01 4.904495256670811099e-01 7.357695929806067348e-01
7.143079263203431228e-01 2.332869986225888093e-01 5.415122587153211597e-01 4.613738881017270810e-01 7.310454490690475593e-01
7.161952598677624460e-01 2.005612965079365817e-01 5.281629978622792709e-01 4.128385341692493715e-01 7.155366704374657161e-01
7.413891825588537765e-01 1.904395242942230337e-01 5.278611758729853110e-01 3.584722967897193135e-01 6.868610186092763970e-01
7.775536382360127563e-01 1.791968380575002240e-01 5.212468593491057511e-01 2.988951667414541102e-01 6.637625495035557321e-01
8.006687760353088379e-01 1.709942370653152466e-01 5.156961083412170410e-01 2.585555016994476318e-01 6.511546969413757324e-01
