2.099598497152328491e-01 7.175976037979125977e-01 1.506956070661544800e-01 7.852171063423156738e-01 4.764776825904846191e-01
2.237551819394718866e-01 7.031986176171085567e-01 1.277919883163464165e-01 7.938575107900381900e-01 4.614655452907067135e-01
2.365772349882090397e-01 6.731738495343175810e-01 1.205157388254784467e-01 7.927391083271323469e-01 4.419511916432917187e-01
2.612069190901413207e-01 6.684854298180313847e-01 1.289869898646347213e-01 8.043708097161752502e-01 4.209619194068517367e-01
2.911505971389052871e-01 6.625336848000616952e-01 1.394134061292002236e-01 8.020550191150389585e-01 3.988585541806862755e-01
3.117458581882214808e-01 6.562332175938320189e-01 1.467558040336256753e-01 7.964037823966493290e-01 3.827607706389890008e-01
3.324163664587833078e-01 6.657745880186721754e-01 1.642048853990277779e-01 7.889217469361144985e-01 3.577340961414798848e-01
3.535300665197846914e-01 6.667726421373924017e-01 1.911346392004886763e-01 7.845794755934030196e-01 3.410686630272696251e-01
3.736523272006527230e-01 6.588387123874250850e-01 2.160260811544201520e-01 7.833310008512409661e-01 3.319787237679213132e-01
4.014367761880524577e-01 6.483988281176124024e-01 2.441031481933549074e-01 7.822799525197048354e-01 3.280395623542960437e-01
4.267879430397281126e-01 6.424004940743701653e-01 2.696940006274177182e-01 7.805535776187457753e-01 3.280800799897538034e-01
4.501782856495429863e-01 6.406121840378589116e-01 3.009790634723201741e-01 7.757786471912293536e-01 3.276034568473993325e-01
4.648505994772746952e-01 6.419126578680068862e-01 3.315778576893081975e-01 7.658865433759429742e-01 3.238626809815727259e-01
4.709433598311806302e-01 6.435673665350507555e-01 3.602819640454991701e-01 7.455349613133623876e-01 3.174502140013278351e-01
4.700866767486117648e-01 6.424521379526354492e-01 3.799651751000504563e-01 7.137222430133889350e-01 3.141008643248504040e-01
4.709890156710257458e-01 6.379755472640650238e-01 3.902777865861440931e-01 6.763049409930254052e-01 3.188012188098300337e-01
4.817262396539511715e-01 6.319437646389165497e-01 3.988814076103535666e-01 6.404420562056124533e-01 3.295906917644101930e-01
4.970277921098263940e-01 6.271241620420181517e-01 4.078542970009660928e-01 6.147321199387285606e-01 3.396330062069886080e-01
5.181223366799984076e-01 6.228591724424121789e-01 4.205990758492714199e-01 5.889999250236314099e-01 3.506757559812427316e-01
5.398391062548262287e-01 6.195082842960745184e-01 4.385180668124254444e-01 5.585226638300666568e-01 3.645035610324504072e-01
5.492985992775730741e-01 6.166176553046709419e-01 4.539792856429136769e-01 5.350604334101822790e-01 3.757200157744565172e-01
5.386910322944523655e-01 6.069433397643492212e-01 4.760138543170760461e-01 5.103101677264687552e-01 3.893364346514526231e-01
5.178008843825470109e-01 5.925489682792848267e-01 4.927867695714044372e-01 4.965264319692655470e-01 4.010967912695715398e-01
5.028751851886448243e-01 5.682799126149301605e-01 5.046148020179549443e-01 4.838045915679594078e-01 4.210507864850495108e-01
5.044102807408540334e-01 5.392183592992623176e-01 5.026824659919043592e-01 4.707868155614862715e-01 4.429234334401156992e-01
5.062997218420693946e-01 5.112289155248493921e-01 4.879312403712831592e-01 4.611032054330393981e-01 4.610581690035476798e-01
5.030674364254146269e-01 4.862088243044218050e-01 4.732249894957964442e-01 4.595284115859913365e-01 4.794023490577986601e-01
5.122408335492087961e-01 4.559572824623480680e-01 4.731373743481650518e-01 4.611449775715181221e-01 4.998963749694628200e-01
5.283587873402886270e-01 4.251510733708572798e-01 4.807632007233940130e-01 4.619163974302527564e-01 5.150451924765080403e-01
5.444558039113399639e-01 3.932196658117651511e-01 4.835637661291384837e-01 4.625032380368191420e-01 5.280539871246253680e-01
5.628607721344698334e-01 3.658100565562880102e-01 4.835745471738616685e-01 4.640658548966149488e-01 5.431750172618976524e-01
5.792998052929017039e-01 3.431247049908910385e-01 4.852973408609604355e-01 4.715895986432628861e-01 5.698268231255348981e-01
5.874884236123267822e-01 3.251146878518191286e-01 4.913594535941779307e-01 4.805464933604525202e-01 5.999977351316253538e-01
5.944371253446577574e-01 3.094168222361841636e-01 5.032229940374961519e-01 4.854760956629738944e-01 6.277389778218813721e-01
6.101925356150738056e-01 2.957557160269706498e-01 5.229981616172066916e-01 4.836033832941048494e-01 6.537527522663502122e-01
6.295947333675997459e-01 2.848831233870690594e-01 5.369083328499385521e-01 4.747869909879861572e-01 6.724262169123514932e-01
6.396552189897517504e-01 2.668962189071656388e-01 5.271493258886335020e-01 4.543810709586283969e-01 6.926257739117674950e-01
6.690045068523193805e-01 2.477553268541224651e-01 5.128440726960040719e-01 4.417372070076702739e-01 7.000205796844497508e-01
7.041019096399554478e-01 2.328321112930283321e-01 5.167364566359875511e-01 4.389684578424428718e-01 6.926649216523242947e-01
7.208995307149931309e-01 2.087389740228313972e-01 5.139100009008956693e-01 4.177717293954723576e-01 6.830455571396980563e-01
7.209591564832779076e-01 1.994084509075136624e-01 5.100562899498038982e-01 3.787974033989723321e-01 6.735188694374890650e-01
7.374095360221074591e-01 1.917708184764498336e-01 5.103827401683017628e-01 3.459638668198420919e-01 6.668693324440685410e-01
7.605950330093945722e-01 1.837736023908034255e-01 5.121496568953686213e-01 3.121990772030228123e-01 6.606712481526156866e-01
7.822728546471130473e-01 1.768606269297881561e-01 5.140681036409150417e-01 2.831806782722316451e-01 6.555232863156075229e-01
8.006687760353088379e-01 1.709942370653152466e-01 5.156961083412170410e-01 2.585555016994476318e-01 6.511546969413757324e-01
