2.099598497152328491e-01 7.175976037979125977e-01 1.506956070661544800e-01 7.852171063423156738e-01 4.764776825904846191e-01
2.380681559992901819e-01 7.110261442167880030e-01 1.473585788656504025e-01 8.029978623368998480e-01 4.706403714451321552e-01
2.644392000446664226e-01 7.051804333889910570e-01 1.360410062408458631e-01 8.201474778376145469e-01 4.640985842844352893e-01
2.882758189556980932e-01 6.896790380924762154e-01 1.130966663026319735e-01 8.255735701359602219e-01 4.447346725326872252e-01
2.706807422640913341e-01 6.621265141395394904e-01 1.020198342118503188e-01 8.107370816141212799e-01 4.309497374789221236e-01
2.467649880185923961e-01 6.372010428495821222e-01 1.044591340812580232e-01 7.948002975105410428e-01 4.227926501321019881e-01
2.668796514621971649e-01 6.251503142481931175e-01 1.248597815284333695e-01 7.735868363457972796e-01 4.088084681830856937e-01
2.963086279036294957e-01 6.252415658993502046e-01 1.490122636173526194e-01 7.605442198658634023e-01 4.024930730310514182e-01
3.160339637599269280e-01 6.303652421166371367e-01 1.697290255457586106e-01 7.565269769709102032e-01 4.030015884092174039e-01
3.376649033745419692e-01 6.442409838299653080e-01 1.997708231246201616e-01 7.557095974858987208e-01 4.042321451294716983e-01
3.469593971898682905e-01 6.644557934543459110e-01 2.274735720778099102e-01 7.454222758811627214e-01 3.869320245559149662e-01
3.560851392012477357e-01 6.736254205295393316e-01 2.471088772964727398e-01 7.206459422698803241e-01 3.578171121267814669e-01
3.742272028018933661e-01 6.743972784459143499e-01 2.664460198431559124e-01 6.983042317069282356e-01 3.374767340280832029e-01
3.929244478339312119e-01 6.744095098676097244e-01 2.843426274851197366e-01 6.861360979783791558e-01 3.278454120119985160e-01
4.214356591502602112e-01 6.743006813988564607e-01 3.107054930880799315e-01 6.717111547129340776e-01 3.154083481415770329e-01
4.478302889596854630e-01 6.751529051600119180e-01 3.371232649928652125e-01 6.642082140918701416e-01 3.035958156367490890e-01
4.603109563433864238e-01 6.765182490830132789e-01 3.759485730055278085e-01 6.612656178706057819e-01 2.926286057076390446e-01
4.626517198793722030e-01 6.710835234925435211e-01 4.132066814523273068e-01 6.502856926563230777e-01 2.873407590983682591e-01
4.811255295260083442e-01 6.593033846315465851e-01 4.488879956013185901e-01 6.348297264927456052e-01 2.933935527303410673e-01
5.089296428933117733e-01 6.485884558192211991e-01 4.729669695085328418e-01 6.201603929620622679e-01 3.119008375127118593e-01
5.268549321853898126e-01 6.395845730765352677e-01 4.894714969052972320e-01 5.984966889053919825e-01 3.323689538842684033e-01
5.275576736497130659e-01 6.315457702258819861e-01 5.066640009161685887e-01 5.717634776124077556e-01 3.572865975487464762e-01
5.068198076534164986e-01 6.178315564155254513e-01 5.154378343108436678e-01 5.516925964888020895e-01 3.850032404899922933e-01
5.036449142316830052e-01 5.885276275560641368e-01 5.127144677643765691e-01 5.425849145601422396e-01 4.064053971981645419e-01
5.108896907067613791e-01 5.561145524553040564e-01 5.135161679771562682e-01 5.317312085592318383e-01 4.246417220081153410e-01
5.193922985205736698e-01 5.277974641391970367e-01 5.221743153020368400e-01 5.190128255375461297e-01 4.420752456414751563e-01
5.236218304372086685e-01 5.028631971123307398e-01 5.334089389771409229e-01 5.019693612614192224e-01 4.582197517104181217e-01
5.252529548714878205e-01 4.785100990090370154e-01 5.439948598647428302e-01 4.784180633166277841e-01 4.734949209373123802e-01
5.376366078279389837e-01 4.555692791219962956e-01 5.533614941536056930e-01 4.520134470832910534e-01 4.889629304498408491e-01
5.641244543653262111e-01 4.381250588138690394e-01 5.593760605910439443e-01 4.330968468895694534e-01 5.047766531317526839e-01
5.917829954052881147e-01 4.238179797074582700e-01 5.625561970836829850e-01 4.252065981474479339e-01 5.210007690779853151e-01
6.164635237562491321e-01 4.058624918356896760e-01 5.654084323744835716e-01 4.239651204013484831e-01 5.419154016332530244e-01
6.349706959702527964e-01 3.841648241121057294e-01 5.681441128604135526e-01 4.296878982809932968e-01 5.715864169289776031e-01
6.469144448840362660e-01 3.631230730161019715e-01 5.700882742240150902e-01 4.404191706955672969e-01 6.092107520845028157e-01
6.637033148085884626e-01 3.419407263828823651e-01 5.711184513972601406e-01 4.477715372470211230e-01 6.422164147916897825e-01
6.854015618377130581e-01 3.170954977267343988e-01 5.704837061894413308e-01 4.460124821416883156e-01 6.590045681207149508e-01
7.071354129668879773e-01 2.815372910085834901e-01 5.670483344191373787e-01 4.308385863100713808e-01 6.668759645050493789e-01
7.137958731709345139e-01 2.561066352432326831e-01 5.637825954357453817e-01 4.054588139660573742e-01 6.617175869567315516e-01
7.195218819105565489e-01 2.365140559478488280e-01 5.595982095527395339e-01 3.729370204772192721e-01 6.558381571822269329e-01
7.357467518619703606e-01 2.201534490921522869e-01 5.505401833910540388e-01 3.417711566954733104e-01 6.582667313087245953e-01
7.637065279118800953e-01 2.025565359410190502e-01 5.349491038292887302e-01 3.131165728845541896e-01 6.595633165429811706e-01
7.843152713832343137e-01 1.849585987505241447e-01 5.242143659490647867e-01 2.826953951514978858e-01 6.548749901257400197e-01
8.006687760353088379e-01 1.709942370653152466e-01 5.156961083412170410e-01 2.585555016994476318e-01 6.511546969413757324e-01
