2.099598497152328491e-01 7.175976037979125977e-01 1.506956070661544800e-01 7.852171063423156738e-01 4.764776825904846191e-01
1.959884112354773333e-01 7.119086391451628915e-01 1.208175052902842744e-01 8.100949242195358835e-01 4.619014134277759087e-01
2.132633079953605293e-01 6.945999021809656782e-01 9.839492569477885364e-02 8.190915623337442497e-01 4.341780393862912923e-01
2.539689204343917317e-01 6.783213612856526797e-01 9.762060450153661750e-02 8.155509235401218193e-01 4.184129632008452004e-01
2.956263596061793342e-01 6.683717420792111286e-01 1.087718130975274533e-01 8.064104111481806836e-01 4.159904145987023960e-01
3.286184899379992475e-01 6.635931137300938865e-01 1.246250670261165039e-01 7.898232511425281599e-01 4.175252903094653356e-01
3.546915104041524769e-01 6.642644385534607343e-01 1.505230195255780334e-01 7.661613276748975299e-01 4.159842800948762020e-01
3.667592616973364139e-01 6.699118216661270608e-01 1.849943598164755509e-01 7.424500685159157731e-01 4.055095659212040737e-01
3.699450056724553626e-01 6.774935544131140963e-01 2.199056528198133076e-01 7.214775394043536627e-01 3.868249274344478517e-01
3.692132208623850054e-01 6.868641835302534693e-01 2.550545046487309730e-01 6.995598265385670755e-01 3.617147415064968508e-01
3.640597860950679499e-01 6.942016470811464002e-01 2.847321889607600798e-01 6.776880073121003267e-01 3.405563093930968899e-01
3.644716064763728336e-01 6.952438393064421795e-01 3.194582308435588991e-01 6.536141895239041544e-01 3.265248366191357832e-01
3.786734419257586359e-01 6.901400983507914866e-01 3.577608860814430192e-01 6.380000294715272302e-01 3.229375857087095070e-01
3.928665127045309902e-01 6.952362822378904683e-01 3.945923345573678631e-01 6.500270694726583143e-01 3.188819671281296064e-01
4.072441192327660442e-01 6.860558510624200634e-01 4.291301834742670129e-01 6.567955676448919977e-01 3.049981776372239217e-01
4.328216172418443697e-01 6.664984695351015009e-01 4.459404948044743411e-01 6.389115047156940230e-01 2.943041922135382071e-01
4.638548533763399151e-01 6.461358449876953847e-01 4.485074699259580244e-01 6.195296964502965409e-01 2.845762411659803481e-01
4.890503612089480145e-01 6.178560850357247558e-01 4.471101694724665676e-01 5.996936975032375328e-01 2.758514492275050967e-01
4.986747819565058859e-01 5.968560693515849724e-01 4.556656024284982953e-01 5.740456614021589576e-01 2.825267877409642359e-01
5.112829902238332780e-01 5.906787622703275620e-01 4.788450777885137066e-01 5.475266855601687022e-01 3.014012372970164555e-01
5.279883911352051262e-01 5.957040250575920126e-01 5.087477031197392696e-01 5.404766589670380039e-01 3.214500508948798796e-01
5.424606445643186392e-01 5.925732686755209588e-01 5.371110869062882820e-01 5.452580005699956267e-01 3.472241795298643408e-01
5.481449554618762487e-01 5.715831912833636563e-01 5.529379087342738419e-01 5.405803100910923087e-01 3.810645868781389334e-01
5.447322026766070469e-01 5.455418277102199731e-01 5.528760350105080823e-01 5.204807559275491657e-01 4.051975223892486655e-01
5.412725124545822997e-01 5.149836010715825863e-01 5.466082981624871273e-01 4.881189480868242669e-01 4.233577413040223725e-01
5.496165255073822697e-01 4.864075519219153709e-01 5.418002202577149040e-01 4.561641846858333627e-01 4.353954082487084265e-01
5.744749078147234345e-01 4.564962795108444826e-01 5.422195698510040573e-01 4.281983304464722084e-01 4.493594403611845256e-01
6.027039711720175719e-01 4.355694714671538570e-01 5.467556773586019769e-01 4.175509839950046209e-01 4.662696276951399654e-01
6.255205298556544280e-01 4.173994468883822084e-01 5.512603006508053349e-01 4.177458766637957011e-01 4.943392717617853815e-01
6.329715172075045526e-01 4.016873872299658310e-01 5.507879666670875141e-01 4.226844341129185056e-01 5.335566839865363287e-01
6.322599414688012676e-01 3.848834520772005385e-01 5.448273297109785807e-01 4.275999517291763641e-01 5.758963272196594430e-01
6.395533277928160398e-01 3.626584277544317447e-01 5.419639373416925698e-01 4.295294781620467850e-01 6.114775597355830428e-01
6.580480782261561856e-01 3.336738301112266991e-01 5.460708177125487284e-01 4.270516538151647445e-01 6.442964604156651287e-01
6.793799953231316469e-01 3.065251674762636269e-01 5.536728594656823432e-01 4.248047175240996509e-01 6.718612125193640372e-01
6.986719832136980557e-01 2.780852042786239875e-01 5.574665315114927244e-01 4.157538992681399925e-01 6.882417309197002009e-01
7.004286555539385173e-01 2.465272481265978477e-01 5.412358154365309870e-01 3.936777723096472892e-01 6.768852306749573167e-01
6.977707586101304926e-01 2.239291063133589665e-01 5.082606459071812299e-01 3.848593711033157505e-01 6.588819568626487211e-01
7.356897088926507289e-01 2.107847640781208842e-01 5.047766866708937039e-01 3.621732264548028768e-01 6.530786313968227619e-01
7.677826611228922848e-01 1.957373125896912369e-01 5.102901492107669856e-01 3.251748322429552918e-01 6.524635191224043007e-01
7.874269240551582394e-01 1.809572303985218511e-01 5.135193565173299390e-01 2.853802974049683971e-01 6.516817044530767156e-01
8.006687760353088379e-01 1.709942370653152466e-01 5.156961083412170410e-01 2.585555016994476318e-01 6.511546969413757324e-01
