2.099598497152328491e-01 7.175976037979125977e-01 1.506956070661544800e-01 7.852171063423156738e-01 4.764776825904846191e-01
2.063393833486494022e-01 6.908889274404977909e-01 1.305076899925974032e-01 7.772613488542878812e-01 4.689021061884871555e-01
2.031742699409149755e-01 6.719514769773953233e-01 1.477412312996742583e-01 7.664871158097182891e-01 4.438588415936751685e-01
2.093614143353072499e-01 6.750498195303785698e-01 1.666889235695473148e-01 7.465188771162569736e-01 4.188288997360671284e-01
2.284582381348951863e-01 6.677294424125986838e-01 1.930697073366067495e-01 7.362732665516423802e-01 4.001328005341320271e-01
2.525093873332036054e-01 6.577453421879119189e-01 2.192736691338292021e-01 7.365812850724618999e-01 3.809247423394939158e-01
2.779375359756136032e-01 6.490015570331137962e-01 2.414748176855006645e-01 7.392568310977980506e-01 3.609007629692956853e-01
3.046678692601660354e-01 6.422963075367914554e-01 2.580182782828414623e-01 7.412887719372593942e-01 3.439823309274840368e-01
3.438916292068180391e-01 6.361718026442416685e-01 2.716398421202108060e-01 7.422593379854621753e-01 3.304981228173646257e-01
3.835318547921318100e-01 6.311196872390821833e-01 2.858896806586889716e-01 7.374684779250644251e-01 3.237420738987640267e-01
4.077452252941750621e-01 6.296100815336090895e-01 3.090697082717427380e-01 7.181005961119661940e-01 3.167095848196498364e-01
4.128089041037069085e-01 6.312366177878023787e-01 3.364680571310977863e-01 6.911922723736555474e-01 3.080500930707436580e-01
4.135407772432946327e-01 6.314776608978885930e-01 3.622555736256719561e-01 6.644238148635049912e-01 2.978778618502174180e-01
4.156631095409286658e-01 6.274035991197006723e-01 3.814061175602314613e-01 6.394132864390363880e-01 2.863765299212641113e-01
4.235765740820349179e-01 6.135197328606841749e-01 3.969600540397886235e-01 6.021152836039094236e-01 2.782197864253415087e-01
4.347162146601290522e-01 6.015594812648379364e-01 4.063002276609964936e-01 5.719096878963141339e-01 2.813931784071284081e-01
4.562101096166994441e-01 5.962208842861541624e-01 4.200107820132563119e-01 5.425227140644675039e-01 2.950464511964889791e-01
4.789726081506148203e-01 6.005658989050765006e-01 4.358007620130070481e-01 5.249269803063898454e-01 3.092913909169113795e-01
5.051665264808895550e-01 6.087112584756924072e-01 4.576445685170654754e-01 5.131486982640819372e-01 3.244666423363698482e-01
5.296715960097797549e-01 6.083714126378256815e-01 4.808348154718737333e-01 5.042086039079256565e-01 3.446013997557902386e-01
5.411581101411179207e-01 5.950483498978593744e-01 4.939603394685043725e-01 4.989294910983784193e-01 3.728637453788313794e-01
5.331442325661658321e-01 5.774795566003974034e-01 4.894805667379641401e-01 5.038725531413551506e-01 4.060942055811570528e-01
5.178255778467276693e-01 5.613392546274142969e-01 4.761483493159419655e-01 5.110277229971781354e-01 4.308699497497060493e-01
5.101220129939100234e-01 5.311476416384981469e-01 4.698648934976225044e-01 5.107983099379034275e-01 4.512244515309946080e-01
5.195273746367466972e-01 4.970825095941526217e-01 4.801059271340959445e-01 5.067184778943331080e-01 4.677033080009118660e-01
5.000812569817933984e-01 4.720019750739148923e-01 4.843387521408508700e-01 4.956654791084188494e-01 4.824931478438355126e-01
4.694538035951608124e-01 4.563007118910550886e-01 4.859894150101217170e-01 4.781411838073933995e-01 4.922204585632334317e-01
4.833427731869917587e-01 4.499491920460051420e-01 5.104167771964358558e-01 4.534706617630522851e-01 4.859650765221144586e-01
5.146695044777657158e-01 4.501462717609530650e-01 5.267665845823122917e-01 4.530195477893444456e-01 4.776534603167826298e-01
5.339615129274947192e-01 4.276493523911372163e-01 5.292715249739767813e-01 4.536803567485983568e-01 4.964799101514277835e-01
5.313969907019955308e-01 4.035212268817656711e-01 5.169832939895268042e-01 4.528341814469569737e-01 5.243695599908956284e-01
5.327743486137810347e-01 3.809684033852691054e-01 5.026678076466586376e-01 4.539838421121589751e-01 5.507406652413422421e-01
5.401693764948105603e-01 3.552686363539510617e-01 4.866826986654070875e-01 4.574523056366275875e-01 5.802697013830094841e-01
5.498748222962056564e-01 3.293474362390863552e-01 4.749311926733423284e-01 4.625877999181043920e-01 6.100557826786511262e-01
5.548735338992328847e-01 3.013078411989268401e-01 4.726727788948679176e-01 4.680534846574003205e-01 6.410509619872482023e-01
5.501351746591085501e-01 2.745185262219376754e-01 4.797452972253611891e-01 4.655980737114223111e-01 6.620169925230214858e-01
5.517862900313980079e-01 2.436222610061347382e-01 4.898471579881419902e-01 4.416066538581995826e-01 6.742320884098468303e-01
5.755428577504690946e-01 2.263760855810120487e-01 4.908754869788547470e-01 4.172900074503307355e-01 6.796905605534295791e-01
6.111197823366458781e-01 2.093760282160182784e-01 4.915723940620368437e-01 3.928899581617157910e-01 6.837068317361689740e-01
6.486051197126819767e-01 2.023402007052447216e-01 4.996438558706740585e-01 3.767704865546201431e-01 6.787830535443765134e-01
6.850905737853998367e-01 1.954337453209845921e-01 5.054411012014975446e-01 3.531382085440671337e-01 6.722438821270516618e-01
7.150325845768069621e-01 1.891890391253900072e-01 5.083659457781912749e-01 3.292724596795977288e-01 6.667851631750232322e-01
7.468781003708322430e-01 1.824229412115884463e-01 5.110918120702101497e-01 3.029749566740653766e-01 6.609726643841022931e-01
7.769268430564552075e-01 1.760385969757291835e-01 5.136638807826177100e-01 2.781611993401084115e-01 6.554881157381154955e-01
8.006687760353088379e-01 1.709942370653152466e-01 5.156961083412170410e-01 2.585555016994476318e-01 6.511546969413757324e-01
