2.099598497152328491e-01 7.175976037979125977e-01 1.506956070661544800e-01 7.852171063423156738e-01 4.764776825904846191e-01
2.541377860720845372e-01 7.131929311717887243e-01 1.579187576088525724e-01 8.158035934978424830e-01 4.640420585627105243e-01
2.928382014785046450e-01 6.772979689924054636e-01 1.766620868911459030e-01 8.222054751362312119e-01 4.485905546574864289e-01
3.283304555855903195e-01 6.589926274462540867e-01 2.047901055782615776e-01 7.922452982265136834e-01 4.279327255094433347e-01
3.531095487621221940e-01 6.583497811754346341e-01 2.265724981302706942e-01 7.599188759777445457e-01 4.097496538230465668e-01
3.765126327791927796e-01 6.644622658875527499e-01 2.504491156963360443e-01 7.209759140428324553e-01 3.783630081510908072e-01
3.876472352070410854e-01 6.741210837965349034e-01 2.773270868116568533e-01 7.000818798278742872e-01 3.300148051976480312e-01
3.978151775812083790e-01 6.729516069494207997e-01 3.188176941603867443e-01 6.694099262838055786e-01 3.117705737738316607e-01
4.163164524270216993e-01 6.563063190880469300e-01 3.541452636715060054e-01 6.392026313759791023e-01 3.294474652698225481e-01
4.301876072255175210e-01 6.268617527706590309e-01 3.848381636701284636e-01 6.108395381346480857e-01 3.525414392168853550e-01
4.435134463439109886e-01 5.947907006313285505e-01 4.117607710619806682e-01 5.716339641879658595e-01 3.691498650065170861e-01
4.574948659100466775e-01 5.727961760485995590e-01 4.297031759791857253e-01 5.365634397937683042e-01 3.788930959942571342e-01
4.798003940833047709e-01 5.461170189337027914e-01 4.501171102915164646e-01 4.947865546995225960e-01 3.921877583486331198e-01
5.098027837069522006e-01 5.140206944152697632e-01 4.750645099735524846e-01 4.605840876132867301e-01 4.084894778739356358e-01
5.470643107938767402e-01 4.836358912072044047e-01 5.016455523142058226e-01 4.392702002565733732e-01 4.236148577187699993e-01
5.865703711382445062e-01 4.608688798020599831e-01 5.247482820506269574e-01 4.263997035068735619e-01 4.350780662288292189e-01
6.332876263865006017e-01 4.274275718221123288e-01 5.566837155909237778e-01 4.036406807984448952e-01 4.339111059514239033e-01
6.711335301176981627e-01 3.926015606699868599e-01 5.709790516106478808e-01 3.941956384908106847e-01 4.577613468565301380e-01
6.812450925057188522e-01 3.679871213434258159e-01 5.683183371714617405e-01 4.083575508814050736e-01 5.074225454187738515e-01
6.842158239899946981e-01 3.549560595650754213e-01 5.635168463229395241e-01 4.183501693151871481e-01 5.459475007392746715e-01
7.042255310269348589e-01 3.308939898753743281e-01 5.565439559264704350e-01 4.306341613860572015e-01 6.009216705214679433e-01
7.218654644557441769e-01 2.963720341747014264e-01 5.731874565522109277e-01 4.381577236888284377e-01 6.464534314670031812e-01
7.086989461476944641e-01 2.719252906343927467e-01 5.701701347453050905e-01 4.418227956839268500e-01 6.837841954786383347e-01
6.709157603153597105e-01 2.484562746896706587e-01 5.427556916913209850e-01 4.467988535167248809e-01 7.213406572534899475e-01
6.258909906562786230e-01 2.188255001512545428e-01 5.212960774068994274e-01 4.179756702556104431e-01 7.231254791981744923e-01
6.736748237411243068e-01 2.104008005795622860e-01 5.239354206480432152e-01 3.755758990398895825e-01 7.132961347296450372e-01
7.268416573868363706e-01 1.962474980277296999e-01 5.227656618362090946e-01 3.321498384951201976e-01 6.925410492185470890e-01
7.703070511261680409e-01 1.813797509040763478e-01 5.186034930851269875e-01 2.888214940551858123e-01 6.681750150282209644e-01
8.006687760353088379e-01 1.709942370653152466e-01 5.156961083412170410e-01 2.585555016994476318e-01 6.511546969413757324e-01
