2.099598497152328491e-01 7.175976037979125977e-01 1.506956070661544800e-01 7.852171063423156738e-01 4.764776825904846191e-01
2.223596607845472750e-01 6.940790374242036265e-01 1.324225529795791945e-01 7.922272414861573075e-01 4.559265131618653322e-01
2.481504457655812068e-01 6.771724950310162860e-01 1.271892288164678253e-01 8.172449968717477864e-01 4.378062242343960242e-01
2.903531720385685855e-01 6.687636956500869756e-01 1.441548901749009626e-01 8.202731829853163736e-01 4.217753356063184689e-01
3.125255839970517147e-01 6.717662429733904927e-01 1.617486904017812199e-01 8.039994441308806472e-01 4.089489855334748070e-01
3.517387283415255306e-01 6.709395170824973276e-01 1.715951637066973068e-01 7.837237351345889280e-01 3.937640542596794746e-01
3.755202360718321586e-01 6.643339321358007199e-01 1.760068113577774318e-01 7.925801557177147849e-01 3.654187732551923973e-01
3.571576404042631769e-01 6.574748490855210070e-01 1.938336649579047166e-01 7.993515921339644503e-01 3.327090097267940694e-01
3.566938089006379542e-01 6.451185367789735725e-01 2.205109278854984201e-01 7.752717477654029743e-01 3.138953171152302768e-01
3.852305964967358554e-01 6.325214426677182589e-01 2.510060548391225832e-01 7.613314640344559514e-01 3.010099848585588433e-01
4.060221908547640424e-01 6.278169010544067952e-01 2.818158909308017268e-01 7.510572354344107193e-01 2.932876707031041863e-01
4.095394887929486027e-01 6.306648000294649004e-01 3.127092527339785377e-01 7.188068542082395318e-01 2.855379119919344566e-01
4.206158824334633728e-01 6.319618837619448426e-01 3.417385613085875962e-01 6.950531062649598635e-01 2.778300664116378216e-01
4.318715768339277394e-01 6.317867434998979403e-01 3.794032422972409280e-01 6.665586390675659612e-01 2.725029272825226223e-01
4.487699971279447420e-01 6.293527990155007856e-01 4.122472000361458444e-01 6.505299128750477999e-01 2.855786394984013987e-01
4.816226704100725065e-01 6.436903200975951922e-01 4.344092800714826619e-01 6.360324043931396831e-01 2.835898732563659208e-01
5.112024250524891400e-01 6.519102912674301642e-01 4.471026679883078336e-01 6.134097026383691365e-01 2.630377655103202650e-01
5.410488499942247564e-01 6.507996052646284335e-01 4.628010621626804655e-01 5.874186922095664398e-01 2.481371874261642241e-01
5.635753988881112564e-01 6.474183681964926773e-01 4.798337288153434743e-01 5.660514106412655178e-01 2.559021934423634237e-01
5.793969824987142969e-01 6.416737414952079499e-01 4.936900118402818838e-01 5.484486182496661755e-01 2.861236314224722133e-01
5.846158728562345086e-01 6.320873001954840920e-01 4.954403294648039302e-01 5.362865790480035866e-01 3.244698671222961961e-01
5.665150210228174776e-01 6.223385748259088190e-01 5.012931884450430031e-01 5.212676792405298576e-01 3.595282475934439281e-01
5.377575828544426395e-01 6.061570642192624092e-01 5.174656068455044666e-01 5.028059873329928653e-01 3.835389298863166596e-01
5.213639392085781532e-01 5.741057165721150657e-01 5.175840524968586820e-01 4.899629410430650922e-01 4.070424639315871063e-01
5.193268862033511013e-01 5.413425160027719452e-01 5.100246328298085885e-01 4.802739344542147348e-01 4.286194767018559060e-01
5.267565047213974561e-01 5.081093928283850758e-01 5.099855487324306269e-01 4.653028537568739686e-01 4.481910992551232931e-01
5.411090973406347260e-01 4.753570296488089375e-01 5.193335498984801291e-01 4.456119591448547412e-01 4.618320607639327946e-01
5.532984830219956907e-01 4.318640661582504037e-01 5.254134721904486494e-01 4.270299345489690368e-01 4.724868106872244233e-01
5.421594095518925682e-01 3.907356932213209011e-01 5.146326685865979522e-01 4.248694363403666685e-01 4.882084924023946670e-01
5.353555308570150384e-01 3.654995481089191589e-01 5.003892483108196565e-01 4.273657098963065670e-01 5.218884726121955087e-01
5.522746710105237433e-01 3.509165097272169964e-01 4.986320179680132636e-01 4.229988891049876742e-01 5.619083702349042531e-01
5.796890761312324392e-01 3.300095260404906083e-01 5.000884857658155491e-01 4.121118248164267750e-01 5.939015663315722060e-01
6.113678410684947329e-01 3.263677158536225642e-01 5.052580410005292899e-01 4.227448006495255761e-01 6.277399512409029825e-01
6.367674814537298555e-01 3.150570087900330662e-01 5.173746518271674644e-01 4.298460130807081336e-01 6.520543534584589684e-01
6.562771015479691439e-01 2.910892679428071506e-01 5.323380771924313137e-01 4.253099911965794733e-01 6.735495044266688325e-01
6.827016530032513630e-01 2.651775060446395771e-01 5.417899348890836686e-01 4.219092245007485253e-01 7.003203002741279493e-01
7.003676769575626349e-01 2.204496072882479729e-01 5.394216049992952566e-01 4.180659778540312677e-01 6.906176328553397248e-01
6.644098267535544222e-01 2.088860088354455580e-01 5.232331121988543776e-01 4.241586114205574964e-01 6.810326269523352405e-01
6.279714236900511004e-01 2.072181337823029157e-01 4.964401394079381302e-01 4.200650550920739246e-01 6.807319892670733452e-01
6.203916989791397052e-01 2.049892851332311972e-01 4.725161414169207763e-01 3.896193147518192679e-01 6.628021943496739121e-01
6.546591791100242474e-01 1.985833972525591629e-01 4.784035883947527212e-01 3.634965569768900950e-01 6.548494493316778797e-01
6.929465856656668032e-01 1.918031646298609671e-01 4.879620551072275658e-01 3.361543279049505895e-01 6.532070708811406057e-01
7.342966699521414897e-01 1.838154797735418733e-01 4.986080086929823296e-01 3.063673546442089446e-01 6.524192495872602748e-01
7.711890140124095794e-01 1.766889061994051657e-01 5.081062766968464928e-01 2.797915619944046917e-01 6.517163592610766276e-01
8.006687760353088379e-01 1.709942370653152466e-01 5.156961083412170410e-01 2.585555016994476318e-01 6.511546969413757324e-01
