2.099598497152328491e-01 7.175976037979125977e-01 1.506956070661544800e-01 7.852171063423156738e-01 4.764776825904846191e-01
2.316921255152106507e-01 6.990578015239914400e-01 1.294342429477203793e-01 7.824789441457904449e-01 4.474771616473663949e-01
2.668998779459802462e-01 6.769417674634011783e-01 1.323683616370154581e-01 7.799075932112635723e-01 4.269163374583350712e-01
3.128710286081566871e-01 6.786144366761350799e-01 1.616410911499960024e-01 7.941985764171949347e-01 4.306882667024083955e-01
3.333303980728514193e-01 6.452127624537113970e-01 1.787273482245845813e-01 7.563837180853580922e-01 4.395960012935141714e-01
3.491941950688000618e-01 6.565354321459906384e-01 2.042624995597906445e-01 7.483833927963680077e-01 3.966699921244808968e-01
3.632984417793231890e-01 6.650145388099742982e-01 2.234534243301726786e-01 7.363611948059579637e-01 3.629850762611099846e-01
3.694515663090426894e-01 6.658277659184244079e-01 2.373405077214618686e-01 7.231702152980111764e-01 3.191523539265661569e-01
3.769332511487452630e-01 6.563132252948212786e-01 2.576937022006491329e-01 7.086997866285534853e-01 2.745048207447059463e-01
4.016616314998393000e-01 6.535465996146646583e-01 2.890553008744850549e-01 6.955765937476292571e-01 2.649844773981451795e-01
4.349983482003008661e-01 6.591112641814435014e-01 3.248651672713374072e-01 6.789983596280748657e-01 2.667681734940917648e-01
4.507179764364153129e-01 6.609017637598553208e-01 3.718036568897090111e-01 6.694686066463867435e-01 2.571993155216830695e-01
4.533933126143794290e-01 6.496598034872257399e-01 4.210421748192824665e-01 6.586496416282178190e-01 2.478332368288191645e-01
4.598124633197440692e-01 6.319155667099046747e-01 4.548610843761137779e-01 6.354915001377430261e-01 2.474805014528490832e-01
4.713667904475355441e-01 6.048383069125762290e-01 4.735236085527631533e-01 5.956357334296867867e-01 2.534711889716935729e-01
4.790469857985926727e-01 5.680711179287218915e-01 4.799598267417852226e-01 5.544419354936451771e-01 2.728650921240172167e-01
4.859704009557557214e-01 5.490086740880222305e-01 4.848706732744338943e-01 5.234370950720758087e-01 2.984006902687483809e-01
4.952881357107489779e-01 5.297303151563719226e-01 4.905327714755551849e-01 4.769688576707304950e-01 3.251795515779933865e-01
4.949958194466225758e-01 5.101227907113262683e-01 4.946817567861531151e-01 4.373845767460486367e-01 3.546217341387204458e-01
5.018924041072744258e-01 4.920852589838247693e-01 5.059896882773605720e-01 4.140499628768801732e-01 3.876787744415490233e-01
5.472844207212700374e-01 4.832452099846342164e-01 5.297617983893863070e-01 4.100554280413918895e-01 4.131814146810925403e-01
5.878257507042231600e-01 4.698506083186299587e-01 5.406738846745037241e-01 4.200342406018102714e-01 4.369159458240429172e-01
6.117275833480211311e-01 4.433182425193860077e-01 5.357286690796112527e-01 4.417977136298824048e-01 4.726269078949979496e-01
6.185005130922736072e-01 4.223404267640318843e-01 5.317785295262753564e-01 4.595320654883728317e-01 5.163009818480193136e-01
6.208793042111702132e-01 4.046118216268228540e-01 5.350607123918319497e-01 4.723531364641586072e-01 5.598558541309062164e-01
6.151956507432495558e-01 3.697854325699869715e-01 5.460999246408633212e-01 4.944992538195732701e-01 6.087572047101164063e-01
6.245428626722346888e-01 3.408213328422096677e-01 5.646854186139007581e-01 5.009609981493347020e-01 6.438370340205300524e-01
6.397008175138562125e-01 3.289747401507869262e-01 5.775983771326401728e-01 4.892427362642218225e-01 6.700579221883926628e-01
6.587137011018061594e-01 3.072673403922874802e-01 5.872045936326197868e-01 4.692888758172880093e-01 7.099349591910335544e-01
6.631759480224770353e-01 2.710510338040471590e-01 5.634795300807659002e-01 4.505782335309104769e-01 7.235893230221097649e-01
6.952098539535015442e-01 2.400102178863719182e-01 5.407192559503883889e-01 4.171168247327767808e-01 7.159513959381190729e-01
7.384393677408875867e-01 2.257145246549457640e-01 5.427976336180287964e-01 3.863912412575157829e-01 7.099692815852787220e-01
7.639200338177773997e-01 2.044289657492291690e-01 5.327656201990391693e-01 3.335635388115768540e-01 6.944625788659837262e-01
7.840802692355455239e-01 1.862006995619356620e-01 5.228826173574725455e-01 2.900837506639204477e-01 6.698837975452260896e-01
8.006687760353088379e-01 1.709942370653152466e-01 5.156961083412170410e-01 2.585555016994476318e-01 6.511546969413757324e-01
