2.099598497152328491e-01 7.175976037979125977e-01 1.506956070661544800e-01 7.852171063423156738e-01 4.764776825904846191e-01
2.390869591298723784e-01 6.868019649291762230e-01 1.408753046907606499e-01 8.053374547229291691e-01 4.586216748282194167e-01
2.647789540419293597e-01 6.579264738577748073e-01 1.371608486330127552e-01 8.097883789167177326e-01 4.128941313362174403e-01
2.950267725975246891e-01 6.504836320167001196e-01 1.592835706417056740e-01 7.883238070101370454e-01 3.749445277694278267e-01
3.165503188188515948e-01 6.546220014453851821e-01 1.849209459307699921e-01 7.636473694495586884e-01 3.583929171847103912e-01
3.349961866808238709e-01 6.599426616397401357e-01 2.262691367806631271e-01 7.269888482547146591e-01 3.473066300377333215e-01
3.418281694313638486e-01 6.607467320355505658e-01 2.691050107487143461e-01 6.935585829158403826e-01 3.383079935119581161e-01
3.588460216664415836e-01 6.674222160960039396e-01 3.123361960904340595e-01 6.728683948241380719e-01 2.974678164372852596e-01
3.845645897325605800e-01 6.711700461316408850e-01 3.373679109506487750e-01 6.738392607240113463e-01 2.569992025099837041e-01
4.090852553892225241e-01 6.493186295878369263e-01 3.775018793987534593e-01 6.537150894461631889e-01 2.373706987730783979e-01
4.222454099675391204e-01 6.268753675900874400e-01 4.060027857510340454e-01 6.278554281011555771e-01 2.337469798277250765e-01
4.559425404443618879e-01 5.997009381103540759e-01 4.388372720451386155e-01 6.004586594293602753e-01 2.327039146120073176e-01
4.851013119447187827e-01 5.729463154553557924e-01 4.593760400185508685e-01 5.708199413496403141e-01 2.532763466335097302e-01
5.033971271035019290e-01 5.494583482129935526e-01 4.709357668029657829e-01 5.397478139884692716e-01 2.904556700620651855e-01
5.113603543022539055e-01 5.327571089771970803e-01 4.777283895391117863e-01 5.141471978339469118e-01 3.244561021317670657e-01
5.402565109979202695e-01 5.315897589221896258e-01 5.025846489467817868e-01 5.034250580518105922e-01 3.732813451725121578e-01
5.790215117754848873e-01 5.409104057326724613e-01 5.172651259593017414e-01 5.185554425231643227e-01 3.746662996554060987e-01
6.326886309167771838e-01 5.503468709451092566e-01 5.280016653599979293e-01 5.304404567311133967e-01 3.663927784064439641e-01
6.898666705331466531e-01 5.525247285344276893e-01 5.390626376701666000e-01 5.234484950469198150e-01 3.656179920523336402e-01
6.977283013944235446e-01 5.423795622608604816e-01 5.619832672350383307e-01 4.978759671270656662e-01 4.058428933443778419e-01
6.625136804066883434e-01 5.271709604614418510e-01 5.660627837542754337e-01 4.819783091362627725e-01 4.515711120227606235e-01
6.244250614760294971e-01 5.078882746970047046e-01 5.623748651939274312e-01 4.860814150291816182e-01 4.897875109220093393e-01
6.064306674943708009e-01 4.663168127951697328e-01 5.650698362786887863e-01 4.821519339019189054e-01 5.200584889235705388e-01
6.135000186526031740e-01 4.133419317062695941e-01 5.696383160086052611e-01 4.660338009281919658e-01 5.387616769566226926e-01
6.194687183032020483e-01 3.688235643411265641e-01 5.740176506368016573e-01 4.601158677415943532e-01 5.803017493399614812e-01
6.325275711357170039e-01 3.416954184558110286e-01 5.878954815645190957e-01 4.617939187851877181e-01 6.298457587038344130e-01
6.641482149568052051e-01 3.166017123235986275e-01 5.878474780884828110e-01 4.658506255236610771e-01 6.604332464146117632e-01
7.058772519933218526e-01 2.798133036859439815e-01 5.777710302788727770e-01 4.601761298092384433e-01 6.837210915742475414e-01
7.258941107081821054e-01 2.443075427269765232e-01 5.602456570862299756e-01 4.450562759986125827e-01 6.953716937261478215e-01
7.397470072781270334e-01 2.105377469849582794e-01 5.408700742814455120e-01 4.112836484270700477e-01 6.963214387278336970e-01
7.590708073792666877e-01 1.969310929407811772e-01 5.323388351692899256e-01 3.519270659106394916e-01 6.836492638167733782e-01
7.838670012715448498e-01 1.814703546397845313e-01 5.224182478267354046e-01 2.962690738257369727e-01 6.642795299879334925e-01
8.006687760353088379e-01 1.709942370653152466e-01 5.156961083412170410e-01 2.585555016994476318e-01 6.511546969413757324e-01
