2.099598497152328491e-01 7.175976037979125977e-01 1.506956070661544800e-01 7.852171063423156738e-01 4.764776825904846191e-01
2.468787115081496619e-01 6.889226910532353365e-01 1.475290196908266294e-01 8.379528025046616424e-01 4.334185502769870579e-01
3.037430872826694661e-01 6.551003040612037864e-01 1.544573900925377552e-01 8.114052517073341297e-01 3.902011447945751277e-01
3.186222053718273939e-01 6.525171228420141301e-01 1.582119003813132752e-01 7.985727630396259880e-01 3.108805356703709943e-01
3.279103889395846849e-01 6.719858058111158883e-01 1.790409106993084420e-01 7.576476840963179971e-01 2.332712687819635811e-01
3.654360678341422863e-01 6.919082468893468230e-01 2.264365669768958478e-01 7.232777566771865230e-01 2.204210993292594900e-01
4.242249631523544728e-01 7.076028922755802641e-01 2.922747995119257536e-01 7.019867521983708114e-01 2.606683576223227106e-01
4.522345006411882529e-01 6.999108942981357995e-01 3.285677891539627860e-01 6.687675643270839521e-01 3.103973345768985537e-01
4.811847683398370323e-01 6.819046842250193752e-01 3.661907507688684227e-01 6.250428288711068481e-01 3.485754468817159890e-01
5.426860366785080103e-01 6.672937564559414669e-01 4.369806651084207072e-01 5.969287515421140000e-01 3.544260990997283867e-01
5.965507298877766873e-01 6.277687441287354009e-01 5.056662272911645051e-01 5.629047671350179138e-01 3.362109378463998821e-01
6.256866340198111720e-01 5.775481799466996025e-01 5.567531603432819276e-01 4.969124342125758043e-01 3.318610328694438505e-01
6.630627734204416202e-01 5.304552419795176554e-01 5.826721695002554657e-01 4.653586585530474218e-01 3.574304138767768202e-01
6.823712785195519270e-01 4.658453996914726503e-01 5.909721491686442674e-01 4.212967278091317436e-01 3.934744426546891161e-01
6.571760983598426975e-01 3.929399685211619198e-01 5.656601240241780904e-01 3.986186110772580449e-01 4.538489996660350911e-01
6.066516893957046852e-01 3.780871571312048318e-01 5.455153650589872338e-01 4.366737587427754752e-01 4.996253928464663430e-01
5.438618109332135075e-01 3.565041199592389742e-01 5.193599139613441773e-01 4.857143169576729758e-01 5.613303292183278170e-01
5.258868019858844445e-01 2.957477133556421500e-01 5.284485804285748989e-01 4.650298140727718299e-01 6.305175854560262083e-01
5.709361778399116849e-01 2.682671066119287628e-01 5.441612406760005793e-01 4.508125802271719662e-01 6.950615459484578151e-01
6.168565580852299890e-01 2.148257713421717618e-01 5.004096871997791851e-01 4.416545957820011137e-01 7.330191898777740356e-01
7.023248694704455897e-01 2.026514561521206848e-01 4.977740485533858616e-01 4.118425991264517139e-01 6.999558325825606664e-01
7.643093460621044333e-01 1.828105224959122310e-01 5.100715337314490894e-01 3.160497491123975267e-01 6.700707924934302673e-01
8.006687760353088379e-01 1.709942370653152466e-01 5.156961083412170410e-01 2.585555016994476318e-01 6.511546969413757324e-01
