2.099598497152328491e-01 7.175976037979125977e-01 1.506956070661544800e-01 7.852171063423156738e-01 4.764776825904846191e-01
1.905187581375803463e-01 6.998317236584152834e-01 1.395936138696632078e-01 8.071543426076450700e-01 4.621673891797550282e-01
1.620570132487020587e-01 6.915486400049386528e-01 1.251448340032189632e-01 8.412714305607833509e-01 4.536573657883140598e-01
1.367032434452094547e-01 6.870107640105337365e-01 1.165050450735101994e-01 8.525912230723183827e-01 4.250723680411976901e-01
1.650288014070745157e-01 6.774511339455105974e-01 1.221371868068338168e-01 8.401548505388122257e-01 3.953637715228531246e-01
1.985465617978741937e-01 6.638437799006536855e-01 1.180353859305514896e-01 8.205205027708725174e-01 3.870005578584198025e-01
2.237162577837905064e-01 6.533959686368028263e-01 1.196333358351257536e-01 7.844109588967207447e-01 3.769756078005403466e-01
2.489699627735704190e-01 6.414371987734245328e-01 1.461999567191124005e-01 7.585843691093357988e-01 3.620476120187200442e-01
2.695499528285661417e-01 6.349596929068618278e-01 1.719155655311138398e-01 7.473873688241150504e-01 3.530208193078508416e-01
2.966257165012931019e-01 6.319033020494371211e-01 2.032505699588020853e-01 7.353690730905617645e-01 3.464702047611435964e-01
3.266698806692893142e-01 6.277749013614180029e-01 2.345440767340413735e-01 7.185769834124683397e-01 3.365716253113762435e-01
3.527311680185966081e-01 6.223114717385920258e-01 2.587615499977420908e-01 7.018472459432281152e-01 3.226088082016723702e-01
3.829233023891854271e-01 6.187759643110634089e-01 2.891188551560621156e-01 6.837402585251349807e-01 3.057088256376092050e-01
4.090222788644259366e-01 6.185234225263436247e-01 3.180896661906506551e-01 6.675991306216085830e-01 2.940565065831340363e-01
4.352867847619728003e-01 6.182908150760429988e-01 3.485858751844115311e-01 6.425365478148068465e-01 2.842192494280584292e-01
4.504500647278611436e-01 6.141872082055118698e-01 3.689812336112001656e-01 6.116644803724070600e-01 2.752780109186788171e-01
4.455779700412325073e-01 5.937237616546459096e-01 3.864640671523053572e-01 5.756705821692410519e-01 2.672391446948671478e-01
4.227925432512523174e-01 5.742471548463873310e-01 4.043698498799138119e-01 5.496648127559261576e-01 2.810652491752861359e-01
4.036032958195721054e-01 5.702928144469240346e-01 4.080027078162160037e-01 5.268390635341072548e-01 2.959413810441428594e-01
3.847393929515000588e-01 5.652448412317209181e-01 4.054872755962960484e-01 4.993747564944070461e-01 3.241938068395822659e-01
3.844548139171359846e-01 5.439803852118840766e-01 4.025712682589067115e-01 4.878262532742094204e-01 3.650907749257134016e-01
3.949246273380720429e-01 5.123892017803308718e-01 4.020138539207160910e-01 4.870028583656018095e-01 4.015120543373918993e-01
4.086339577787247435e-01 4.825231595091595826e-01 4.121919719844838181e-01 4.835844923970370468e-01 4.287154992944506859e-01
4.288439655207749168e-01 4.648152062438226650e-01 4.399396147893390174e-01 4.782975008429213859e-01 4.478626209525626845e-01
4.569176878012551901e-01 4.587024295570578114e-01 4.767013737636637827e-01 4.708982221959941428e-01 4.587847303182335246e-01
4.853656161707445849e-01 4.562359552234535598e-01 5.071954597873372661e-01 4.665812296931861614e-01 4.676020723537664958e-01
5.155926228461429339e-01 4.555859930760976506e-01 5.327664651060464163e-01 4.726264410099106916e-01 4.890668618757418873e-01
5.406589207620613458e-01 4.543749644382967801e-01 5.463743743687904386e-01 4.860116692477717271e-01 5.189165789309188037e-01
5.735346615848646579e-01 4.422176593954535440e-01 5.646252867125115538e-01 4.844520785882384661e-01 5.342450448223023951e-01
5.976686482108138909e-01 4.267926644742197073e-01 5.838887020153846752e-01 4.799917401716294885e-01 5.552896312964922254e-01
6.144676980802757926e-01 4.119033222844873388e-01 5.905727032157358503e-01 4.784462364425179359e-01 5.796312759388247970e-01
6.286125687004184837e-01 3.873131006242542806e-01 5.851314811913018721e-01 4.750091495222208970e-01 6.148652766393069014e-01
6.361762060932460994e-01 3.602143175466506753e-01 5.855516531140242398e-01 4.660055733428986047e-01 6.441153480298242862e-01
6.362280985157412472e-01 3.305013040605526142e-01 5.838682731479216681e-01 4.544311065813425032e-01 6.720675140610380405e-01
6.239653309738327769e-01 2.993911940289880058e-01 5.739242002904594298e-01 4.361108203190398047e-01 6.916505174125519018e-01
6.049924035512672660e-01 2.723176321256554067e-01 5.585663977633108512e-01 4.123388892477066192e-01 6.893196577460501961e-01
5.920984606443892018e-01 2.439934221564966921e-01 5.372032591643580712e-01 3.949861874631842018e-01 6.760127937547784072e-01
5.898769327993305112e-01 2.157181480414053776e-01 5.108813864922061576e-01 3.973938749498507339e-01 6.890541051052039290e-01
5.818976796256118966e-01 1.976955236807365346e-01 4.727732360657680433e-01 3.901363142272980533e-01 7.038612957418698413e-01
6.073188056274313462e-01 1.917938587397763905e-01 4.755692553184456828e-01 3.626269082122741683e-01 6.866160716414224652e-01
6.487346126219055709e-01 1.835053300110061625e-01 4.851735639521391197e-01 3.373795492545720864e-01 6.816874071946578129e-01
6.868619871324468384e-01 1.803657127217818124e-01 4.928330952569618395e-01 3.175989158930445089e-01 6.740253247999220543e-01
7.286195321236702549e-01 1.769271672700419018e-01 5.012219032244336070e-01 2.959349356648618978e-01 6.656337228490408764e-01
7.686840070490683630e-01 1.736280385003781401e-01 5.092705848827397963e-01 2.751493269127484043e-01 6.575823604900788988e-01
8.006687760353088379e-01 1.709942370653152466e-01 5.156961083412170410e-01 2.585555016994476318e-01 6.511546969413757324e-01
