2.099598497152328491e-01 7.175976037979125977e-01 1.506956070661544800e-01 7.852171063423156738e-01 4.764776825904846191e-01
2.322675366853072521e-01 6.972307174005081265e-01 1.316182420423138710e-01 8.272957040859110212e-01 4.828613001979381036e-01
2.629376210321008323e-01 6.934047083558152469e-01 1.333078618318330466e-01 8.562735603522005912e-01 4.469739339208014250e-01
2.655890932397941273e-01 6.852105525534776254e-01 1.544021370383185099e-01 8.291713583917381669e-01 3.986281713007298610e-01
2.691593422284448422e-01 6.843704758646652619e-01 1.447740052119907139e-01 7.925238401627113793e-01 3.509741114539245421e-01
2.765810903677908272e-01 6.800175300864527150e-01 1.421415332206619198e-01 7.402910556714321633e-01 3.145570887604442478e-01
3.004544769336567334e-01 6.743997142383632015e-01 1.725039032874209899e-01 6.927474131804521873e-01 2.931652031246320678e-01
3.334654758367061045e-01 6.708954672312036349e-01 2.222080238681998499e-01 6.638146409376395329e-01 2.838211080320902080e-01
3.606578276928962268e-01 6.688922615570543906e-01 2.728963093810990448e-01 6.512741631479358473e-01 2.805637840979540165e-01
3.758182472042503885e-01 6.626941814095594907e-01 3.207240191936833740e-01 6.493885110333609267e-01 2.852792849701796807e-01
4.049087717995401570e-01 6.479823862553713010e-01 3.798178980685510964e-01 6.482108880202041012e-01 3.055624210960878329e-01
4.430031457018626107e-01 6.325550298926454484e-01 4.150999872699146498e-01 6.326703978099039727e-01 3.284926194593184023e-01
4.758437617807770303e-01 6.196484316102768286e-01 4.407388155520653439e-01 5.991921384216948310e-01 3.413073227641842400e-01
5.070272446904170449e-01 6.058998921787286385e-01 4.675737455226675054e-01 5.537653797779036324e-01 3.527964911541180970e-01
5.334911197027416563e-01 5.935301380599579124e-01 4.835867526155079310e-01 5.307127831515312533e-01 3.673284838287057541e-01
5.793902583513216298e-01 5.710024005845431017e-01 5.046948778300365257e-01 5.076455229127860846e-01 3.865117876561505184e-01
6.304788142650475935e-01 5.438880611817804578e-01 5.257408898515962825e-01 4.876810814536660654e-01 3.975469729066387070e-01
6.634528161369228627e-01 5.152565716071374480e-01 5.470729633130524405e-01 4.763766657070485078e-01 4.171589503269341748e-01
6.724591751107202864e-01 4.782786678485446696e-01 5.663640497740651814e-01 4.575499592313730934e-01 4.376520172431221933e-01
6.771890928818478095e-01 4.362078356317007910e-01 5.821589054971053612e-01 4.190897193236827745e-01 4.446466320230132996e-01
6.948486360206553858e-01 4.008501104246175450e-01 5.948804070416351397e-01 4.005446244766680541e-01 4.681094749707471192e-01
7.101617913690108086e-01 3.718174560978930177e-01 5.948333988603171640e-01 4.142654480317046195e-01 5.110656076133744952e-01
7.096673379945204196e-01 3.532919808252648619e-01 5.900370161409025371e-01 4.621845428473571604e-01 5.652958371326595177e-01
7.094896108522105171e-01 3.434583646095893950e-01 5.925498541799574248e-01 4.890095474314075097e-01 6.018796998935986853e-01
7.228200994715954231e-01 3.249999740828908856e-01 6.014142782087020800e-01 5.014442889949188853e-01 6.551445862911859930e-01
7.381089284674601236e-01 3.007649813118654647e-01 6.003000313827472345e-01 4.962244554765686821e-01 7.026628724439955009e-01
7.312354574441551902e-01 2.618824829628088602e-01 5.697300115179969593e-01 4.821354042012395702e-01 7.342822661638576109e-01
7.151409162168900213e-01 2.251005315236890847e-01 5.382278990340987335e-01 4.486575345604642551e-01 7.268181626928441608e-01
7.213085214165297909e-01 1.985315421370492939e-01 5.280554456755608417e-01 4.019425137244790891e-01 7.098519727938995549e-01
7.456508312624872126e-01 1.891119417200213260e-01 5.270781796008894293e-01 3.514455991871008878e-01 6.841448769897989779e-01
7.791847213087507162e-01 1.786178285379675934e-01 5.208549113328478919e-01 2.960482043257066653e-01 6.628733331688131392e-01
8.006687760353088379e-01 1.709942370653152466e-01 5.156961083412170410e-01 2.585555016994476318e-01 6.511546969413757324e-01
