2.099598497152328491e-01 7.175976037979125977e-01 1.506956070661544800e-01 7.852171063423156738e-01 4.764776825904846191e-01
2.243804015425930887e-01 6.980283524534525164e-01 1.340206076000221291e-01 7.913528275720667082e-01 4.695933426297348445e-01
2.478940145385696014e-01 6.822841261476715324e-01 1.169977385894727939e-01 8.046821994091131192e-01 4.572232572878782708e-01
2.722623971717562652e-01 6.646513167112878540e-01 1.043692906674578980e-01 8.130160805032446980e-01 4.359522753383521243e-01
2.902451188198901799e-01 6.479649842231745005e-01 1.005734548922155025e-01 8.058112226203765216e-01 4.117926656595906620e-01
3.024715260078054135e-01 6.454304421833456651e-01 1.147267945549162033e-01 7.761109047062174637e-01 3.929727001099551642e-01
3.160741010683572605e-01 6.557744697400470502e-01 1.356192539632525285e-01 7.570792591377304426e-01 3.819574777384093234e-01
3.360657436654039820e-01 6.679068234767978618e-01 1.564512945402811162e-01 7.507479300140316170e-01 3.637814998666902278e-01
3.563743558725012139e-01 6.744376284361780494e-01 1.761556226655984769e-01 7.544829837601508826e-01 3.354408331401002585e-01
3.692383497017336924e-01 6.710674690798974495e-01 2.034558990833703340e-01 7.517512069132861185e-01 3.136333193355402837e-01
3.775046670520210146e-01 6.644040606310508412e-01 2.382183406674928672e-01 7.332491371334031172e-01 3.067223649522454743e-01
3.846156353661882576e-01 6.600549851509016630e-01 2.626653723355271142e-01 7.185022245691335963e-01 3.042775696699625554e-01
3.966028447276673252e-01 6.542860750167427408e-01 2.959798127766185005e-01 6.981199207211599145e-01 3.020218863617701310e-01
4.088439148382196353e-01 6.486601248387520169e-01 3.284904664477274472e-01 6.781797402847464795e-01 3.001024763032393294e-01
4.197130007771567861e-01 6.436720823367880762e-01 3.575242585427040876e-01 6.602842991487807289e-01 2.984272164365526780e-01
4.195798542537005349e-01 6.447586969236692722e-01 3.859433508768154164e-01 6.338849581214295315e-01 2.984864173003329291e-01
4.336820413056131640e-01 6.477927813406916258e-01 4.122640091451549305e-01 6.142934008967805282e-01 3.029815707197436869e-01
4.616554274601289976e-01 6.422318400040348818e-01 4.310250805492175097e-01 6.049083813144136013e-01 3.113254218453990751e-01
4.837769618999944177e-01 6.298685911871033660e-01 4.452526171756133744e-01 5.866410420748421339e-01 3.263606922104225760e-01
4.970880816275331515e-01 6.164781268584913487e-01 4.586496698064534971e-01 5.640215114393763995e-01 3.446448759344681312e-01
5.056136640236200686e-01 6.035539574123548467e-01 4.796659034079767681e-01 5.413754876702387975e-01 3.686867017946956482e-01
4.923843812198470671e-01 5.872287744659290265e-01 4.878399870859257415e-01 5.250375300099869857e-01 3.942688334990454013e-01
4.683726590914864540e-01 5.657801473786603363e-01 4.783725731599585140e-01 5.159445589580786695e-01 4.135152301707664679e-01
4.605776660247974386e-01 5.333685647245585137e-01 4.836212249461959156e-01 5.058982381758008184e-01 4.384768338613208027e-01
4.611762905079098696e-01 5.087016148580355557e-01 5.015743162262077393e-01 4.943003575256708637e-01 4.562429459790132702e-01
4.612479636776930514e-01 4.893846938658865664e-01 5.215351770850528146e-01 4.705808254795084133e-01 4.657601559317021689e-01
4.856558375434598673e-01 4.783548260085735415e-01 5.363137973380192047e-01 4.462398737875798993e-01 4.735611697364189299e-01
5.134522561153199716e-01 4.619145128299220748e-01 5.364185135769824475e-01 4.448285033774447284e-01 4.944327306792823951e-01
5.268161088112673918e-01 4.425120587973951913e-01 5.348278885476012157e-01 4.448129633784484449e-01 5.124881368480215249e-01
5.477799404109296999e-01 4.154860967248093506e-01 5.369207745822197619e-01 4.438917350664575712e-01 5.287138892921771083e-01
5.723324541722980552e-01 3.882321702228048732e-01 5.432645525655858121e-01 4.384902480263462299e-01 5.339717858444926746e-01
5.939701956500125224e-01 3.575456617951695559e-01 5.483356244530961376e-01 4.263066159474496741e-01 5.458014293132485983e-01
5.980779182026912943e-01 3.382399056784123892e-01 5.416796911530196157e-01 4.226140953606047912e-01 5.754295093123189542e-01
5.968008800872006692e-01 3.234945707756516353e-01 5.299236350375576832e-01 4.264070026064644692e-01 6.117683501748520936e-01
6.042297732088356410e-01 3.035310114417614225e-01 5.237455396595521728e-01 4.318252189800554364e-01 6.455731466230412163e-01
6.321391907238573804e-01 2.810640739583162295e-01 5.302251103283388556e-01 4.352464542206280762e-01 6.713460252512919446e-01
6.617401853207639517e-01 2.760536358112631872e-01 5.462771516837888752e-01 4.339275823303972435e-01 6.891631333568751794e-01
6.878529683995149302e-01 2.541265086500584802e-01 5.492799199755645789e-01 4.298790963278574795e-01 6.918642337689158150e-01
7.132824109071020935e-01 2.342672030859866139e-01 5.435609635077485180e-01 4.123587787145184258e-01 6.775085209726774416e-01
7.292598034730624068e-01 2.184532761887885144e-01 5.378206547234098966e-01 3.833780322115369898e-01 6.681316788219159308e-01
7.443380809157162936e-01 2.016083978794895037e-01 5.336441322204440452e-01 3.473735501577628892e-01 6.645319623712866441e-01
7.630571672525586768e-01 1.869800211629897568e-01 5.253451759117141462e-01 3.137774787678830335e-01 6.600476023039900664e-01
7.841082858010048895e-01 1.780328198328422207e-01 5.199446181615319240e-01 2.828698833905655130e-01 6.550702665534819946e-01
8.006687760353088379e-01 1.709942370653152466e-01 5.156961083412170410e-01 2.585555016994476318e-01 6.511546969413757324e-01
