2.099598497152328491e-01 7.175976037979125977e-01 1.506956070661544800e-01 7.852171063423156738e-01 4.764776825904846191e-01
2.112599959604958832e-01 7.087426141291444104e-01 1.242920966991232778e-01 8.263278783195500132e-01 4.649120130324228550e-01
2.570659707806108862e-01 7.046196817303209681e-01 1.402694306605891117e-01 8.519052184633710834e-01 4.386415020199127546e-01
3.087088115296269253e-01 7.060496628875160274e-01 1.795065405501216904e-01 8.469860454101162395e-01 4.244581215062033230e-01
2.896047815007681825e-01 6.959975024612629069e-01 1.690961153634215619e-01 7.947942639094418560e-01 4.035608960561024583e-01
2.697391634729433552e-01 6.897419975442445894e-01 1.484511060044478303e-01 7.531525633349535065e-01 3.742988773860361773e-01
2.670923321109643367e-01 6.805769512837098745e-01 1.389356307088249753e-01 7.179383803192440627e-01 3.405883716357591129e-01
3.030606511849653906e-01 6.719487838934854462e-01 1.857804577818831515e-01 7.085512506958467904e-01 3.163355415649825031e-01
3.361531639563736240e-01 6.657871072474002005e-01 2.297273350322742991e-01 7.032510162934493270e-01 2.983840411567471596e-01
3.760617391556373423e-01 6.776529711731571481e-01 2.807977440885304765e-01 7.009857710853657498e-01 3.059128558641939777e-01
4.071305277424251412e-01 6.629623214019383370e-01 3.198150255871890502e-01 6.882114337528510983e-01 3.152656583914031363e-01
4.362995646091882285e-01 6.324874306004450997e-01 3.627695599406928761e-01 6.645634942394056388e-01 3.257002574599039968e-01
4.632106256325503879e-01 5.995581825487126260e-01 4.000626755175485938e-01 6.154607304198188578e-01 3.394829146016190013e-01
4.868887291268612083e-01 5.657772221796139034e-01 4.213793214390581521e-01 5.635376632190327584e-01 3.461594769912137992e-01
5.057792683058922600e-01 5.386375062624203514e-01 4.370480415774558036e-01 5.220838464688687397e-01 3.518550920518931369e-01
5.411757151830745016e-01 5.141189110521930949e-01 4.692377165137254225e-01 4.745635904586532061e-01 3.684998076591207705e-01
5.850550955915907458e-01 4.953505934970520719e-01 5.106268295451013017e-01 4.508985798691821922e-01 3.844772792196795574e-01
6.278219347748841273e-01 4.709960992375561983e-01 5.373860879669305479e-01 4.382330220662560838e-01 4.032603358938195437e-01
6.661963441932873264e-01 4.529821735872955335e-01 5.513391858940349666e-01 4.254957382789312792e-01 4.169529901042236530e-01
6.964185212731820451e-01 4.168835754948362893e-01 5.694337225895413912e-01 3.917989095495807428e-01 4.415221728537023771e-01
6.956736839272111839e-01 3.802180462282696016e-01 5.855662745085102872e-01 3.880993604941732622e-01 4.934863644817555350e-01
7.002868809653544080e-01 3.655404656115368023e-01 5.938339250951018000e-01 4.052530849867070906e-01 5.337642760361721583e-01
7.084216930100569742e-01 3.471570656965937696e-01 5.971229500111709942e-01 4.384240703936088668e-01 5.931000588189112577e-01
7.074737784418062558e-01 3.178814822341002322e-01 5.793944617843468370e-01 4.641014748167228143e-01 6.493612126590863065e-01
6.986911367289607711e-01 2.806942582670207686e-01 5.525353842428832873e-01 4.708227831957113585e-01 6.948931068812614908e-01
6.701218227438887620e-01 2.425668106090796694e-01 5.295128784779650211e-01 4.661993972594407620e-01 7.331727905146665503e-01
6.447536410606647950e-01 1.966088864910460476e-01 5.217384195060681407e-01 4.374763187619217786e-01 7.416796782235212104e-01
7.025181429740574579e-01 1.862520347947309585e-01 5.311871891591816164e-01 4.022836670926421831e-01 7.227086001616618294e-01
7.443964823325864844e-01 1.790554301499620582e-01 5.313437457152830889e-01 3.526823059897323809e-01 7.025906144247502372e-01
7.791971358407931980e-01 1.740701208806515188e-01 5.216667275835236151e-01 2.944711671432181932e-01 6.707809364387785633e-01
8.006687760353088379e-01 1.709942370653152466e-01 5.156961083412170410e-01 2.585555016994476318e-01 6.511546969413757324e-01
