2.099598497152328491e-01 7.175976037979125977e-01 1.506956070661544800e-01 7.852171063423156738e-01 4.764776825904846191e-01
2.011364202102838283e-01 7.114088364593958991e-01 1.232773750039908855e-01 8.070789191748092284e-01 4.689378771740932983e-01
2.016022460402680239e-01 6.827967355074195943e-01 9.711009808506523844e-02 8.251353355002247758e-01 4.614377426499915447e-01
2.286803320596357270e-01 6.612363711194355620e-01 8.969056389618909608e-02 8.356155800658646715e-01 4.466542490448084934e-01
2.691904896023142868e-01 6.607900051525092966e-01 1.024057394818725791e-01 8.310189028958887558e-01 4.463218884899790018e-01
2.986587892680641065e-01 6.699231846053504968e-01 1.224080684880100578e-01 8.072135648306811850e-01 4.340591551669168990e-01
3.177098321616224075e-01 6.759264069039412348e-01 1.403373666220903981e-01 7.893309820357574669e-01 4.163520644932348636e-01
3.380095197277084296e-01 6.725997687265827807e-01 1.555608137397382074e-01 7.741142074971197884e-01 3.826128946028461431e-01
3.514345157219700422e-01 6.630659306587601831e-01 1.710742814840925941e-01 7.725660117573300845e-01 3.531397648802282463e-01
3.614974573701181249e-01 6.498266802514318652e-01 2.026853933766627203e-01 7.741524086698603480e-01 3.270782561096154950e-01
3.743743508800952413e-01 6.422797376884903375e-01 2.350206441528728540e-01 7.661142468981014808e-01 3.099456619500646770e-01
3.896519953794853053e-01 6.434746056526057245e-01 2.711782628911212911e-01 7.463288071868769968e-01 3.002307442002284388e-01
4.017273842205308365e-01 6.511502133231406031e-01 3.093765311032194987e-01 7.219120678627481968e-01 2.974898960196840081e-01
4.115167786589741250e-01 6.604320192431555325e-01 3.466094263527446651e-01 6.978319887839394831e-01 2.974424688604048739e-01
4.173574404034458007e-01 6.663600751796057153e-01 3.711178328197507481e-01 6.814144155591973506e-01 2.973028654795978332e-01
4.234181965668322722e-01 6.695270594302847877e-01 3.997261339801940760e-01 6.579776591419225218e-01 2.932683797884764187e-01
4.415397645429642859e-01 6.661254870387322002e-01 4.306980354229854591e-01 6.334578079729881184e-01 2.867612910647833746e-01
4.734880411537973899e-01 6.614494856897863428e-01 4.548732915044729208e-01 6.222299125725127000e-01 2.901329218673120991e-01
5.082174970869870467e-01 6.564356997255208492e-01 4.746538994292859859e-01 6.101067731055107579e-01 3.034926878876922918e-01
5.355085454091446096e-01 6.498316373731430895e-01 4.899140093095902815e-01 5.840177467622075236e-01 3.187049129110904877e-01
5.456889924206739240e-01 6.393603141453363392e-01 4.972490107829954376e-01 5.548298884830479283e-01 3.362033059519611289e-01
5.454153166779398543e-01 6.160581758953100895e-01 5.011430703751601490e-01 5.431017542148771637e-01 3.737712943736463123e-01
5.483300376927147113e-01 5.862659542250835409e-01 5.035412262068980072e-01 5.363424534044485270e-01 4.055915566797438365e-01
5.506981767086174262e-01 5.552814176464114793e-01 5.048154914143758720e-01 5.221712665562813216e-01 4.271734502245375653e-01
5.484740354294374010e-01 5.248704677581181866e-01 5.038019790821541832e-01 4.996095383738290430e-01 4.462310778100732622e-01
5.446219180592097864e-01 5.007646559649127083e-01 5.029500207905285292e-01 4.774590359335099676e-01 4.621863399266025185e-01
5.470020701467441793e-01 4.723348476391591722e-01 5.109778166391257814e-01 4.544150985200876014e-01 4.759648847059240184e-01
5.603340253127417903e-01 4.443451959483313285e-01 5.267944090040043159e-01 4.389246436422244990e-01 4.873868814128347049e-01
5.802755381985496008e-01 4.203400541534482726e-01 5.421920126305821430e-01 4.311575922489377932e-01 5.011580244847702037e-01
6.056594865516595760e-01 4.001066814605047095e-01 5.553136901243932444e-01 4.284078580682890158e-01 5.153899939041304279e-01
6.429644020738747301e-01 3.784097477396078379e-01 5.624970688284439690e-01 4.283184427223810098e-01 5.226433735848614592e-01
6.718611877809196331e-01 3.526034499916982368e-01 5.507005771563797669e-01 4.349562140783211905e-01 5.253738648935573075e-01
6.957518272054104003e-01 3.353860608788126196e-01 5.491887167621030130e-01 4.453362128559930633e-01 5.576823123155778550e-01
7.078833207521746385e-01 3.202673779441695956e-01 5.592430588486090315e-01 4.492851785152889299e-01 5.952936020533750039e-01
7.073053850434075640e-01 3.001234800075358589e-01 5.655634349807766581e-01 4.498110857536259943e-01 6.296621574820400191e-01
6.968120746111852171e-01 2.767404184264824485e-01 5.578046138637093865e-01 4.413816334357941740e-01 6.664313493660893872e-01
7.012827884570080883e-01 2.627041526648293823e-01 5.538640728583095196e-01 4.385059783256221033e-01 6.992416756986625792e-01
7.149232810782384373e-01 2.523072753089251608e-01 5.535393636261222161e-01 4.530276649956568313e-01 7.346136271762011560e-01
6.901013463084845201e-01 2.441842143987801583e-01 5.467469914782707718e-01 4.335086151619629291e-01 7.121652903867238260e-01
7.051163022442719086e-01 2.348482385153476404e-01 5.419940964526425153e-01 4.132109617270433022e-01 6.834860233590930312e-01
7.427339324847179736e-01 2.200383758397434775e-01 5.392317191023417999e-01 3.910196998768404320e-01 6.691371234051630701e-01
7.539556062369980882e-01 1.957454546526509742e-01 5.289309970264688410e-01 3.595304475542915879e-01 6.698024888178050196e-01
7.672001243009429761e-01 1.807385749988108525e-01 5.213238456531357201e-01 3.211253724309625635e-01 6.657026131142143033e-01
7.872396978839127923e-01 1.749040890868761022e-01 5.179542012209994439e-01 2.836612541105459351e-01 6.569919533918472387e-01
8.006687760353088379e-01 1.709942370653152466e-01 5.156961083412170410e-01 2.585555016994476318e-01 6.511546969413757324e-01
