2.099598497152328491e-01 7.175976037979125977e-01 1.506956070661544800e-01 7.852171063423156738e-01 4.764776825904846191e-01
2.277316058753288686e-01 7.210719151575154529e-01 1.507205786434447359e-01 8.326140517757277815e-01 4.639776087907023228e-01
2.352266848430018265e-01 7.355695389206370338e-01 1.368445031307336524e-01 8.794873644730326623e-01 4.725914825700480160e-01
2.525477771534662130e-01 6.907949534296193850e-01 1.296552278388938273e-01 8.549377314198998157e-01 4.362093793840377542e-01
2.738110033576400815e-01 6.685460752112033500e-01 1.309663569191156784e-01 8.257030053199952979e-01 4.088834973560750430e-01
3.096494960460304813e-01 6.519844638237710654e-01 1.432194845919576021e-01 7.994327864659271921e-01 3.802616535725696356e-01
3.356051093769701898e-01 6.492727020097592838e-01 1.627915149546228235e-01 7.679230209236467264e-01 3.461831834106766093e-01
3.457207044576148247e-01 6.541412344172000681e-01 1.897689141356711240e-01 7.262007162331292065e-01 3.064182103179722283e-01
3.495450786379233898e-01 6.581868027810464650e-01 2.326236506595535380e-01 6.914168878320864353e-01 2.716234666690223731e-01
3.600021250430890940e-01 6.583304544368254740e-01 2.843424559815486141e-01 6.815444813139573954e-01 2.498667923645629396e-01
3.812199986256701312e-01 6.498833106209569443e-01 3.365804155162424038e-01 6.768149322673915336e-01 2.389125923960485620e-01
4.079510075963155846e-01 6.291645651876330847e-01 3.832383585009881410e-01 6.607104275826429785e-01 2.420615228664748653e-01
4.300606020792184236e-01 6.101777055156915042e-01 4.135835082880677249e-01 6.340725843665966366e-01 2.463921725091166581e-01
4.512064269132237126e-01 5.944999993350756906e-01 4.404663813751481527e-01 5.972452463038120385e-01 2.486266003171442862e-01
4.600595904683044690e-01 5.778905103691210909e-01 4.577684746719141717e-01 5.464469055550984500e-01 2.734366983391467998e-01
4.530354423149173249e-01 5.655337017786178366e-01 4.563791022970963285e-01 5.078361024356294884e-01 3.151063267187219630e-01
4.590019546952761043e-01 5.538972441902404453e-01 4.585633970420449068e-01 4.756960470231620941e-01 3.538115145404662210e-01
4.997173107838553952e-01 5.429682959769183137e-01 4.816746026466195985e-01 4.646399957815762205e-01 3.762004957117091042e-01
5.456051132206131138e-01 5.391659786045982505e-01 5.044772871637771550e-01 4.783745910865526141e-01 3.886091438480222537e-01
5.949576951480670672e-01 5.380683164092877613e-01 5.240240377012816975e-01 4.889702965630695619e-01 4.085869829911611406e-01
6.417941105651686629e-01 5.285076860962969469e-01 5.530075935331340009e-01 4.828068247678527491e-01 4.388490947173961376e-01
6.555246187852110662e-01 4.959919431169964588e-01 5.872185467301650474e-01 4.730631596042213505e-01 4.752214321558976828e-01
6.495902539677961274e-01 4.520022005176291269e-01 5.982031734735293593e-01 4.671823181438620187e-01 5.070039579368211813e-01
6.560779355572849969e-01 4.146206044837640325e-01 5.944727658219021160e-01 4.685787142417861539e-01 5.371968978889463120e-01
6.794249910446440444e-01 3.804911735181447097e-01 5.946659609106450528e-01 4.727084950020340459e-01 5.761334028214518677e-01
7.045177736837698879e-01 3.535170088933199395e-01 6.021557911760436754e-01 4.735464114753339393e-01 6.163823812411184377e-01
7.249833869381275830e-01 3.212094211028733715e-01 6.071147171679535104e-01 4.727421259780640317e-01 6.617354674050255348e-01
7.390238215561522050e-01 2.852954553579861163e-01 6.015506846381516448e-01 4.680005461516016374e-01 6.963198544697714043e-01
7.563332578710003640e-01 2.418415265197267627e-01 5.803540659369330612e-01 4.543010985866869356e-01 7.133899098577096698e-01
7.735207626285061089e-01 2.028140558936137872e-01 5.431178592725739440e-01 4.266021773639344095e-01 7.015245949817305871e-01
7.731309831376561581e-01 1.864343237597442804e-01 5.285448375190207049e-01 3.746892251168686960e-01 6.773412869289946459e-01
7.909386407742469149e-01 1.757132413778333124e-01 5.230825368769758121e-01 3.062335866304450871e-01 6.619143457330501912e-01
8.006687760353088379e-01 1.709942370653152466e-01 5.156961083412170410e-01 2.585555016994476318e-01 6.511546969413757324e-01
