2.099598497152328491e-01 7.175976037979125977e-01 1.506956070661544800e-01 7.852171063423156738e-01 4.764776825904846191e-01
2.533561390435540850e-01 7.146415382013781015e-01 1.717804570435489120e-01 8.010419042977330317e-01 4.891200558008422794e-01
3.039604869858999470e-01 6.978985941158905026e-01 1.949674045685378387e-01 8.145593765512282314e-01 5.017052917202424744e-01
3.511039700999596391e-01 6.793046696203732804e-01 2.268913233746512326e-01 7.967179766017792319e-01 4.715973035765250176e-01
3.743598049635024072e-01 6.705270775102554204e-01 2.465302078617322701e-01 7.753807886754171541e-01 4.411973658435208723e-01
3.808426787635495470e-01 6.575156763703489116e-01 2.674415724531435945e-01 7.350051699296016317e-01 4.088375648207339674e-01
3.672196196039347882e-01 6.430679847105429392e-01 2.619114080420435475e-01 6.812342243751867699e-01 3.869209366268274719e-01
4.009425645852519593e-01 6.405191590331156259e-01 2.735934347988089876e-01 6.452891160267832937e-01 3.564008601177047209e-01
4.256013084902802168e-01 6.384403654819487128e-01 3.306905585775501422e-01 6.138782540045008007e-01 3.512381733086478164e-01
4.545010183183099683e-01 6.370822761018475333e-01 3.797217216681327279e-01 6.053697641636217597e-01 3.543030371019559865e-01
4.890647720577940283e-01 6.092626954092729141e-01 4.392516649668722906e-01 5.789238797800115854e-01 3.587577940530481402e-01
5.288200723322380448e-01 5.934977126621013843e-01 4.750871421683406370e-01 5.595786398606379386e-01 3.626331872309590532e-01
5.888576853993316984e-01 5.833843285616210350e-01 5.118450998178233347e-01 5.410133367011706884e-01 3.677357335728926868e-01
6.284404089717878783e-01 5.669554698364439593e-01 5.522198316863936585e-01 5.031917875995766121e-01 3.750906593551364687e-01
6.619867247849647862e-01 5.339555706058971563e-01 5.729756800332570510e-01 4.755297579240105876e-01 3.946358537378371611e-01
6.746006971433878840e-01 4.895138528165776659e-01 5.746805565648384073e-01 4.462134450088532933e-01 4.202097576516850008e-01
6.979857274777976350e-01 4.389152644605613385e-01 5.764084706446808148e-01 4.286918961897267510e-01 4.500442396372010823e-01
7.168097635034164083e-01 3.891123090546000363e-01 5.739075876910934015e-01 4.277352075427685585e-01 5.064146232441331108e-01
7.143239483194788741e-01 3.588419656037704630e-01 5.637810520117055857e-01 4.294489038835107020e-01 5.641718430639580673e-01
7.049482202885251070e-01 3.384092340344066474e-01 5.526891154663871042e-01 4.316172804092837101e-01 6.095631481255460171e-01
6.870304582074371336e-01 3.018214816442407189e-01 5.397866955455211668e-01 4.426898059032486343e-01 6.639598206154763149e-01
6.552407077789967893e-01 2.653753842465032542e-01 5.270951420997124215e-01 4.589449712107722679e-01 7.066069115234679954e-01
6.320680642225176005e-01 2.136203148989725964e-01 5.016458973827506718e-01 4.515153648299540246e-01 7.453278045142629482e-01
6.954553730597931027e-01 2.005954443042483881e-01 5.088625074436471385e-01 4.156820432289136114e-01 7.249679534016579829e-01
7.461474250117535734e-01 1.878198242055197364e-01 5.122280839967020549e-01 3.599998569224053258e-01 6.968096212325803895e-01
7.783357561584746120e-01 1.778863291537751690e-01 5.142755372224651067e-01 3.001091088470059232e-01 6.698558536905970806e-01
8.006687760353088379e-01 1.709942370653152466e-01 5.156961083412170410e-01 2.585555016994476318e-01 6.511546969413757324e-01
