2.099598497152328491e-01 7.175976037979125977e-01 1.506956070661544800e-01 7.852171063423156738e-01 4.764776825904846191e-01
2.408915307626688374e-01 7.158411287555286329e-01 1.592706549088174495e-01 7.919832768996002414e-01 4.693626506757656580e-01
2.772923895218850632e-01 7.135475748591053602e-01 1.683015367639670301e-01 8.018704834553282979e-01 4.614067111738937577e-01
3.033310677774890829e-01 6.932006667481170892e-01 1.612942291359213409e-01 8.127895801295117462e-01 4.359959208493635052e-01
3.270284729530376633e-01 6.905820491463291466e-01 1.772746699107069779e-01 7.972943065156368192e-01 4.165347281804562818e-01
3.455984147154436692e-01 6.935932149742163322e-01 1.991922733895813147e-01 7.762905812462774779e-01 3.935094455407908143e-01
3.563308972518108853e-01 6.987790783466543143e-01 2.258651204720419914e-01 7.519806927645498185e-01 3.648582234189323703e-01
3.663389381452225591e-01 7.015649730355023594e-01 2.525532870404964547e-01 7.306532647752737031e-01 3.377124271753119134e-01
3.791619440046750666e-01 7.000519818984349829e-01 2.706406645110434606e-01 7.158216624224835734e-01 3.195581339871521598e-01
3.982376972406240778e-01 6.952106379944270609e-01 2.906270963210471070e-01 6.990258099601436292e-01 2.979089196467117895e-01
4.206397807735617334e-01 6.879163155228984472e-01 3.122968683549410818e-01 6.846469607973231231e-01 2.758000608139929977e-01
4.433954250724968515e-01 6.800672688417997991e-01 3.396658952769821549e-01 6.738198451273300638e-01 2.599516193232337957e-01
4.646067889327053502e-01 6.680872082948303703e-01 3.746538083507269246e-01 6.597488711357540891e-01 2.565996369831340940e-01
4.765456880436597653e-01 6.470330036054643408e-01 4.039912713881192441e-01 6.376946425970483334e-01 2.634925699507894015e-01
4.835582248625607815e-01 6.208015062761236269e-01 4.244090822409271602e-01 6.138932007069405339e-01 2.714598169203191191e-01
4.956781497450621354e-01 5.960786298716641562e-01 4.425488389634937847e-01 5.937619618764826690e-01 2.799612800986053807e-01
5.168246419225334121e-01 5.734059137078106883e-01 4.609929840868982054e-01 5.751636829579165333e-01 2.903642535955213155e-01
5.436927418368255882e-01 5.527562135646484354e-01 4.776807376655330395e-01 5.561444471333177875e-01 3.027018894844834551e-01
5.621108246424150190e-01 5.370721659154561456e-01 4.891044788560002798e-01 5.394298910540641367e-01 3.137811066469893828e-01
5.763979667995990930e-01 5.141838785647410148e-01 5.042937796347954915e-01 5.118938731958857513e-01 3.330840757634010441e-01
5.699596114755607346e-01 4.962198300514023552e-01 5.142458298435207409e-01 4.859703954423290617e-01 3.557956065032163995e-01
5.592043761029799054e-01 4.815658225606189169e-01 5.212921675058168614e-01 4.638319711941084611e-01 3.867298635921225247e-01
5.714779064012507348e-01 4.684961326253160308e-01 5.297593402774553040e-01 4.508205465801055079e-01 4.232986527754642458e-01
5.971894655312521838e-01 4.593559340876285924e-01 5.386982411640804935e-01 4.490070392261986676e-01 4.458282698332016181e-01
6.303656228579544996e-01 4.438781071487413743e-01 5.517445351910713613e-01 4.505530763282785678e-01 4.719591554616699991e-01
6.516983203966995042e-01 4.232572073833405502e-01 5.620551010628864752e-01 4.530382103245095826e-01 4.971223386349007400e-01
6.670388127454567329e-01 4.007402513427073543e-01 5.691079778009174861e-01 4.540916125188769747e-01 5.217903035652470267e-01
6.877258032533004606e-01 3.711072072524083110e-01 5.762910025573955153e-01 4.520731758007892620e-01 5.549875610903003409e-01
7.068571170815011184e-01 3.482450240782158923e-01 5.808864275782306130e-01 4.461054754808188583e-01 5.866872382873110636e-01
7.209315398489399840e-01 3.289717749291050652e-01 5.822548095460956530e-01 4.393431869697516090e-01 6.237690432697589049e-01
7.247455007359616674e-01 3.117654562616590797e-01 5.776709334965097753e-01 4.361602884459338525e-01 6.578728858249798250e-01
7.267972661306366655e-01 2.842450404792948859e-01 5.681125986845123599e-01 4.334380081719387823e-01 6.901577420610702784e-01
7.299833177030264908e-01 2.506899509947326798e-01 5.575350530732873233e-01 4.252572798309977031e-01 7.066862612384977593e-01
7.317839455893599965e-01 2.166536380546570106e-01 5.428402721651538476e-01 4.046596937578328945e-01 7.121066709903419722e-01
7.392761310085570470e-01 1.919353588863190185e-01 5.245300932737297916e-01 3.672675893448389961e-01 7.043377986009347058e-01
7.595898704370804833e-01 1.833458652205338102e-01 5.177696703422512980e-01 3.301558525191261029e-01 6.853790131424437604e-01
7.828600429330450083e-01 1.762129138839623188e-01 5.166547249650420559e-01 2.903329674312701836e-01 6.661810243458983205e-01
8.006687760353088379e-01 1.709942370653152466e-01 5.156961083412170410e-01 2.585555016994476318e-01 6.511546969413757324e-01
