2.099598497152328491e-01 7.175976037979125977e-01 1.506956070661544800e-01 7.852171063423156738e-01 4.764776825904846191e-01
2.605792849586817117e-01 7.051762956831177931e-01 1.480676560406539166e-01 8.079478568690070528e-01 4.623075692746537180e-01
3.240972051581060276e-01 6.757077998892341286e-01 1.457363297303551908e-01 8.010480103536687935e-01 4.225423438108719121e-01
3.608868977336236461e-01 6.414352348905932866e-01 1.771264703064190371e-01 7.522546528200980687e-01 3.977772439468717502e-01
4.134371312071721816e-01 6.416915761243267013e-01 2.221636895543950274e-01 7.037322579348289642e-01 3.843458534692664186e-01
4.444090286421976677e-01 6.508299662489469561e-01 2.620807294094806283e-01 6.491505777894737150e-01 3.717421005294850866e-01
4.444092373938839380e-01 6.445270182389886138e-01 3.187956649056490899e-01 6.367851463404536894e-01 3.557372092987366452e-01
4.877304412722383575e-01 6.246200106970225541e-01 3.745449819061736352e-01 6.211425737501251598e-01 3.600078971610193301e-01
5.226831272278801288e-01 6.102252975368114285e-01 4.177440357554920713e-01 6.024845957099099758e-01 3.641931223270655771e-01
5.608729187739598387e-01 5.966519411316739685e-01 4.712417961384482434e-01 5.760616838432104370e-01 3.611965528355507438e-01
6.004878483292614977e-01 5.903555971276143177e-01 5.266890785530246033e-01 5.501053885706256308e-01 3.345279329518867639e-01
6.341759775075012096e-01 5.731596735758506256e-01 5.550193434426786698e-01 4.921962780068571686e-01 3.197430348567087965e-01
6.238300461632004801e-01 5.139679369445520063e-01 5.575937132460394574e-01 4.483536757968842879e-01 3.556422976727642293e-01
6.323156782243218865e-01 4.651707257509445914e-01 5.684527389927768182e-01 4.068641266704359771e-01 3.984274101014612102e-01
6.524161014558349514e-01 4.269095455748275758e-01 5.740741704658453015e-01 4.045980719907327217e-01 4.432868771959312948e-01
6.501113008085395162e-01 3.992703663569572292e-01 5.646662520649288197e-01 4.321048837306115109e-01 5.000204562174701550e-01
6.205457710945520011e-01 3.841557311322173485e-01 5.520414511705556970e-01 4.485919028083352744e-01 5.605589170379641217e-01
5.998812669387776353e-01 3.499127598111456128e-01 5.543711081600759538e-01 4.570690513968936886e-01 6.402066052680018826e-01
5.480098985097394682e-01 3.154089615982539896e-01 5.423718348993094018e-01 4.639314048747655295e-01 6.595845488065622542e-01
5.552169797387712658e-01 2.541818102271456437e-01 5.081707557310047862e-01 4.687889883413717818e-01 6.827937710817116868e-01
6.215727753702019465e-01 2.328465219449694368e-01 4.964545331242045112e-01 4.620747458108372951e-01 7.164614867674614640e-01
6.740668245689193094e-01 2.163949177734141860e-01 4.938739297667375516e-01 4.417121448930285132e-01 7.338964268274498215e-01
7.290225306321059806e-01 1.975917616855520642e-01 5.065806845648039847e-01 3.779242062694534998e-01 7.231388608856630373e-01
7.732801316578575834e-01 1.813220187777273285e-01 5.115887231712434868e-01 3.054210705256490410e-01 6.794330512396883348e-01
8.006687760353088379e-01 1.709942370653152466e-01 5.156961083412170410e-01 2.585555016994476318e-01 6.511546969413757324e-01
