2.099598497152328491e-01 7.175976037979125977e-01 1.506956070661544800e-01 7.852171063423156738e-01 4.764776825904846191e-01
2.150935286153489168e-01 6.943776124257610149e-01 1.206279300492412165e-01 8.249762384799365078e-01 4.880164755454220460e-01
2.573403105928777634e-01 6.738786086621678662e-01 1.198658784491770379e-01 8.228843314380989149e-01 4.587508782564340692e-01
2.805455103983323650e-01 6.704388851025288032e-01 1.424460461903117869e-01 7.898581066991002819e-01 4.194408675572248724e-01
3.101022206178217777e-01 6.786921098248414053e-01 1.768139205634220168e-01 7.700040202339142326e-01 4.082716887218199031e-01
3.434697494335862133e-01 6.803828093180471770e-01 2.066743273654098045e-01 7.417318072557006481e-01 3.848433264908184825e-01
3.680773318398881666e-01 6.764022972983672055e-01 2.306288284391256049e-01 7.157752814431037613e-01 3.611019331950724998e-01
3.914701871531874877e-01 6.678078704445806757e-01 2.529224186380064632e-01 6.878110635744222323e-01 3.263041936185925307e-01
4.098964043970845794e-01 6.595949107394669664e-01 2.739508751772796180e-01 6.717851233633662655e-01 2.704229189153876112e-01
4.349956875738349993e-01 6.548447792975721216e-01 3.264166110460965387e-01 6.646942323286783028e-01 2.632841901433942700e-01
4.632128994857219739e-01 6.491516283691303180e-01 3.827023564099408803e-01 6.575863274050578466e-01 2.723180836246669734e-01
4.886364624879351859e-01 6.405508367969583450e-01 4.264389512121134485e-01 6.489709632099271985e-01 2.701107780621528343e-01
5.037273120794413250e-01 6.101591963318467871e-01 4.594150812103395820e-01 6.290953108480070721e-01 2.435814762237482889e-01
4.951778926945110126e-01 5.808270166776329235e-01 4.770313087954022313e-01 5.968425621575044193e-01 2.313078295996731093e-01
4.699268897511322818e-01 5.674514710025999609e-01 4.928011719984172201e-01 5.552487057468354914e-01 2.459584268603134116e-01
4.625431743938251405e-01 5.680763694705533995e-01 5.022011332413622853e-01 5.326492515596301658e-01 3.104418994473882587e-01
4.865853116944496848e-01 5.627795495978863416e-01 4.952133973911067577e-01 4.824592902627389823e-01 3.371217694578347857e-01
5.049747283587350255e-01 5.554326996497834790e-01 4.955666064436370921e-01 4.364959930085696160e-01 3.615503862559619752e-01
5.175645139142517337e-01 5.243642532271504120e-01 4.995316389179343397e-01 4.225202967944775012e-01 3.993023402152864332e-01
5.536381175416414946e-01 4.983752824889249311e-01 5.130251201541172756e-01 4.413812831131003755e-01 4.232074417461191840e-01
6.033510263779479077e-01 4.824342338351400583e-01 5.337207497645048981e-01 4.508879118229233152e-01 4.182988281640075967e-01
6.434315076027933289e-01 4.639592321743120640e-01 5.531947270789667748e-01 4.572237174892947453e-01 4.204838998469235811e-01
6.636366942959255333e-01 4.217939602930797505e-01 5.725621727408806150e-01 4.632899860086585608e-01 4.588648585175474359e-01
6.406986632213212962e-01 3.888865916175657800e-01 5.652095277828331765e-01 4.751848571195579907e-01 4.920714743175458317e-01
6.127364201675818967e-01 3.644597483215708533e-01 5.493784253439645271e-01 4.848604410782219598e-01 5.117097379629488296e-01
5.966542004430962498e-01 3.358522096451598826e-01 5.404749894539658817e-01 4.837083914027410780e-01 5.597545828089319775e-01
6.001504567585328465e-01 3.288197344998967653e-01 5.496782849555299499e-01 4.726724247886902042e-01 6.026897948083120848e-01
6.029470288502790654e-01 3.227601754535632805e-01 5.528145410434510687e-01 4.686524476508357462e-01 6.626354047496477717e-01
6.237547746283390593e-01 3.100299057211481357e-01 5.473682287713236283e-01 4.797931243946906288e-01 7.087151557166467830e-01
6.626044746781973860e-01 2.931059218367084163e-01 5.585885197411980529e-01 4.632888229468630215e-01 7.418760058386710821e-01
7.145954846495800039e-01 2.798049294389942654e-01 5.559730783676178900e-01 4.444110889936155329e-01 7.485333526738784382e-01
7.342453703709276303e-01 2.495988608749590276e-01 5.360903216705690255e-01 4.201514241717353437e-01 7.362181399517506719e-01
7.257170843977969188e-01 2.183068312068349726e-01 5.205845333011969167e-01 3.878200851890107881e-01 7.152844449615151090e-01
7.511005871688700708e-01 2.000935447653363619e-01 5.115239446931114653e-01 3.456239126850075838e-01 6.933493340187318887e-01
7.813008776773523456e-01 1.823642799639878520e-01 5.140659087451211473e-01 2.925759525716983278e-01 6.676415095696744961e-01
8.006687760353088379e-01 1.709942370653152466e-01 5.156961083412170410e-01 2.585555016994476318e-01 6.511546969413757324e-01
