2.099598497152328491e-01 7.175976037979125977e-01 1.506956070661544800e-01 7.852171063423156738e-01 4.764776825904846191e-01
1.916378574070275176e-01 6.837350115417268892e-01 1.231864334150966217e-01 7.727508771255453546e-01 4.470949955699133893e-01
2.373362719698760837e-01 6.797363124313039462e-01 1.011175908527125189e-01 7.834479884976695008e-01 4.411610704830913887e-01
2.865328644796017454e-01 6.561642616237358672e-01 1.108176820690687514e-01 7.835964218709770002e-01 4.283580626392146651e-01
2.826356241503568123e-01 6.339674569498690015e-01 1.289693660000038600e-01 7.613260525554959024e-01 3.838704522258536977e-01
3.132581590106333636e-01 6.378029770875690563e-01 1.592431257595344207e-01 7.404763749895028058e-01 3.496407932032798982e-01
3.395138557113418498e-01 6.462293305738932014e-01 1.857965668536944726e-01 7.244110941961153793e-01 3.314216293153672277e-01
3.704303275696376740e-01 6.595116467908728186e-01 2.263946285006755710e-01 7.057476449565481813e-01 3.075927364869991409e-01
3.879526810339912757e-01 6.737433489211266391e-01 2.746376425336821692e-01 6.964620276652331299e-01 2.843422538551535483e-01
3.943318187780289197e-01 6.851759693018205644e-01 3.249223612118988802e-01 6.975162830227092936e-01 2.702579556909319725e-01
4.036197395092057105e-01 6.888329943911718489e-01 3.678931308265898092e-01 7.011418429408998731e-01 2.670191865683006482e-01
4.250661064608527995e-01 6.829177598175857344e-01 4.158925745487182524e-01 6.940510750725277234e-01 2.625288731566061129e-01
4.503411568621077388e-01 6.622651985908407646e-01 4.409202184025627913e-01 6.627990824069377451e-01 2.525211909772710484e-01
4.637499131822505616e-01 6.359040264737587655e-01 4.564948102423133092e-01 6.246515316423070230e-01 2.393858896405564596e-01
4.745202928665377962e-01 6.019132648011109588e-01 4.841956887976813784e-01 5.931203565601332883e-01 2.366202216928676438e-01
4.803036378493183989e-01 5.731800287905364222e-01 5.004684817680444819e-01 5.684187433562398750e-01 2.583162233606641767e-01
4.815262314804967803e-01 5.508840616746545349e-01 4.923375724830906242e-01 5.231824985881817769e-01 3.009294458155076790e-01
4.922881335519072032e-01 5.311863136232647387e-01 4.982729101669299276e-01 4.821331617377637158e-01 3.322042883559450099e-01
5.081340621467363983e-01 5.150856291129009001e-01 5.070792420408184453e-01 4.484566798723581549e-01 3.595807675042676510e-01
5.551889799919614843e-01 5.157781628521325157e-01 5.111752678493244328e-01 4.426093109070788900e-01 3.896467891257658356e-01
5.987073929391591998e-01 4.981018890510919284e-01 5.154203912976930146e-01 4.422036793632539986e-01 3.882705715453800832e-01
6.396442470203904662e-01 4.853287252266378360e-01 5.335136489628564682e-01 4.634625617200081593e-01 4.129313036699771566e-01
6.395625154673826307e-01 4.657304359508045444e-01 5.462143574583742112e-01 4.724080414395905869e-01 4.568202199211357506e-01
6.248518050589798589e-01 4.250676029793388766e-01 5.506611045246609937e-01 4.771761534286848017e-01 5.097249377923734892e-01
6.145366920190190596e-01 3.840370088379856384e-01 5.474164277718307492e-01 4.799122875755845730e-01 5.456118248156285322e-01
6.110638310048366328e-01 3.488070869833306276e-01 5.441035324950301844e-01 4.814298136095843117e-01 5.858111914577988077e-01
6.164105180671263229e-01 3.168273573452178860e-01 5.432340254545359182e-01 4.801407675756427240e-01 6.372063293872464174e-01
6.275140183084447765e-01 2.954104325625933614e-01 5.462581000910161633e-01 4.796934572804287256e-01 6.781885981570558997e-01
6.468179853774757015e-01 2.880328617163305793e-01 5.702141075792585001e-01 4.882370100078781139e-01 7.207107111762475204e-01
6.945936849146440162e-01 2.822577825304218857e-01 6.014853468072284270e-01 4.652771959678341229e-01 7.282459413236981316e-01
7.379010756983653829e-01 2.498265847389996019e-01 5.798430625985899756e-01 4.354983761338611092e-01 7.182964731367977862e-01
7.503483513568708352e-01 2.220563692613189422e-01 5.482012567782758028e-01 4.096329130905759786e-01 7.032558508225443816e-01
7.619135290796607007e-01 2.029227121090644848e-01 5.271653780347392848e-01 3.620696180273633713e-01 6.814695812751706550e-01
7.857414593113484225e-01 1.839293999775061250e-01 5.202809061812361247e-01 3.004042621212813513e-01 6.642823029455480199e-01
8.006687760353088379e-01 1.709942370653152466e-01 5.156961083412170410e-01 2.585555016994476318e-01 6.511546969413757324e-01
