2.099598497152328491e-01 7.175976037979125977e-01 1.506956070661544800e-01 7.852171063423156738e-01 4.764776825904846191e-01
2.518915393056765373e-01 6.962680402645400335e-01 1.661686798492262307e-01 7.910536890651707065e-01 4.525862236183521570e-01
3.068040717561312247e-01 6.831023373236499996e-01 1.924303822631853456e-01 8.009014032426703400e-01 4.516172840193419247e-01
3.463748510351702392e-01 6.809821572122729538e-01 2.213416782491141599e-01 7.709988228388868770e-01 4.145736381438057672e-01
3.670781671278683378e-01 6.753002035828511440e-01 2.455756668517554142e-01 7.426493969669244466e-01 3.882760615135045223e-01
3.934307666016702010e-01 6.653921763878107853e-01 2.799483175854992067e-01 6.987879944046313518e-01 3.639667127822602266e-01
4.207808272740718447e-01 6.580717336906163339e-01 3.202180200045460778e-01 6.597228485173519674e-01 3.566944717921109453e-01
4.392178963365557243e-01 6.453628252833910617e-01 3.669210195574602595e-01 6.311729820017452086e-01 3.558098436803384113e-01
4.864662304235409240e-01 6.290702201396872750e-01 4.121444724842627250e-01 6.119008958444942525e-01 3.600752359659618040e-01
4.566803599797905622e-01 5.870783434948803059e-01 4.273882689613326957e-01 5.689664041181464738e-01 3.649944203272564303e-01
4.696509512026908473e-01 5.555230804968098735e-01 4.405061502286281017e-01 5.054771597706434472e-01 3.832111394424408402e-01
4.894651541608768253e-01 5.378907475644387759e-01 4.707806300190500171e-01 4.650135080199401250e-01 3.922969977854232626e-01
5.441090644909840623e-01 5.405876638952128443e-01 5.053033165512493818e-01 4.380270419535030046e-01 4.005655640705858000e-01
5.806366110713433448e-01 5.317359651725299674e-01 5.307675751529086217e-01 4.181144942118825703e-01 4.029928043417275729e-01
6.224353619351969957e-01 4.973717385570098903e-01 5.538704870252731949e-01 4.015223836467411433e-01 4.123210851249758391e-01
6.540937585029095169e-01 4.659977096723144085e-01 5.638902817946140900e-01 3.980327416179451072e-01 4.332750564742716692e-01
6.656484164353497768e-01 4.116950615688353965e-01 5.405578164455827617e-01 4.080670140631191822e-01 4.679478535216489710e-01
7.042116790995028852e-01 3.879306660153150066e-01 5.513551311118688458e-01 4.441559034799661965e-01 4.787386044897560256e-01
7.280124251211465003e-01 3.680655736272918643e-01 5.647199509015737862e-01 4.552878880677356244e-01 5.287542500899408138e-01
7.330710672480738044e-01 3.530070862564960166e-01 5.641311042181005320e-01 4.518573415006915672e-01 5.732152275591048118e-01
7.412827501528441720e-01 3.351264212072987969e-01 5.576454636762072647e-01 4.463780614832877913e-01 6.375363001184970457e-01
7.430614617872097760e-01 3.032601523055686310e-01 5.576222821253449258e-01 4.482376971665975596e-01 6.949194529461830694e-01
7.021740027947875884e-01 2.691439380488652722e-01 5.486674387400090058e-01 4.397100534301945918e-01 7.320633171199706357e-01
6.553472682427422535e-01 2.501846758988624519e-01 5.332943240404526275e-01 4.338901678789581773e-01 7.386026820091785572e-01
6.209432224819678714e-01 2.189660379907309162e-01 5.109719030701107556e-01 4.168420906203533782e-01 7.225513032484429665e-01
6.800990622684737197e-01 2.159148378516731193e-01 5.226007984523088901e-01 3.905896007713521856e-01 7.074527915705746128e-01
7.288071902791738443e-01 2.016015702403045062e-01 5.302219365566949172e-01 3.497889296305729534e-01 6.892695958659311728e-01
7.718387036412980295e-01 1.832735601826348815e-01 5.215237097589806581e-01 2.951573426459307981e-01 6.664459722969510169e-01
8.006687760353088379e-01 1.709942370653152466e-01 5.156961083412170410e-01 2.585555016994476318e-01 6.511546969413757324e-01
