2.099598497152328491e-01 7.175976037979125977e-01 1.506956070661544800e-01 7.852171063423156738e-01 4.764776825904846191e-01
2.459568083284971451e-01 6.973364708730124262e-01 1.370605565823254102e-01 7.688432541581885493e-01 4.651632368087671443e-01
2.384024743771609722e-01 6.529666340332397345e-01 1.096997159929612997e-01 7.561454701357678276e-01 4.651153499258682267e-01
2.636135949514126220e-01 6.345744745352847049e-01 1.351638468922672365e-01 7.500714039017610801e-01 4.516677146129648435e-01
3.029481423129171125e-01 6.355037614650010935e-01 1.583087863192354505e-01 7.413628632619342351e-01 4.305244131929823470e-01
3.463056261844136285e-01 6.454403285657824840e-01 1.889790339524448637e-01 7.306462271007510001e-01 3.962881913489971208e-01
3.772541506047970561e-01 6.586091494671221236e-01 2.151998403872761034e-01 7.224291304258261270e-01 3.554472728593936481e-01
4.048710878990117723e-01 6.675525891301176129e-01 2.402496847947292458e-01 7.099826398705930686e-01 3.188399666148244993e-01
4.304558684349649722e-01 6.721434775960316577e-01 2.654986428855895531e-01 6.926652774445364313e-01 3.028759645461193140e-01
4.485016098836471232e-01 6.770378584351830487e-01 3.111815018474795025e-01 6.855368134677816139e-01 2.748057501149094861e-01
4.381519979039134038e-01 6.780347051188944096e-01 3.513723682929310033e-01 7.011874446492840640e-01 2.593448403978192429e-01
4.437296861886866339e-01 6.717704009414344757e-01 4.041559146611882203e-01 7.029607595906108841e-01 2.542418818680284298e-01
4.620224344481171364e-01 6.490419653260592892e-01 4.323903487407295132e-01 6.734956122974679049e-01 2.495484843197360025e-01
4.734524712280559489e-01 6.174667966810960529e-01 4.465414051117360672e-01 6.338323379141563851e-01 2.496349935819157373e-01
4.729328734416314850e-01 5.842215228913661962e-01 4.580799411069864102e-01 5.940443305264898610e-01 2.598413209923910450e-01
4.713271330033249606e-01 5.567691104710622563e-01 4.666121081736653298e-01 5.530159198037629675e-01 2.806506484538760504e-01
4.734465327403719614e-01 5.386866454672053495e-01 4.722076457701987473e-01 5.057456587212524335e-01 3.071208544567221033e-01
4.777775342335344733e-01 5.283530132777261024e-01 4.790120625578302427e-01 4.663754515148409441e-01 3.284401887268083575e-01
4.938008686511052292e-01 5.100355506216116552e-01 4.935222117145431353e-01 4.261363249919633001e-01 3.549093717630030786e-01
5.227800974744002405e-01 4.886167688596576575e-01 5.127113209301968899e-01 4.076917645782628385e-01 3.789814668762228056e-01
5.613694893802887442e-01 4.680142119749563512e-01 5.307862772719030842e-01 4.087429625481196482e-01 4.061050743871291724e-01
5.971895333033115927e-01 4.479870382743401658e-01 5.403379783004125247e-01 4.291086547786955863e-01 4.413871351525692766e-01
6.078143740081850543e-01 4.224476979854696612e-01 5.477961681424073914e-01 4.514838149593674022e-01 4.828231322529330516e-01
6.080296809219665199e-01 3.985967227487833831e-01 5.608139574021228091e-01 4.600965364689135750e-01 5.243495905718306149e-01
6.117203253081735514e-01 3.797399431227965749e-01 5.687442585532582751e-01 4.761241859034979207e-01 5.728011858809872736e-01
6.127782969587982631e-01 3.617566446490153020e-01 5.715534402094207822e-01 4.892373361274597321e-01 6.132306790781493211e-01
6.061667412539200051e-01 3.327448179335847356e-01 5.681718847109243908e-01 5.029982102075731820e-01 6.666670384082056255e-01
6.147956590076918415e-01 3.086515415388331185e-01 5.693981837688804060e-01 4.963348045217969573e-01 7.112383704892267788e-01
6.523146243155839574e-01 2.979883912929719436e-01 5.789697493525959304e-01 4.706213846883032792e-01 7.271334134504902069e-01
6.941028643975403201e-01 2.780246428503248546e-01 5.721482163228487350e-01 4.379092825343466333e-01 7.156725239744030631e-01
7.117684480699363325e-01 2.295636963567940503e-01 5.479074181865215554e-01 4.330818304490920978e-01 7.139070843183727977e-01
7.463333871650688067e-01 2.155001571629448776e-01 5.411232078802895584e-01 3.955525194338795902e-01 7.003677586454686299e-01
7.656974021039496536e-01 1.969563628515099696e-01 5.386690838093354250e-01 3.410242134984740048e-01 6.851311320241549874e-01
7.857808632123159942e-01 1.820467586552046158e-01 5.254760974467468371e-01 2.936638447201792013e-01 6.656190472566176908e-01
8.006687760353088379e-01 1.709942370653152466e-01 5.156961083412170410e-01 2.585555016994476318e-01 6.511546969413757324e-01
