2.099598497152328491e-01 7.175976037979125977e-01 1.506956070661544800e-01 7.852171063423156738e-01 4.764776825904846191e-01
2.511886930617613367e-01 7.130444277350558302e-01 1.616255178100171330e-01 7.947991529687754575e-01 4.583145841710608570e-01
2.809617770741519305e-01 6.923140962635540019e-01 1.371248616903282536e-01 8.344980691757565294e-01 4.492450206782981348e-01
3.198095126136477062e-01 6.751262221595016877e-01 1.419080678311106236e-01 8.249632774653832268e-01 4.269167430382818096e-01
3.090714959925444094e-01 6.712594404308929175e-01 1.704202155372658845e-01 8.009690874556222306e-01 4.071622558309551110e-01
2.925950721777951236e-01 6.644438811898804031e-01 1.599609765262047234e-01 7.673192503519354890e-01 3.824890284654542394e-01
3.129366361015029629e-01 6.684625190017615681e-01 1.847999081285342515e-01 7.363086868312153088e-01 3.618863261719850732e-01
3.329270530483885437e-01 6.738962941739528034e-01 2.094979292583774855e-01 7.148034414970451111e-01 3.469891073346049182e-01
3.523320203368331405e-01 6.838685260926561371e-01 2.395390789239144336e-01 7.003811059978881648e-01 3.296834010254394154e-01
3.656577525168234200e-01 7.008535210933198867e-01 2.775686540456678841e-01 7.062883112146504105e-01 3.104374112515451145e-01
3.878608977971634286e-01 7.014462044695787268e-01 3.153228800453161118e-01 6.872535547391447341e-01 2.981367346422923448e-01
4.106473226981909863e-01 7.018064544142681438e-01 3.434683575989063153e-01 6.750168987276788934e-01 2.909739188807222710e-01
4.372250650044248732e-01 6.985228928862660114e-01 3.759326725807900504e-01 6.629285459274696368e-01 2.826386848391932993e-01
4.559179460951144347e-01 6.806555773363142103e-01 4.073616552776391231e-01 6.514903067707621398e-01 2.739908300675235053e-01
4.587882955045085032e-01 6.468438664104251279e-01 4.323201483753592034e-01 6.337000199336689787e-01 2.712582633567214851e-01
4.607916407498159894e-01 6.152355050683149251e-01 4.527980807507653305e-01 6.082975805114325674e-01 2.765668149632777295e-01
4.719168372527409172e-01 5.915075432586239801e-01 4.683857524203529077e-01 5.813485880295190533e-01 2.858217504099118123e-01
4.944615455076492028e-01 5.654419850227079269e-01 4.796068325076974781e-01 5.492395104211680312e-01 3.002502041588540616e-01
5.291347784318253256e-01 5.385797923302084733e-01 4.926718883670598292e-01 5.227259108581537861e-01 3.155712763315544067e-01
5.647080996414393095e-01 5.182377773718779279e-01 5.091671008690755729e-01 5.057232390333028516e-01 3.284648090208441285e-01
5.873723324989384986e-01 4.962171647149954401e-01 5.175092393043930761e-01 4.796742378606850821e-01 3.567904287894402837e-01
5.707132843170201753e-01 4.855738064119762831e-01 5.070800907847538008e-01 4.488723415034272524e-01 3.829455252142207056e-01
5.841272163249849880e-01 4.747290798355899288e-01 5.207435178551541588e-01 4.103177917809320285e-01 4.053436099002611925e-01
6.112016858460190827e-01 4.692647745513804369e-01 5.348010073607691872e-01 4.058745809611903899e-01 4.158811720952432789e-01
6.452024215010240260e-01 4.611780291288253841e-01 5.508141395517780481e-01 4.091681347975336669e-01 4.369981689310952211e-01
6.639532115931098266e-01 4.464747232989150216e-01 5.649104387153555118e-01 4.164238552809186311e-01 4.722691930258687831e-01
6.773724184241911583e-01 4.161263098180065789e-01 5.770833280146195898e-01 4.324688398449347271e-01 5.051299285169216224e-01
7.040588529085658465e-01 3.883048015671887732e-01 5.905769975630841273e-01 4.445776078825723343e-01 5.264249333079606963e-01
7.171611669531144928e-01 3.571149924636536910e-01 5.928570943580286912e-01 4.464669206694319437e-01 5.663908646004471859e-01
7.075659335108569481e-01 3.384726588202892072e-01 5.779742121047041215e-01 4.366507355820430925e-01 6.017033776570861470e-01
7.023934504827838987e-01 3.134172957989645458e-01 5.649493711311618371e-01 4.333773514620100631e-01 6.364972334760108374e-01
7.129510831355755363e-01 2.825378575481461429e-01 5.580926388417403183e-01 4.429643258764245917e-01 6.708338184755296973e-01
7.252846224298948874e-01 2.532056558665894408e-01 5.448254004596072564e-01 4.360213500724774427e-01 6.963158826943524060e-01
7.303769000190374339e-01 2.215336715382333066e-01 5.328963240752040420e-01 4.060274149691435186e-01 7.064307077880875863e-01
7.460967335271871947e-01 2.003442479635792195e-01 5.247149852354680011e-01 3.685600054778002677e-01 7.024606737638142695e-01
7.579178260401244760e-01 1.881573948967443510e-01 5.174499196568157489e-01 3.289850366730774356e-01 6.843688147010087430e-01
7.834896824496710988e-01 1.778911012202499808e-01 5.164008620069393540e-01 2.868569914357277373e-01 6.645014982971678696e-01
8.006687760353088379e-01 1.709942370653152466e-01 5.156961083412170410e-01 2.585555016994476318e-01 6.511546969413757324e-01
