2.099598497152328491e-01 7.175976037979125977e-01 1.506956070661544800e-01 7.852171063423156738e-01 4.764776825904846191e-01
2.246499643933483614e-01 7.188437076605243004e-01 1.283456539344230429e-01 8.271209409809955337e-01 4.604226177255940633e-01
2.583197671221885150e-01 6.871425606801209174e-01 1.187871518172550767e-01 8.621593710625633511e-01 4.452485693470554784e-01
2.777177671902082423e-01 6.776045994591554100e-01 1.280443891585754945e-01 8.372005629449476016e-01 4.011613877706212694e-01
2.856553935461400018e-01 6.758455169855449585e-01 1.585465311963158153e-01 8.045248902714802197e-01 3.593236659815394751e-01
2.955386649138689314e-01 6.876597480871338153e-01 1.768430242274056652e-01 7.541140696216184214e-01 3.266792109874027128e-01
2.989083227047317770e-01 6.897828776434304920e-01 1.862994596834439964e-01 7.086870077378691901e-01 2.963909997636668958e-01
3.125104738903023982e-01 6.842104706573527428e-01 2.156028557908191701e-01 6.765353607206193720e-01 2.707469901464239492e-01
3.406263918265206025e-01 6.710324382909931273e-01 2.633555333858852432e-01 6.514162092075216348e-01 2.639592407408438146e-01
3.818415963134948465e-01 6.477704329958493545e-01 3.001792061590712324e-01 6.675468846207683882e-01 2.596829900041251471e-01
4.099891246614697504e-01 6.440374507030021123e-01 3.461330597959269006e-01 6.518580195894444484e-01 2.699171590823498112e-01
4.298636041629685933e-01 6.358975533752782017e-01 3.930668127357858088e-01 6.553339118481035230e-01 3.036403465307231930e-01
4.531838896176358378e-01 6.307823430415636645e-01 4.207247377881577766e-01 6.356803286595081870e-01 3.225929860552569917e-01
4.877506546995936110e-01 6.245240082174393637e-01 4.513062503859901486e-01 5.936080152321582259e-01 3.410182114090418715e-01
5.089973543085493102e-01 5.996074499648614831e-01 4.637666440418598546e-01 5.447829315341478074e-01 3.708195432235298905e-01
5.513440309876042056e-01 5.883420440999082013e-01 4.999414281530936699e-01 5.181721753305815747e-01 3.749799782718983843e-01
6.011701474961511638e-01 5.746462554219619046e-01 5.321262648507271154e-01 5.130086469972600094e-01 3.667409622528217117e-01
6.347405155254957076e-01 5.389208670676665092e-01 5.517665426933334727e-01 4.961217489536934311e-01 3.762758334598335641e-01
6.455929268204512184e-01 4.982010627048470419e-01 5.614755000415803110e-01 4.592027518608260972e-01 4.028203535118597967e-01
6.575984511564365587e-01 4.588248748204037941e-01 5.687308318898516291e-01 4.196480568172475389e-01 4.294654106543066563e-01
6.788749081185241341e-01 4.236171099233216886e-01 5.812529779840976962e-01 3.943164349791513645e-01 4.533281737662076538e-01
7.109390938836306351e-01 3.923545224319149316e-01 5.973563208305200378e-01 3.920061760164476050e-01 4.850525536921448388e-01
7.268172478353603916e-01 3.777405381471417578e-01 6.042635555627768884e-01 4.253856817064864959e-01 5.202204036269232335e-01
7.188296454081248843e-01 3.694428514291458465e-01 6.040007383192166346e-01 4.754503124931237501e-01 5.592572466034821943e-01
7.093679883424987009e-01 3.484244736203515602e-01 5.950025310671558376e-01 5.071108313345453755e-01 6.105460017451904697e-01
7.113652229017167761e-01 3.140077935423662425e-01 5.848781004777162673e-01 5.004814428764097212e-01 6.589669599087967233e-01
7.220747505660105592e-01 2.811846558216783976e-01 5.743897297606576080e-01 4.771154031533272333e-01 6.936423778844008625e-01
7.339065900988125390e-01 2.478296182438298190e-01 5.471854744881420318e-01 4.505801659860286246e-01 7.221352986314558686e-01
7.300857151948128010e-01 1.979840527422136176e-01 5.344471724386080647e-01 4.176138954890347144e-01 7.371559134105828415e-01
7.324968994460513416e-01 1.862138780591038045e-01 5.171580340155856881e-01 3.561878682677697694e-01 7.108553418924772327e-01
7.712375325139304572e-01 1.775648785498527560e-01 5.163272526295245024e-01 3.007054629415820690e-01 6.769287302795764516e-01
8.006687760353088379e-01 1.709942370653152466e-01 5.156961083412170410e-01 2.585555016994476318e-01 6.511546969413757324e-01
