2.099598497152328491e-01 7.175976037979125977e-01 1.506956070661544800e-01 7.852171063423156738e-01 4.764776825904846191e-01
2.484689686903763239e-01 7.022467177176462405e-01 1.585663543591601110e-01 7.996850001998387913e-01 4.543278038480503822e-01
2.950910004068995618e-01 6.916432755815997702e-01 1.801674328809704517e-01 7.947245828767310893e-01 4.365247063609749567e-01
3.321988205551013040e-01 6.840085062733605170e-01 2.106780072470678389e-01 7.707862344687800293e-01 4.140522193381506177e-01
3.546530543728361184e-01 6.787670787717051679e-01 2.391037389698498217e-01 7.485561033410115250e-01 3.943740855492486874e-01
3.749081568345183357e-01 6.735349162170276571e-01 2.742892965269227434e-01 7.268299452454699550e-01 3.747841426399406428e-01
3.964305866125089062e-01 6.660030489904256168e-01 3.165801165275561324e-01 6.964959942022264094e-01 3.589313039705230302e-01
4.107199855124729626e-01 6.573398835138981600e-01 3.497964262521774392e-01 6.672007701373171562e-01 3.509989714188114229e-01
4.288640689556761365e-01 6.451538642378147337e-01 3.825342665652929908e-01 6.332480622638757550e-01 3.472436617437176798e-01
4.578396207429834552e-01 6.193881591427918831e-01 4.030351906918929750e-01 5.988204419986107307e-01 3.532578582930009370e-01
4.716525753834490131e-01 5.999535703715683788e-01 4.192790902193508362e-01 5.676642183129189112e-01 3.608774208085201995e-01
4.818828335182885336e-01 5.800266483621853153e-01 4.468970767648480225e-01 5.166861669586872985e-01 3.729232788708764512e-01
4.907477995473586430e-01 5.682401345188978770e-01 4.685126933671406868e-01 4.790224431294848872e-01 3.840107809932327143e-01
5.148271684567385931e-01 5.580635792643563464e-01 4.993923063244364857e-01 4.447397578867922086e-01 4.010350255881987014e-01
5.546703232571578157e-01 5.488000740367262598e-01 5.319790018242707141e-01 4.317581341496469216e-01 4.223893590833879830e-01
5.928762147975445984e-01 5.310471359631305788e-01 5.530888910311445583e-01 4.294877428083277437e-01 4.395621075635057218e-01
6.295149909475715733e-01 4.957754179690543328e-01 5.639369479740037328e-01 4.234120577745417724e-01 4.508866182549064461e-01
6.621895063217376753e-01 4.520216278213212702e-01 5.658151732201534001e-01 4.184084031155750338e-01 4.624990411968768478e-01
6.916939708485146943e-01 4.108556074389065338e-01 5.647851672988780658e-01 4.258482774013789829e-01 4.932167889215051670e-01
7.066179883524373873e-01 3.844285122193349391e-01 5.621689564106751025e-01 4.353977897753229520e-01 5.312192298364103449e-01
7.139668495786615221e-01 3.538344192238519481e-01 5.550000911864824138e-01 4.398318133012498743e-01 5.927984150946606912e-01
7.128397824596516275e-01 3.209948119211565865e-01 5.477172745650152885e-01 4.374212301948836035e-01 6.546980061140449392e-01
6.953402869846561085e-01 2.865529037881411334e-01 5.387734893600668595e-01 4.339080635319761958e-01 7.002860158285734160e-01
6.617769678338811801e-01 2.572073205863189549e-01 5.260471252746887760e-01 4.335170849246239300e-01 7.229021662413759319e-01
6.524873826220115580e-01 2.193076368368778450e-01 5.138939985918069553e-01 4.062757599865032820e-01 7.168406314138039415e-01
6.888157915420739519e-01 2.076896029116555853e-01 5.161191535312399381e-01 3.637899487439024138e-01 7.007255948315311844e-01
7.343753909185782858e-01 1.927429640310931447e-01 5.159468401194617915e-01 3.209261908417311293e-01 6.805345354794610779e-01
7.728765363461356230e-01 1.801119768172220748e-01 5.158012228660885379e-01 2.847032257773328134e-01 6.634716349472100649e-01
8.006687760353088379e-01 1.709942370653152466e-01 5.156961083412170410e-01 2.585555016994476318e-01 6.511546969413757324e-01
