2.099598497152328491e-01 7.175976037979125977e-01 1.506956070661544800e-01 7.852171063423156738e-01 4.764776825904846191e-01
2.135775639068840936e-01 7.153321020290959176e-01 1.213747926813285305e-01 8.121954169783179855e-01 4.652982139912759108e-01
2.444039554149854132e-01 7.039967826917151728e-01 1.128529794181729468e-01 8.224383706639308844e-01 4.343490588263536623e-01
2.785537305170316946e-01 6.952688403635968184e-01 1.301083329939785871e-01 8.076954724546338005e-01 4.205392904866813164e-01
3.116566805830336961e-01 6.880045839073539726e-01 1.539993381537943240e-01 7.861034865435451158e-01 4.140305068834541635e-01
3.359272076605105961e-01 6.802398908314180037e-01 1.714340607857104681e-01 7.676851897766034938e-01 4.134142931570115587e-01
3.616099245981513333e-01 6.707230447612732016e-01 2.000031454310693957e-01 7.406823713607507687e-01 4.045574805663759155e-01
3.684944968465676540e-01 6.724363379210218650e-01 2.314333511203925386e-01 7.166992995226642016e-01 3.784069975156397203e-01
3.636253311948152156e-01 6.835461509170777106e-01 2.557760444041058401e-01 7.014372810816685844e-01 3.531176653493404149e-01
3.580798848575550974e-01 6.977409044913586156e-01 2.829923848516676110e-01 6.869202687791984285e-01 3.289557037867226752e-01
3.594588558343259077e-01 7.066491649724745416e-01 3.116587279019109036e-01 6.746137122949508180e-01 3.109176652999168233e-01
3.718375527825819038e-01 7.088747087937407043e-01 3.474459906705271717e-01 6.648891073294712628e-01 2.985626652375488743e-01
3.898615985530167749e-01 7.039692610963201869e-01 3.803202263698907681e-01 6.590520667995691806e-01 2.936234016679081238e-01
4.099006215044677659e-01 6.920544388240489342e-01 4.076457189114204294e-01 6.532925138479482863e-01 2.919956507335856877e-01
4.363452078655873922e-01 6.676699115239974613e-01 4.297931851184228491e-01 6.416172933546333557e-01 2.878480416560444954e-01
4.589405494266096674e-01 6.440843730785628107e-01 4.398325391447719945e-01 6.259341831683461477e-01 2.810460726289737976e-01
4.847819335998938550e-01 6.240548108538184202e-01 4.488575946677381134e-01 5.998458833320142736e-01 2.754021300286884077e-01
5.080701215722084330e-01 6.158413098666579710e-01 4.616720734195230991e-01 5.758957163265546741e-01 2.763038743947494602e-01
5.361426977835623831e-01 6.145670491546506575e-01 4.891713792978211184e-01 5.562835699215101792e-01 2.909006657822811315e-01
5.506221838731059082e-01 6.132083612967987873e-01 5.137534052320477107e-01 5.554755170946494847e-01 3.137648967423635749e-01
5.509467143003037304e-01 6.026981041854883037e-01 5.356479294086933240e-01 5.656302774208307182e-01 3.503544461787937436e-01
5.483203223796222492e-01 5.826820039706385179e-01 5.478654305665953128e-01 5.597933409362837454e-01 3.840597241918589089e-01
5.509449883638877221e-01 5.555812972398936900e-01 5.487249108136176279e-01 5.299764322682050111e-01 4.078771570080670372e-01
5.580860690240444510e-01 5.298830762973505415e-01 5.467363228928885377e-01 4.992384361411511540e-01 4.206847891788224048e-01
5.650499721439027345e-01 5.068739911780448804e-01 5.460290038316809591e-01 4.765685805258311758e-01 4.293479662684783760e-01
5.737782728274930522e-01 4.744333404703303114e-01 5.431986711422386316e-01 4.539253065157086153e-01 4.444753239161856606e-01
5.909695961558794064e-01 4.462539109461226006e-01 5.401562184515730225e-01 4.422718513700636955e-01 4.659082385355980405e-01
6.124579559732370448e-01 4.276516043296370029e-01 5.359025904891808745e-01 4.524073188392590539e-01 4.991862652828162883e-01
6.182678580393675682e-01 4.067140084048572191e-01 5.292889605947517229e-01 4.532803696211755162e-01 5.308973236148091246e-01
6.235420149263918299e-01 3.819570656110705675e-01 5.311862700672811410e-01 4.375484499629478385e-01 5.637499580966629509e-01
6.413071742558644761e-01 3.621940570344194810e-01 5.412172926071906476e-01 4.289940794930522383e-01 5.927270681943479502e-01
6.635082873561199968e-01 3.437331777639768271e-01 5.512307148441880633e-01 4.300853111727226397e-01 6.159382602183104405e-01
6.866291138673602523e-01 3.182026235101783063e-01 5.559352508109498547e-01 4.335301934669957280e-01 6.432371119407308546e-01
6.975931866123862291e-01 2.901378571169381249e-01 5.499015470866936983e-01 4.304582866291220555e-01 6.712349919140840893e-01
6.890649647482337548e-01 2.660501574846023676e-01 5.342165865375849698e-01 4.236284022410392036e-01 6.902279696266249154e-01
6.851580363659756090e-01 2.332113946485989686e-01 5.177492272537398410e-01 4.118617465834049085e-01 6.805541544331136228e-01
7.186872116421880730e-01 2.164759020294343972e-01 5.317679649359073890e-01 3.871939987265155536e-01 6.809632460497289097e-01
7.414269734666345535e-01 2.063738875351055768e-01 5.366886597868094633e-01 3.513864534685195440e-01 6.751332619290062453e-01
7.612389872107416799e-01 1.966915733039429071e-01 5.320963118297090677e-01 3.134111317202865621e-01 6.650609520602056568e-01
7.844929588192777192e-01 1.815364039479322456e-01 5.224241863209366787e-01 2.810596710328238101e-01 6.568596486458477823e-01
8.006687760353088379e-01 1.709942370653152466e-01 5.156961083412170410e-01 2.585555016994476318e-01 6.511546969413757324e-01
