2.099598497152328491e-01 7.175976037979125977e-01 1.506956070661544800e-01 7.852171063423156738e-01 4.764776825904846191e-01
2.435203593588989857e-01 7.015053476911952135e-01 1.740431361003816624e-01 8.143851705519050688e-01 4.531560423778454583e-01
2.851373130953067658e-01 6.865811442822931099e-01 1.873749560954829363e-01 8.014835796498399612e-01 4.003824535540352891e-01
3.019937455855518094e-01 6.950988174673023989e-01 2.020492140368670420e-01 7.412064872834608353e-01 3.717496066314004421e-01
3.355979829183172169e-01 6.936365922507374826e-01 2.229544863815985101e-01 6.968730453523452884e-01 3.567584517641491093e-01
3.792396602645306536e-01 6.817370127947334213e-01 2.445123943754504148e-01 6.760323934378944521e-01 3.485581382225821923e-01
4.250559915995848481e-01 6.563516891406135922e-01 2.903670693566687278e-01 6.634364279746154391e-01 3.420444049375526707e-01
4.548612955532009283e-01 6.334453378455369155e-01 3.479248551125836975e-01 6.442796377970462229e-01 3.381356750296227176e-01
4.774191621395221241e-01 6.170083871724850733e-01 4.028330973357746592e-01 6.243519550584707423e-01 3.417755829807820334e-01
5.235818072031396264e-01 6.095335678586956130e-01 4.595170808774574067e-01 6.070880646141771919e-01 3.480693336274438554e-01
5.734900161713227806e-01 6.033263704382290094e-01 4.985268012202462851e-01 5.825882213274493626e-01 3.476035270802269594e-01
6.309321369427185466e-01 5.880635662579931644e-01 5.258526358404957968e-01 5.489323598391506742e-01 3.448651446848409741e-01
6.599343898438964073e-01 5.689102430533458099e-01 5.446527584804479183e-01 5.239429451925723402e-01 3.458989163433447422e-01
6.854446552960545835e-01 5.243447926388724589e-01 5.703485068194209529e-01 4.884201363630310544e-01 3.566091860329340113e-01
6.850226697686073729e-01 4.624276093788299846e-01 5.811841753305034830e-01 4.591180912434972283e-01 3.901643698628127765e-01
6.691767283683346390e-01 4.284991798005165498e-01 5.792846543967189454e-01 4.369010238358208564e-01 4.254611744228181669e-01
6.445376577683378239e-01 3.959482111495609136e-01 5.807774317346515724e-01 4.054768656075923849e-01 4.729088795500185904e-01
6.301129386022982226e-01 3.672236452511843940e-01 5.782199556333332824e-01 3.888615305984604031e-01 5.307512977480455252e-01
6.345892566254660583e-01 3.494606963916956355e-01 5.742770755988043652e-01 3.918397533738963712e-01 5.789124568321105668e-01
6.491267038849771742e-01 3.247386368255132383e-01 5.638755766722086671e-01 4.073658298555649648e-01 6.500862295952082315e-01
6.555502174668413895e-01 2.939697768672094313e-01 5.414681416380427992e-01 4.338486480637695486e-01 7.003777928005626707e-01
6.671102832226403212e-01 2.444493600296145930e-01 5.257778164129665033e-01 4.452284223952854281e-01 7.242111654928464759e-01
7.002262528516587370e-01 1.986754403251555778e-01 5.276921763968327461e-01 4.044343970691365864e-01 7.183599224213054191e-01
7.431956097900253022e-01 1.868555047255734680e-01 5.326597970504882706e-01 3.586141620242487837e-01 7.023587051777743229e-01
7.807028520223264767e-01 1.770764486413587135e-01 5.252534085564342092e-01 3.011873661870331231e-01 6.748789186844934562e-01
8.006687760353088379e-01 1.709942370653152466e-01 5.156961083412170410e-01 2.585555016994476318e-01 6.511546969413757324e-01
