2.099598497152328491e-01 7.175976037979125977e-01 1.506956070661544800e-01 7.852171063423156738e-01 4.764776825904846191e-01
2.425169493318035385e-01 7.195471894212297492e-01 1.672193298388023053e-01 8.310143618517332742e-01 4.674724831617661502e-01
2.997146135069282957e-01 6.840001663009237509e-01 1.677487565914199119e-01 8.324398766950077411e-01 4.169572462705602445e-01
3.296835950808106319e-01 6.707823917730698637e-01 1.651123203101172998e-01 7.864113143639682724e-01 3.797432899653570559e-01
3.522814078588455411e-01 6.608506344499011087e-01 1.852387899508901870e-01 7.346189754976676367e-01 3.267690850528994218e-01
3.659590342049984235e-01 6.539823228005876565e-01 2.207851403424354597e-01 6.946030933655088502e-01 2.991132256137122303e-01
3.736774259059171821e-01 6.497207221507053099e-01 2.787518320743866407e-01 6.577786241980425608e-01 3.071537068138721627e-01
4.001469493756401041e-01 6.412075202213054492e-01 3.443362634990013160e-01 6.199942698905900329e-01 3.304917097810906590e-01
4.454799312403143752e-01 6.332032583234240564e-01 3.984847456265528942e-01 5.972157626354368531e-01 3.469163575084208695e-01
4.980085115093326187e-01 6.276806309562562580e-01 4.515065347558688824e-01 5.858184393777089438e-01 3.576627639877790199e-01
5.240004587123973101e-01 6.035406617618519487e-01 5.120077896097897652e-01 5.430762721987543173e-01 3.368747374915308512e-01
5.809725881000274983e-01 5.892076929965150978e-01 5.298008433906273851e-01 5.103206982866396180e-01 3.110299398950595595e-01
6.395306560151944320e-01 5.740038358338745983e-01 5.560370873800493108e-01 4.759052568191966537e-01 3.084888780524562835e-01
6.738100375126165886e-01 5.504970667261089856e-01 5.694767665075032292e-01 4.517593389392718928e-01 3.325446450506620577e-01
7.027632895219675380e-01 5.114436736139723605e-01 5.811297194859784687e-01 4.282130494186114356e-01 3.771801747615447509e-01
7.085207330007785576e-01 4.663776164858525197e-01 5.878247768242113036e-01 4.194083607677495662e-01 4.254039642257615994e-01
6.951945660461097409e-01 4.202698254536563760e-01 5.850071171693630445e-01 4.267421739403430836e-01 4.736652830746700404e-01
6.804982193009624369e-01 3.669404817731088952e-01 5.716712795906144784e-01 4.439555442823115428e-01 5.353772908783424045e-01
6.872842924725809377e-01 3.231442586221148772e-01 5.638003733885225133e-01 4.492220727806650049e-01 5.940733786887847367e-01
6.911468483398607310e-01 2.728907170989559039e-01 5.454584328672782423e-01 4.444657189416642562e-01 6.620675243070959226e-01
7.032786688087454552e-01 2.257682562642491786e-01 5.245378903861213082e-01 4.331463767335896886e-01 7.176042719276598536e-01
7.316984729409576893e-01 1.862053071628343437e-01 5.037959803948982573e-01 3.685531809895116195e-01 7.136463200144911312e-01
7.734602903414995456e-01 1.769949383029146561e-01 5.110015594345815870e-01 3.019491095138382986e-01 6.758073714416134026e-01
8.006687760353088379e-01 1.709942370653152466e-01 5.156961083412170410e-01 2.585555016994476318e-01 6.511546969413757324e-01
