2.099598497152328491e-01 7.175976037979125977e-01 1.506956070661544800e-01 7.852171063423156738e-01 4.764776825904846191e-01
2.555807180171798532e-01 7.284445624450078816e-01 1.815435271300329667e-01 8.145329956481390798e-01 4.655328605332278991e-01
3.144235686279594488e-01 6.797782695447871504e-01 1.842588855662875280e-01 8.120002402876749237e-01 4.356232807072397129e-01
3.439458422028668361e-01 6.559540352122881224e-01 1.954465926496950778e-01 7.617264596924944176e-01 4.079323309172168122e-01
3.891803368758751103e-01 6.518262479970245993e-01 2.339501041623957278e-01 7.112737138433127271e-01 3.916767712781507038e-01
4.257497155630079466e-01 6.500642999162888902e-01 2.623530230206561620e-01 6.804532710403738971e-01 3.825312528507658905e-01
4.518762513546291659e-01 6.448247154333315301e-01 3.038593700376880924e-01 6.432905526593988288e-01 3.716936848254995818e-01
4.121540530243885669e-01 6.317985112732606989e-01 3.458858448174469413e-01 6.263854341564514261e-01 3.659455700491295316e-01
4.466666681073397371e-01 6.087622950151984069e-01 4.195101086623617137e-01 6.012825721630844500e-01 3.552659088187815062e-01
5.186608557672581776e-01 5.918555689715274681e-01 4.743935122164608109e-01 5.719568509928929512e-01 3.583347787298903908e-01
5.701020337819806549e-01 5.837664364641227399e-01 5.088644936040093159e-01 5.475845312944203069e-01 3.614777336495805793e-01
6.272484572982104378e-01 5.675031798686125395e-01 5.552082700786253877e-01 5.069595650131590858e-01 3.595292838960283954e-01
6.473783291520708305e-01 5.341110495910258438e-01 5.880738661030436853e-01 4.544496480336590039e-01 3.675328691373140333e-01
6.552053028819468938e-01 4.894748019175167997e-01 6.003546982454059933e-01 4.156587637325299678e-01 4.048703728203032481e-01
6.690310246525150717e-01 4.409050858779164361e-01 5.968564216688944102e-01 4.218108754378238623e-01 4.647564209092368004e-01
6.434630055112843250e-01 3.959314148090973262e-01 5.833310907728564976e-01 4.473581234149376362e-01 5.086401941423905892e-01
6.105577648124130841e-01 3.540970757268742664e-01 5.614498681893659304e-01 4.558525812257116505e-01 5.601268019241693041e-01
5.781623848341269634e-01 3.131808558069182347e-01 5.334042442246537119e-01 4.502099677768457986e-01 6.240795691827614178e-01
5.899911876906630548e-01 2.795533419879535075e-01 5.217551211315305526e-01 4.462511614871948473e-01 6.829076184271537509e-01
6.281925593253977480e-01 2.566471576115493258e-01 5.180550855356792495e-01 4.509941203893934047e-01 7.275957656942186880e-01
7.006336012756643195e-01 2.176067340264063177e-01 5.148429574175171775e-01 4.396654244944390721e-01 7.641681253184846589e-01
7.044491027993761145e-01 1.960164670269281262e-01 5.118404439448290821e-01 3.815681914286964127e-01 7.193549845733390180e-01
7.628615476178336463e-01 1.803592383507924279e-01 5.121534299124184120e-01 3.003876552814020995e-01 6.764513224304432581e-01
8.006687760353088379e-01 1.709942370653152466e-01 5.156961083412170410e-01 2.585555016994476318e-01 6.511546969413757324e-01
