2.099598497152328491e-01 7.175976037979125977e-01 1.506956070661544800e-01 7.852171063423156738e-01 4.764776825904846191e-01
1.899426362555196313e-01 7.018252586534992066e-01 1.550283150681418254e-01 7.943096014732144994e-01 4.553800107775243800e-01
1.878259184003675530e-01 6.805335449328167030e-01 1.506454563403979707e-01 7.879937340620719599e-01 4.224060275843053436e-01
2.000090873644992107e-01 6.636804489700222076e-01 1.504888698560193916e-01 7.743764764944894852e-01 3.945833403925519400e-01
2.250106501248696211e-01 6.546548135117435940e-01 1.601571247943153198e-01 7.617035720835593215e-01 3.747953676928748035e-01
2.547065721300684760e-01 6.530216350338977627e-01 1.756194004019554777e-01 7.536585229277168452e-01 3.639697830772635201e-01
2.884487323324175789e-01 6.550235594373887693e-01 1.952462940563157168e-01 7.481962332822776895e-01 3.575787763139853248e-01
3.147244352900152586e-01 6.566256603530014058e-01 2.113196477449841293e-01 7.445526998089659898e-01 3.536682260528378197e-01
3.459270397778962391e-01 6.543100624547200095e-01 2.329956801779155540e-01 7.364783482608788789e-01 3.453783124200403565e-01
3.696372000600351426e-01 6.472995153117488965e-01 2.546054635659213417e-01 7.225358271552942968e-01 3.330780913080848005e-01
3.849704265728165486e-01 6.382655683229516708e-01 2.762144828779283801e-01 7.033408549147006639e-01 3.196417365669942945e-01
3.942364780771988597e-01 6.295872797927575260e-01 2.975713918305892269e-01 6.813690494417881105e-01 3.078205252658379187e-01
4.018997765145755352e-01 6.200455289294405370e-01 3.223492081904809070e-01 6.533348065537302185e-01 2.971645086160044635e-01
4.080906564228848343e-01 6.116527336807827675e-01 3.426469578114940129e-01 6.286254181660279050e-01 2.908657544561351060e-01
4.156720149117582586e-01 6.005291207304730428e-01 3.637488893178816296e-01 6.002700580953247433e-01 2.884820739543051960e-01
4.235815015501209202e-01 5.876089441519221079e-01 3.820375070133178452e-01 5.725493099661227436e-01 2.913988698527358867e-01
4.325527205323794200e-01 5.715359966721430540e-01 3.990084537703048051e-01 5.429417867710364387e-01 3.007449706845768400e-01
4.410133422383508139e-01 5.555899846987996105e-01 4.127227671003809717e-01 5.171556339681577796e-01 3.141934022050230646e-01
4.495893341061097948e-01 5.380945025491591371e-01 4.261269205819265271e-01 4.938822220339988966e-01 3.330867797124988372e-01
4.565602153914918859e-01 5.218161094762407970e-01 4.381932330362665606e-01 4.771900563074588653e-01 3.535077093399109360e-01
4.635619570256799271e-01 5.030554877422429572e-01 4.522353981652094124e-01 4.641265411433931343e-01 3.795893230577703781e-01
4.715766196240652741e-01 4.847305954800836814e-01 4.666686406894099970e-01 4.559955223027465920e-01 4.064469017892043956e-01
4.847102615597579378e-01 4.666088440217926459e-01 4.832728658087955265e-01 4.522852112350750908e-01 4.344480442907533435e-01
5.020290051263952558e-01 4.521324392583049301e-01 5.003464292918273770e-01 4.539482483788092604e-01 4.605017222521582410e-01
5.191817203678180670e-01 4.424081526115846152e-01 5.158404480030329697e-01 4.599439840967507465e-01 4.852627904817238824e-01
5.329252781838009767e-01 4.366568355091766107e-01 5.283949710372268793e-01 4.681169250925844572e-01 5.102482840851516599e-01
5.431432514288391245e-01 4.334726396142274396e-01 5.380505903256965761e-01 4.770544684553895687e-01 5.371329912894438063e-01
5.531493759998065141e-01 4.299452548945003616e-01 5.457823941588714201e-01 4.869383027980761502e-01 5.719122170643997638e-01
5.628044942489707214e-01 4.219257611835635635e-01 5.491715543779129849e-01 4.935302799738886526e-01 6.054727772121732965e-01
5.714753558211596030e-01 4.062778226527967163e-01 5.476222049192195351e-01 4.949760445837084188e-01 6.343931185184098487e-01
5.783723107227498605e-01 3.824111346521946175e-01 5.412726317623869354e-01 4.897144675230185040e-01 6.559965563224718910e-01
5.856143908666012754e-01 3.528330474840213338e-01 5.325375575897424163e-01 4.764164197908148934e-01 6.683078193350221463e-01
5.954959866101575683e-01 3.247981842572427169e-01 5.261087558368592321e-01 4.582733315516844264e-01 6.743403999615619204e-01
6.036660251645172837e-01 3.003311812066708497e-01 5.223407987721832013e-01 4.391237731937170929e-01 6.815876005296791496e-01
5.916004035723937404e-01 2.727392644056817472e-01 5.143494682769101933e-01 4.176638236109846414e-01 6.967047246359945323e-01
5.644143188347086060e-01 2.581478037139182113e-01 5.125741253644365836e-01 4.109484215957718289e-01 6.850207747115590884e-01
5.971386549882359285e-01 2.499562459869375530e-01 5.230174296481168161e-01 4.038691692540177791e-01 6.761005989468248378e-01
6.255295554517498191e-01 2.340675230229437853e-01 5.338926761548052902e-01 3.949869055424745645e-01 6.734573757577909658e-01
6.531338721138326697e-01 2.255641107463804973e-01 5.491999431860780101e-01 3.861412075983396974e-01 6.728463721659260210e-01
6.820749681581643742e-01 2.173473575787229217e-01 5.582668488446742572e-01 3.726219899500723964e-01 6.683018078432775289e-01
7.118252140201314360e-01 2.078357254210860261e-01 5.590060511746951510e-01 3.531526650470268591e-01 6.619452018231168910e-01
7.387507975635734248e-01 1.978670424434718633e-01 5.514124822278059224e-01 3.295491910453426931e-01 6.567235772985624553e-01
7.607917586522010556e-01 1.886150113751153823e-01 5.399785775698123791e-01 3.056461036548744348e-01 6.541278633466512948e-01
7.839523770378478140e-01 1.783808450249066146e-01 5.258752910110001677e-01 2.782958269036840404e-01 6.524010448173699350e-01
8.006687760353088379e-01 1.709942370653152466e-01 5.156961083412170410e-01 2.585555016994476318e-01 6.511546969413757324e-01
