2.099598497152328491e-01 7.175976037979125977e-01 1.506956070661544800e-01 7.852171063423156738e-01 4.764776825904846191e-01
1.804570162723737325e-01 7.062023120658547093e-01 1.371544723167013591e-01 8.003057332019467562e-01 4.599911305829108010e-01
1.882260068131458020e-01 6.701445996980202047e-01 1.348169078714597235e-01 8.000055163220787247e-01 4.400946947146957000e-01
2.081108812333293812e-01 6.479604087870663998e-01 1.253819505686406821e-01 7.804716524398881417e-01 4.279691081565979993e-01
2.408456631783664481e-01 6.386366270519361343e-01 1.362785435011837076e-01 7.731262385353797617e-01 4.124082998049770632e-01
2.752829402094410516e-01 6.365747541300742496e-01 1.561474412532412870e-01 7.717530380456346650e-01 3.972279231443041070e-01
3.054441233681597367e-01 6.383878039980293018e-01 1.810055644813208797e-01 7.672613237742835768e-01 3.780760156376236636e-01
3.317037152082079610e-01 6.416320006141786880e-01 2.070601452456407310e-01 7.634539724631359547e-01 3.594690407272692623e-01
3.630579341488278100e-01 6.452749642144720577e-01 2.362919953897698599e-01 7.654457814973456564e-01 3.427927745926556691e-01
3.929006049763198449e-01 6.488523854220191733e-01 2.675295261071974351e-01 7.677485693010691614e-01 3.329712561231237267e-01
4.151064403746905218e-01 6.528429473399324223e-01 3.063404585189078433e-01 7.595509127199727706e-01 3.306888216536881808e-01
4.229925243653190892e-01 6.567837894209775929e-01 3.410261772653229717e-01 7.428547193281139771e-01 3.332621944228554844e-01
4.178119035067928144e-01 6.588102527435668598e-01 3.644269307812123548e-01 7.184314852083835135e-01 3.344434411439051735e-01
4.113014087566162491e-01 6.502465492699642802e-01 3.696072520125761041e-01 6.769315244290512457e-01 3.179232309826324765e-01
4.196684002742656627e-01 6.402112640597485971e-01 3.687271546875643402e-01 6.533566180798588974e-01 2.984904242635267879e-01
4.483789732532246219e-01 6.290281760785957355e-01 3.767487541327919631e-01 6.356717691851556662e-01 2.757198821550223000e-01
4.790855557870908332e-01 6.235963609809274111e-01 3.947785235681177674e-01 6.210913769388241024e-01 2.692326274385271612e-01
4.978722199408154303e-01 6.235632974180412846e-01 4.175481179794413578e-01 6.001182157877549272e-01 2.831949421907636877e-01
4.915839278491313524e-01 6.233106978929066067e-01 4.352673485824816169e-01 5.681412334202952108e-01 3.109072117615321873e-01
4.740341770138754018e-01 6.178093207073795945e-01 4.425424473041916218e-01 5.453434275071584736e-01 3.364504366369752697e-01
4.763007261149715399e-01 6.088424245568350157e-01 4.571760314635542888e-01 5.419532569989260473e-01 3.673458273172292010e-01
5.011627092040636944e-01 6.014546609682343004e-01 4.782432898872972515e-01 5.433975965294616239e-01 3.845940317868654090e-01
5.282498999315846655e-01 5.867511857425019572e-01 4.986124055699787117e-01 5.439978681692378970e-01 3.996773020291573553e-01
5.335839980961342155e-01 5.608445350294839482e-01 4.918917258626761546e-01 5.543473331983634900e-01 4.259655423492479387e-01
5.308911626623337154e-01 5.304957437661114161e-01 4.777298114935298878e-01 5.524392865771500238e-01 4.535678258572173882e-01
5.286622554035211863e-01 5.021537840980486722e-01 4.750750410044707328e-01 5.318092575153124946e-01 4.734270794504890079e-01
5.245471432210760954e-01 4.796370639468350294e-01 4.810221724334098892e-01 5.048985013447271353e-01 4.841773570873096344e-01
5.181588134071919427e-01 4.587258525278274934e-01 4.909633046530013645e-01 4.772428512208307105e-01 4.904261267230048960e-01
5.114684323180102021e-01 4.329009174565425222e-01 5.007577162122791581e-01 4.535696288230644524e-01 5.004973820023945752e-01
5.132172945482217363e-01 4.005063203612025946e-01 4.992174181691241830e-01 4.472478931885466302e-01 5.287666473443617399e-01
5.170788459988433505e-01 3.738793588225336473e-01 4.925476625959458454e-01 4.495127533150512500e-01 5.608620146992620015e-01
5.159558444796156218e-01 3.355935609334195768e-01 5.098780271704091982e-01 4.400720833177074187e-01 5.662357618020062988e-01
5.428557227798557205e-01 3.111515257096807430e-01 5.207467792499944625e-01 4.375915051446828130e-01 5.632363181952089182e-01
5.725366422209524631e-01 2.931696403075089163e-01 5.196210611218546882e-01 4.369716174440508305e-01 5.733759551314741021e-01
5.921569142802607377e-01 2.787404470926506672e-01 5.110811686175665836e-01 4.347015116754093245e-01 5.955310144869913058e-01
5.992094027327907746e-01 2.667607056258493037e-01 5.007694788542714770e-01 4.318171949210967142e-01 6.247235177686389918e-01
5.981838308275876370e-01 2.530773455636826097e-01 4.927320574233977624e-01 4.297433256845672456e-01 6.576321164076818215e-01
5.928844713841858738e-01 2.322341477917923835e-01 4.750215802948422605e-01 4.202938722421631912e-01 6.842631425177986282e-01
6.190606094112212077e-01 2.209248503023429899e-01 4.971883688239524535e-01 4.130332362962290116e-01 6.940791625153025501e-01
6.530321756916309672e-01 2.138152858465421913e-01 5.101149746547041230e-01 3.965361120667618144e-01 6.896659617736339287e-01
6.877439344187606940e-01 2.050568171596396927e-01 5.164020438158595239e-01 3.708680937282840540e-01 6.823930367567335731e-01
7.199352584281460965e-01 1.957713553845330245e-01 5.177706551354145370e-01 3.410087658560441715e-01 6.740404289830799200e-01
7.476367065832387748e-01 1.873377759075963433e-01 5.172994862434354690e-01 3.130530032021320297e-01 6.662700680641453488e-01
7.783737320909674962e-01 1.778651723401309670e-01 5.163701793544489549e-01 2.814666232795188239e-01 6.575093021245989044e-01
8.006687760353088379e-01 1.709942370653152466e-01 5.156961083412170410e-01 2.585555016994476318e-01 6.511546969413757324e-01
