2.099598497152328491e-01 7.175976037979125977e-01 1.506956070661544800e-01 7.852171063423156738e-01 4.764776825904846191e-01
2.470022254423737684e-01 7.043796534607803528e-01 1.529568715157036130e-01 8.115671600688388887e-01 4.575632724466988099e-01
2.902994805945752210e-01 6.843434879214934652e-01 1.984497559774210940e-01 8.203233523860763432e-01 4.464517794588331867e-01
3.292677904111998566e-01 6.674605427145016145e-01 2.274195142991887186e-01 7.917414396480033645e-01 4.183868773298863308e-01
3.656128864325070005e-01 6.649007685914281041e-01 2.306766645133883908e-01 7.452905840782961810e-01 3.869730754035076159e-01
3.917668911817538957e-01 6.621298163629292244e-01 2.612550685775416048e-01 7.167829060384136586e-01 3.680435233075566859e-01
4.141158800570099996e-01 6.503633648793271105e-01 3.118290487796447907e-01 6.918708127416066667e-01 3.593017413907789170e-01
4.275478394435213714e-01 6.271711849462364707e-01 3.604973161902068624e-01 6.564785957117666992e-01 3.581307293782080015e-01
4.491789913492804098e-01 6.169000638611068510e-01 4.140382905374756506e-01 6.350243637890752302e-01 3.520476312379358097e-01
4.771493500756912587e-01 6.013255106569963537e-01 4.521891639728622958e-01 5.967039392025909050e-01 3.432396992701551852e-01
5.109755641969664364e-01 5.837341868330765404e-01 4.746926090840030144e-01 5.535040710921335094e-01 3.375999868661616610e-01
5.429542740037508475e-01 5.667447545104865592e-01 4.876372395206122201e-01 5.156809431771521846e-01 3.362093965625342906e-01
5.961570847366000070e-01 5.498486033314250454e-01 5.112127222167459628e-01 4.781511402346497741e-01 3.524446499075803985e-01
6.449344473006749512e-01 5.307936797506407345e-01 5.487336210592366204e-01 4.653739311098438747e-01 3.893532295665380616e-01
6.727508341519994328e-01 4.923559502606686400e-01 5.714339147431012345e-01 4.491915833659820279e-01 4.165036379444426728e-01
6.649168002960790247e-01 4.369063560597198914e-01 5.817489402102986595e-01 4.275141388040705204e-01 4.497867053686094851e-01
6.576030975337712192e-01 3.911513601508845861e-01 5.786260387563538776e-01 4.236214082403293446e-01 4.991820704156659239e-01
6.696449123361333244e-01 3.666609141322480503e-01 5.709769422106821812e-01 4.304336321671843879e-01 5.432490748773447509e-01
6.757652491456656030e-01 3.422845954439631688e-01 5.646278416073606810e-01 4.369243053155277279e-01 6.010144174527124461e-01
6.764102536943155108e-01 3.231269883261204678e-01 5.616983613727251079e-01 4.395978870723024623e-01 6.466816080351337481e-01
7.134072846383254785e-01 2.912847697224781873e-01 5.614838301394268205e-01 4.362549056923111235e-01 6.962229541897745344e-01
7.432052051052525643e-01 2.443565136660139081e-01 5.476478005861473708e-01 4.429014564409924359e-01 7.469503834575997869e-01
7.371606869969143938e-01 1.971216598594430769e-01 5.316838896167154216e-01 4.165323144023425628e-01 7.416270580426982395e-01
7.611922188062490990e-01 1.916628794894336962e-01 5.257112444217661995e-01 3.601866344573499412e-01 7.033094011589361427e-01
7.843719162440510040e-01 1.795267432235156391e-01 5.198305942222435361e-01 3.005112454937172162e-01 6.726853967224202258e-01
8.006687760353088379e-01 1.709942370653152466e-01 5.156961083412170410e-01 2.585555016994476318e-01 6.511546969413757324e-01
