2.099598497152328491e-01 7.175976037979125977e-01 1.506956070661544800e-01 7.852171063423156738e-01 4.764776825904846191e-01
1.892597549966533177e-01 7.123508329541701212e-01 1.340791635961812167e-01 8.094336985907681914e-01 4.588208129981906636e-01
2.185145789369613845e-01 7.144121784325268010e-01 1.207405715132093688e-01 8.340051453536967419e-01 4.354149443250807106e-01
2.398409411895756349e-01 7.004739520578350254e-01 1.374544542986589069e-01 8.215531530238155966e-01 4.102803024464425907e-01
2.720220977887689573e-01 6.869642991965794199e-01 1.537597166913828584e-01 8.001275709385129442e-01 4.034929021471493904e-01
2.958228979381417600e-01 6.807664821990201398e-01 1.673415242278290804e-01 7.863320681865065831e-01 4.034619720949975674e-01
3.306019800244510143e-01 6.749999378655536786e-01 1.896083507148129121e-01 7.677773769007290028e-01 4.069232687849906327e-01
3.508751762417910980e-01 6.638204634614681687e-01 2.205544722969529081e-01 7.456601727665029822e-01 4.195294413093804131e-01
3.592147645413425461e-01 6.671465336330043572e-01 2.502397611876380212e-01 7.289437981498108066e-01 3.994157441481265836e-01
3.760975925311363932e-01 6.729603772651279181e-01 2.870513486199990361e-01 7.125178491900791000e-01 3.804745403150598393e-01
3.946628095523344593e-01 6.765637997425092420e-01 3.231521709577149792e-01 7.019672446423724788e-01 3.544242793558304849e-01
4.075696226468088490e-01 6.814863335098240160e-01 3.516942734668270787e-01 6.945168898699893845e-01 3.315494427872009986e-01
4.191349399264899800e-01 6.896689873941385107e-01 3.878048150524891491e-01 6.819486405099766113e-01 3.078403159936929367e-01
4.340218923658898942e-01 6.839482682569677507e-01 4.203133403499564325e-01 6.558470697216018941e-01 2.896409928423962499e-01
4.476509980602129679e-01 6.552415418337188546e-01 4.259543027294760975e-01 6.310401879747201681e-01 2.816326995288480073e-01
4.613354194082736059e-01 6.226023149649778654e-01 4.304085684546574697e-01 6.072489654227385403e-01 2.733659930846302211e-01
4.931751089923648301e-01 6.112823065468517836e-01 4.536083792325663056e-01 5.940615235578262654e-01 2.680367018411209390e-01
5.289151536254529384e-01 6.141304029942914466e-01 4.770496244708137268e-01 5.958392096739477672e-01 2.740571603376036336e-01
5.586074910074338984e-01 6.154126319237024356e-01 5.044756504361364025e-01 5.854420161986273463e-01 2.953900086071519215e-01
5.677883422271039482e-01 6.095299713227837479e-01 5.248022705877335436e-01 5.684402026842131361e-01 3.242948872499680224e-01
5.667195660715398375e-01 5.945479483880244942e-01 5.397333361396232654e-01 5.578658939155134444e-01 3.622735672398660900e-01
5.631789841834601296e-01 5.731790075669622730e-01 5.437819142677897677e-01 5.576128003098508312e-01 3.999983208940699475e-01
5.560295976818895314e-01 5.471385392259018321e-01 5.330357657171519437e-01 5.476762424254432160e-01 4.376714800853049869e-01
5.443634396194139136e-01 5.304844804808261927e-01 5.178010223918099175e-01 5.220640003955742126e-01 4.570630949470652626e-01
5.402582111290155087e-01 5.076809358359490876e-01 5.051900521282406409e-01 4.896686978189011552e-01 4.737394112308411231e-01
5.480940500977327101e-01 4.817648544745290473e-01 5.052471623270388124e-01 4.592030430164119048e-01 4.792339741850712431e-01
5.610368381609007749e-01 4.593466501873960661e-01 5.161592639073243616e-01 4.342167045409155990e-01 4.761662336877150459e-01
5.775267267650683323e-01 4.316761481679660117e-01 5.291453755603456877e-01 4.100532992303647650e-01 4.826446744885441453e-01
5.976698863196697742e-01 3.977345479043465915e-01 5.363952309355344283e-01 3.995361494833630789e-01 5.107706377212415383e-01
6.122625780016167640e-01 3.709177231176662981e-01 5.352111583157840302e-01 4.116988907771660933e-01 5.431882710032126527e-01
6.171454884298490651e-01 3.432690398819295274e-01 5.258519704148297835e-01 4.223131015303391855e-01 5.775183220389999983e-01
6.150700693346377035e-01 3.123724058557483252e-01 5.086435654840436582e-01 4.197818858774367001e-01 6.105164086211968266e-01
6.200866801378317472e-01 2.843320120139812279e-01 4.955249343458874023e-01 4.114102647807315605e-01 6.382247631080750772e-01
6.457037406472438956e-01 2.629878776241241778e-01 4.986663091796498803e-01 4.086269669097200574e-01 6.692660198663062943e-01
6.799430129183282601e-01 2.563219455504445188e-01 5.177079674380702379e-01 4.171327235595220784e-01 6.917723528613202166e-01
7.103577901140620821e-01 2.443067242018259755e-01 5.345308802236847789e-01 4.224805700474674741e-01 7.083760301710546603e-01
7.373223187430728576e-01 2.209555089452845678e-01 5.462909770912606211e-01 4.013435542507257092e-01 7.035757373998726694e-01
7.492741140967525970e-01 2.051433191559524916e-01 5.428657273944185180e-01 3.610049038280269129e-01 6.784677713889691875e-01
7.709268588548936485e-01 1.943553006390339455e-01 5.370338576461499702e-01 3.245735970433493156e-01 6.665081235558752981e-01
7.874918418694372146e-01 1.813833723591231073e-01 5.251964843820217110e-01 2.878720289580197211e-01 6.579570750872658635e-01
8.006687760353088379e-01 1.709942370653152466e-01 5.156961083412170410e-01 2.585555016994476318e-01 6.511546969413757324e-01
