2.099598497152328491e-01 7.175976037979125977e-01 1.506956070661544800e-01 7.852171063423156738e-01 4.764776825904846191e-01
2.447808598174561756e-01 7.332153078262931833e-01 1.677157522368390996e-01 8.375174951913921806e-01 4.684899930693505743e-01
2.928310441278918486e-01 6.954076928918508926e-01 1.787491986513378428e-01 8.778558691890615551e-01 4.397922027189112293e-01
2.988080893374297498e-01 6.643783803431746460e-01 1.721651731387427164e-01 8.411666957294855473e-01 4.068395158434315317e-01
3.191560339588200290e-01 6.410202304710879151e-01 1.702895865208246262e-01 7.895566902671207199e-01 3.656045695339848467e-01
3.524710286919737756e-01 6.508596859820408032e-01 1.872651653210819223e-01 7.413550930239346526e-01 3.316606992387681752e-01
3.686430282359079436e-01 6.556797430435536977e-01 2.364714160152316114e-01 6.935994478112605943e-01 3.034013124680866036e-01
3.828772684548139571e-01 6.513110024770484285e-01 3.066433666872450670e-01 6.499615677793102453e-01 3.324915912145930408e-01
4.104377547429177153e-01 6.387119969676225972e-01 3.607338752824318373e-01 6.082889464145405656e-01 3.632779942982835575e-01
4.618352601115462419e-01 6.249613511097927843e-01 4.128758854002911316e-01 5.762495360849929638e-01 3.645325884078258749e-01
5.176347498316851148e-01 6.066422869451177924e-01 4.710357964512320028e-01 5.734053999780369670e-01 3.595701878701854093e-01
5.900145574772514001e-01 5.791547082643258015e-01 5.243852472352462657e-01 5.471209820172714400e-01 3.528896958387973126e-01
6.440947250381157119e-01 5.669586136035240642e-01 5.421937636401501504e-01 5.075784096550932656e-01 3.511621112033467274e-01
6.803718370625023715e-01 5.336167969724917581e-01 5.635020626732917259e-01 4.636289193452769464e-01 3.713533256960893092e-01
6.841830086182736359e-01 4.719076965721644701e-01 5.837697180080089199e-01 4.267711580447833275e-01 4.266332689790743871e-01
6.648872282224235208e-01 4.271070058058294983e-01 5.813320314881015305e-01 4.295522872057805919e-01 4.736207240683926734e-01
6.363015624706038764e-01 3.704058893526145924e-01 5.626469914563608787e-01 4.406663031038508538e-01 5.186219787457023722e-01
6.162363152739089855e-01 3.184690767251167065e-01 5.507497419854952003e-01 4.482341675108152401e-01 5.672461137740379966e-01
5.944242961045194118e-01 2.729576566420530148e-01 5.228284554058997280e-01 4.515291708818577887e-01 6.209225877576902697e-01
6.219907626834517700e-01 2.468613795767597985e-01 5.049095828678186182e-01 4.540689370957264326e-01 6.857979970052946461e-01
6.904220187775755857e-01 2.107234614580578147e-01 5.136664590733335256e-01 4.539445748882369180e-01 7.425000162135078074e-01
7.529701895623395203e-01 2.024238403067253611e-01 5.210963237223456002e-01 3.877536671443014282e-01 7.303499020748897008e-01
7.821367323563565011e-01 1.832901728580405842e-01 5.178320164909027135e-01 3.079028149886282595e-01 6.817606900372004120e-01
8.006687760353088379e-01 1.709942370653152466e-01 5.156961083412170410e-01 2.585555016994476318e-01 6.511546969413757324e-01
