2.099598497152328491e-01 7.175976037979125977e-01 1.506956070661544800e-01 7.852171063423156738e-01 4.764776825904846191e-01
2.720372851939334424e-01 7.027726515919288097e-01 1.409477349045017702e-01 8.542691599120837420e-01 4.612120733432517050e-01
2.807495740675136076e-01 7.064029816768249148e-01 1.354449309627537013e-01 8.637727347190570226e-01 3.602795729899099797e-01
2.758907185956525621e-01 7.101555569349372599e-01 1.358394397565153289e-01 8.244778437753503830e-01 2.973735727107418292e-01
2.644723291500038487e-01 7.197126371220865515e-01 1.597063651649455740e-01 7.451743706143389989e-01 2.548663668529588255e-01
2.984903114215456954e-01 7.181212624728335880e-01 1.960503873390826435e-01 6.909175344210926051e-01 2.533006967859303127e-01
3.832514487498303035e-01 7.043534157926204520e-01 2.467184834854801723e-01 6.549512587465867730e-01 2.803102760067111010e-01
4.240588002111478350e-01 6.900999409999001299e-01 3.334841034872707555e-01 6.445926552545798716e-01 2.853001065330225128e-01
4.693456434516055653e-01 6.702149900834661889e-01 3.958269262503985031e-01 6.268272711744444781e-01 2.481388479658205304e-01
5.511403370923843026e-01 6.478179409694679869e-01 4.445453547433102504e-01 5.682855349046770366e-01 2.579777197130982413e-01
5.979201994886506055e-01 6.175398332541029989e-01 4.949544290548288927e-01 5.134494139643204225e-01 2.830264857297394299e-01
6.399726257861311218e-01 5.620869185158794412e-01 5.449466145495329705e-01 4.761009734968130180e-01 3.370532725492527693e-01
6.756406522870028741e-01 5.143099193215413534e-01 5.648216227900320074e-01 4.417062244401156468e-01 3.836061225432404465e-01
6.922163009803391498e-01 4.432882076575657138e-01 5.693451854243261057e-01 3.986700872756328007e-01 4.300507027426144768e-01
6.502505089846956077e-01 3.754452222633771208e-01 5.508890571910041167e-01 4.022691538723990878e-01 5.151056412490860881e-01
6.007651469382255804e-01 3.455476906614389776e-01 5.221264741249471708e-01 4.110945789398367523e-01 5.715850183920148098e-01
5.832955762340040762e-01 3.127129398093909662e-01 5.142306255392021797e-01 4.243275710693435454e-01 6.364510586917115909e-01
6.187485923972273483e-01 2.788134920164456187e-01 5.319657015619411178e-01 4.488833904895670468e-01 7.011036408080307814e-01
6.707905762531110039e-01 1.914005959895921649e-01 5.022072233657595142e-01 4.092531034362772435e-01 7.157226249226573689e-01
7.505340234453966586e-01 1.789422401896781367e-01 5.094231040085849260e-01 3.171664149231221974e-01 6.756618931897637736e-01
8.006687760353088379e-01 1.709942370653152466e-01 5.156961083412170410e-01 2.585555016994476318e-01 6.511546969413757324e-01
