2.099598497152328491e-01 7.175976037979125977e-01 1.506956070661544800e-01 7.852171063423156738e-01 4.764776825904846191e-01
2.293257253522064665e-01 7.065640017809634577e-01 1.254748312878852523e-01 8.063360667263076431e-01 4.754943704396712434e-01
2.508450668429426655e-01 6.830463521758948220e-01 1.142462782340823435e-01 8.372270351885525708e-01 4.731741624994230677e-01
2.519852603967893678e-01 6.619960038072484343e-01 1.196678566846359204e-01 8.278493554375990771e-01 4.306386116197063463e-01
2.630922075302684626e-01 6.539444786032436729e-01 1.235476398553383426e-01 7.997952861059687280e-01 4.035624442370743803e-01
2.937937740169216938e-01 6.494833471053663709e-01 1.442997330657919408e-01 7.906611083692693942e-01 3.762305886248284992e-01
3.236126961456795570e-01 6.476786790650845838e-01 1.734613278735825104e-01 7.979152524703483351e-01 3.707852635982206713e-01
3.561690881626544680e-01 6.361488230831667812e-01 2.034459793168516273e-01 7.977440070831145480e-01 3.678736290797374187e-01
3.854758237766617857e-01 6.321227177211348192e-01 2.292003071443951823e-01 7.957242347119993786e-01 3.522876650809324550e-01
4.083342340736534348e-01 6.344298505892831397e-01 2.563012035463924088e-01 7.911859475569754663e-01 3.338253792805433995e-01
4.255927530476542042e-01 6.357852216668065104e-01 2.891067671672998829e-01 7.752263262713746661e-01 3.213105204365916401e-01
4.363468438682832073e-01 6.365246738175454055e-01 3.206338409398471478e-01 7.422659636200960032e-01 3.160789105871411597e-01
4.411182118691632792e-01 6.381757136435576294e-01 3.422341227013931397e-01 7.065932797176471825e-01 3.127187359218658314e-01
4.429704458809520240e-01 6.329551073064684230e-01 3.703315813577762183e-01 6.662734713880259507e-01 2.973610752846386207e-01
4.558751353315196875e-01 6.237141967967455569e-01 4.058791892915540878e-01 6.487401982834891667e-01 2.770464137215068456e-01
4.829546592895587742e-01 6.221322885180338158e-01 4.361839828741445602e-01 6.468201027224327326e-01 2.671076117715291409e-01
5.162985690787458282e-01 6.230733416153428905e-01 4.597884813360715306e-01 6.374835096811797275e-01 2.586462496920248766e-01
5.454231994859409793e-01 6.240875056215356986e-01 4.751524187939745736e-01 6.109895847693180837e-01 2.577845201781624462e-01
5.618708643167286132e-01 6.273055244156566790e-01 4.839019751532567248e-01 5.774387746721167947e-01 2.790801547924826043e-01
5.575446079492949458e-01 6.319721635745637611e-01 5.016955628309118786e-01 5.495977643030938165e-01 3.132071590603023870e-01
5.570765553117567048e-01 6.324578749660113575e-01 5.330597403734866901e-01 5.406628067674613680e-01 3.390568086156255379e-01
5.833291770511863650e-01 6.207140757229602235e-01 5.559643590792451295e-01 5.349092857277190083e-01 3.625160754103579075e-01
5.971542492588942652e-01 6.053396461355010638e-01 5.522243139668018275e-01 5.184923657336071301e-01 3.877522107667082385e-01
5.728334904330399935e-01 6.002106435739427148e-01 5.357969765600503198e-01 5.049864711831189013e-01 4.059241744265202900e-01
5.339025266995893748e-01 6.004791526657856648e-01 5.195850903023442324e-01 4.981913707138090897e-01 4.177056979449157992e-01
4.951639658749232842e-01 5.926280172185401929e-01 5.094458452743604315e-01 4.976847315021774021e-01 4.305232865123081454e-01
4.705382003766778176e-01 5.659871410757083554e-01 5.082551672679569421e-01 4.997106587365282571e-01 4.459171329551472884e-01
4.464311917506062488e-01 5.302199559883825630e-01 4.963285347788304880e-01 4.871203134778137045e-01 4.588279501066915844e-01
4.365029103524111775e-01 4.921836093034277493e-01 4.892064540181495502e-01 4.736815943586177302e-01 4.717324802426408614e-01
4.614567821397783653e-01 4.718203377776403751e-01 5.018825072423840350e-01 4.709641374653736334e-01 4.856325412183603030e-01
4.919206902832718997e-01 4.527197515939351824e-01 5.076080463194814207e-01 4.697398728051891958e-01 5.027515229400369989e-01
5.176215217786035439e-01 4.235933622258803988e-01 4.989979177568406032e-01 4.733041744861186673e-01 5.267692437874792466e-01
5.333457597848622056e-01 3.920216254906546682e-01 4.879704590234910100e-01 4.788779980242586776e-01 5.455738780654455500e-01
5.527459532617026161e-01 3.536465080922163717e-01 4.899448933738273504e-01 4.809750982854280599e-01 5.562393123039822695e-01
5.763427146829430692e-01 3.273544966061053274e-01 5.078716629317270304e-01 4.751404709621494526e-01 5.725219182027889708e-01
5.921197994721731916e-01 3.110428690410096397e-01 5.175672409484440850e-01 4.684531541831013501e-01 6.015345195671301104e-01
6.063975582681575549e-01 2.927556654978076267e-01 5.234870000209427277e-01 4.604706274519961284e-01 6.331061043351977613e-01
6.233657506800458492e-01 2.674086739665454959e-01 5.288856320145238765e-01 4.477564181250354158e-01 6.613089635457306548e-01
6.365140867710885608e-01 2.403841468816100557e-01 5.199163326489832926e-01 4.316738866877334879e-01 6.840640344504657078e-01
6.719570782917732021e-01 2.234312721569690907e-01 5.102133290136979804e-01 4.176878356252944902e-01 6.972084845064744352e-01
7.046925843487588104e-01 2.063107547992518720e-01 5.044452128782395128e-01 3.908121437646849827e-01 7.039353112872542839e-01
7.341004888131705819e-01 1.945846875964317713e-01 5.038993081060086920e-01 3.608196390929518382e-01 6.949706308933673027e-01
7.573415001734600249e-01 1.848013273774684606e-01 5.075129697847839960e-01 3.254913231989983169e-01 6.814245736235308160e-01
7.823003650495202743e-01 1.768476932156670955e-01 5.122269021848574466e-01 2.869326533785763189e-01 6.639874800861050863e-01
8.006687760353088379e-01 1.709942370653152466e-01 5.156961083412170410e-01 2.585555016994476318e-01 6.511546969413757324e-01
