2.099598497152328491e-01 7.175976037979125977e-01 1.506956070661544800e-01 7.852171063423156738e-01 4.764776825904846191e-01
1.767940746659483753e-01 7.069991696924892155e-01 1.461632956575745212e-01 7.860960494111497443e-01 4.737908437435730535e-01
1.553242057461070302e-01 6.750392107303935241e-01 1.301036625961615179e-01 8.022100424198712609e-01 4.726639345447647411e-01
1.823123645782228075e-01 6.560166427313520732e-01 1.165623730802226865e-01 8.239747050958576846e-01 4.779506718570577517e-01
2.236373914797952223e-01 6.510539781262746351e-01 1.093367640001427082e-01 8.406912769112285799e-01 4.846399151321268417e-01
2.561043943497330888e-01 6.573483821028016649e-01 1.213708137376335733e-01 8.449734005437439244e-01 4.534621058549904715e-01
2.798157578796105494e-01 6.628928622012465466e-01 1.415601215439360738e-01 8.332672076716516329e-01 4.268592021438980533e-01
3.074848939049475982e-01 6.623701074996553029e-01 1.594477831783827904e-01 8.224220053414241782e-01 4.062924068664693356e-01
3.340517978623975259e-01 6.588330756518134823e-01 1.837219727180676165e-01 8.105120210691567628e-01 3.867952224088688218e-01
3.588207241656224400e-01 6.548729747869358464e-01 2.139461282316580115e-01 7.980175772482915875e-01 3.665723333357475133e-01
3.796957110546293479e-01 6.511077644587736080e-01 2.412985153624500334e-01 7.885227519999202794e-01 3.499329987878223580e-01
3.995228692311885155e-01 6.477139582302855469e-01 2.729351224539568466e-01 7.805029353843246920e-01 3.391926471422715417e-01
4.162196347805671159e-01 6.481737058492156311e-01 3.142688793688251936e-01 7.714354312040098138e-01 3.409677296428786919e-01
4.275322144043519623e-01 6.470391357745863825e-01 3.520148657950348259e-01 7.548904102796369919e-01 3.398404796212861623e-01
4.360253385101063861e-01 6.402583627251239307e-01 3.786155125636040397e-01 7.314090557444837826e-01 3.271474254105166124e-01
4.478221481342618548e-01 6.332842427977540822e-01 3.919326562543206660e-01 7.021294170535935519e-01 3.060171898756355868e-01
4.619411440179341244e-01 6.317752599848117656e-01 3.985959564423091073e-01 6.743310172568768301e-01 2.890204085129188805e-01
4.926938033308917997e-01 6.294691494484555561e-01 4.148703381937990375e-01 6.445811620713413070e-01 2.937448188562170603e-01
5.002550709979657340e-01 6.196278305294191657e-01 4.266537363882300649e-01 6.166861722054828299e-01 3.301638860884860693e-01
4.878524527360696417e-01 6.150693618448608291e-01 4.321883550703065624e-01 5.873611373657362522e-01 3.570379404520230837e-01
4.839297415975250538e-01 6.122279136037628300e-01 4.513148271012367152e-01 5.579879165717619438e-01 3.776171543989130797e-01
5.032503773838901129e-01 6.030879800377298983e-01 4.818137590118333202e-01 5.427714990696096420e-01 3.898897160115895599e-01
5.341961177197523947e-01 5.892676172482165242e-01 5.079651322846439054e-01 5.358598490575670059e-01 3.940686815726325287e-01
5.686110237747283858e-01 5.744331840822246571e-01 5.262490381884253887e-01 5.298292799679197307e-01 3.941014312175442069e-01
5.568966720477923626e-01 5.438761100097607715e-01 5.209959849489275152e-01 5.335293875660356289e-01 4.214756518491190596e-01
5.331137137985845209e-01 5.280690387142263909e-01 5.145213706454749847e-01 5.223288961043688339e-01 4.402543516089324482e-01
5.219844537823655761e-01 5.053610998980418989e-01 5.118772480361923893e-01 4.958995217552102930e-01 4.597687467101161385e-01
5.139845756909975361e-01 4.743581184051377519e-01 5.061368341827346962e-01 4.707456546100983741e-01 4.678538562653553057e-01
5.010911274557887651e-01 4.418331408290728235e-01 5.016250236357048253e-01 4.451630564435695159e-01 4.821617611425092487e-01
5.059352148082708611e-01 4.124415919907504224e-01 5.056331638510361826e-01 4.215128621560180200e-01 5.053307836326482727e-01
5.233416177672335357e-01 3.827107237745357993e-01 5.073870310014630958e-01 4.107668660594103183e-01 5.258538286201113188e-01
5.343381837497697129e-01 3.528257660564537157e-01 5.030297757591459806e-01 4.115178017528374754e-01 5.556915803479087757e-01
5.473475587022371691e-01 3.339704385005585197e-01 5.069692638945330065e-01 4.239204352194543279e-01 5.897811295752710681e-01
5.714041411131179915e-01 3.239789943327827659e-01 5.207603107045978286e-01 4.380794113751205754e-01 6.177550573633918685e-01
6.030557768711867217e-01 3.154281732088166645e-01 5.350292578446259606e-01 4.443631271310944375e-01 6.388178894187023227e-01
6.359865094829632026e-01 3.019935061085626260e-01 5.387439286399813287e-01 4.479951133297626065e-01 6.680636342150140239e-01
6.362548420118712134e-01 2.820399939759224983e-01 5.206213101345936733e-01 4.503592079055996344e-01 7.004321013124209516e-01
6.128020102307492056e-01 2.617382038440566050e-01 4.989178627307528924e-01 4.426871018426363769e-01 7.098002432450410959e-01
6.232211817646489127e-01 2.332457688406968932e-01 4.748279627449824569e-01 4.288238122389582685e-01 6.973118118381422814e-01
6.605962197319157347e-01 2.252221906842094834e-01 4.858066260738647668e-01 4.140125332405659719e-01 6.903675010395803335e-01
6.939320241394820732e-01 2.151450299451892478e-01 4.974700008894636372e-01 3.861161489379591472e-01 6.856108627718870974e-01
7.225573257731783272e-01 2.039849633537261786e-01 5.041765067061255712e-01 3.542687782654811990e-01 6.784242193412615141e-01
7.530390200231104059e-01 1.914730986478625496e-01 5.093944706751160068e-01 3.178059510848222913e-01 6.680329218890926901e-01
7.798666499007600450e-01 1.799383068527609930e-01 5.129438905563750151e-01 2.844329242360568721e-01 6.585262015151085446e-01
8.006687760353088379e-01 1.709942370653152466e-01 5.156961083412170410e-01 2.585555016994476318e-01 6.511546969413757324e-01
