2.099598497152328491e-01 7.175976037979125977e-01 1.506956070661544800e-01 7.852171063423156738e-01 4.764776825904846191e-01
2.626384311623355394e-01 7.092131149731550899e-01 1.517523724037367350e-01 8.112320394597600792e-01 4.591162198754432655e-01
3.023624298250702780e-01 6.735372319109612649e-01 1.705845657507800983e-01 7.823585012857239285e-01 4.212740156538712366e-01
3.083896447884073022e-01 6.718189995596201003e-01 1.682108251402904542e-01 7.133195868728541278e-01 3.770397714484433616e-01
3.485369334887437609e-01 6.790253404230005563e-01 1.982927836395106946e-01 6.691919545201893138e-01 3.468977123053570977e-01
4.067392582904099663e-01 6.636340072106292620e-01 2.519251157082582071e-01 6.677018333137262340e-01 3.570565806416428067e-01
4.732325124756365242e-01 6.495958440095811470e-01 2.846105288671254563e-01 6.681293423593256398e-01 3.616118618411257590e-01
5.013797693345736217e-01 6.355322549920006114e-01 3.643262878668522831e-01 6.505262295588474242e-01 3.606627593546138377e-01
5.189184668126535227e-01 6.198743641331613263e-01 4.281388785461330837e-01 6.294310911047736878e-01 3.550767776482859905e-01
5.504389553613818764e-01 6.267994096146016769e-01 4.965416604520310750e-01 5.787026075889045718e-01 3.403342642830836096e-01
6.235775492471904435e-01 6.342911092680657559e-01 5.281148132284336771e-01 5.551887480776305228e-01 3.475370574396071111e-01
6.723121980952841970e-01 6.201048195989374845e-01 5.488103036017388803e-01 5.313880933444027344e-01 3.461758016624185141e-01
6.672543724112750541e-01 5.594038157243663711e-01 5.527308685398947263e-01 4.839024016840901554e-01 3.463256352684804806e-01
6.511899431465731913e-01 5.147138118323985045e-01 5.506585598905725520e-01 4.513720858328686414e-01 3.758752267094044308e-01
6.484430556420003322e-01 4.675707974366343778e-01 5.519840470123492659e-01 4.335384948728799315e-01 4.178311026626178037e-01
6.451611396615605232e-01 4.118149642209586458e-01 5.623674882891160909e-01 4.152399142720040182e-01 4.775878371869536343e-01
6.354761743147629982e-01 3.770957635569646138e-01 5.777727241434655880e-01 3.998993760825388377e-01 5.365846783161641875e-01
6.229897168688207643e-01 3.507310489642777585e-01 5.692319116247875899e-01 4.042639223199371856e-01 6.070248569659574267e-01
6.260894646170185318e-01 3.311791375402988735e-01 5.591421990179339385e-01 4.112461419479023772e-01 6.721587410200700052e-01
6.323940192717558695e-01 2.974704013176447948e-01 5.667329277251003106e-01 4.326769659052628336e-01 7.315932136804067509e-01
6.304653354374267771e-01 2.435646051811385104e-01 5.276217512101811780e-01 4.542161032288827838e-01 7.509178780013486820e-01
6.833101565013819378e-01 2.041411196038243614e-01 5.287071264148852645e-01 4.257071509545147792e-01 7.567228895377191566e-01
7.337169644387467882e-01 1.909309965475605997e-01 5.387151244618962886e-01 3.735268187272371421e-01 7.327963008371691789e-01
7.747133417446113723e-01 1.787231877594206153e-01 5.246199678471706873e-01 3.031268193870333971e-01 6.828049724869180714e-01
8.006687760353088379e-01 1.709942370653152466e-01 5.156961083412170410e-01 2.585555016994476318e-01 6.511546969413757324e-01
