2.099598497152328491e-01 7.175976037979125977e-01 1.506956070661544800e-01 7.852171063423156738e-01 4.764776825904846191e-01
1.842124220615620200e-01 7.199188216399224904e-01 1.178452762390097275e-01 8.023523048354017639e-01 4.595883732244130382e-01
2.283724272719490633e-01 7.210846802483045215e-01 1.201198529559923678e-01 7.973427615721870865e-01 4.368594992555836498e-01
2.598289098049748058e-01 7.227029610921841263e-01 1.402321283855808287e-01 7.669446174459523258e-01 4.160378689001250629e-01
2.809451064611319104e-01 7.197194379092366479e-01 1.608743107439202236e-01 7.550900353181965174e-01 3.925181514601475130e-01
3.099295431018057045e-01 7.160181825059523941e-01 1.895750759810418129e-01 7.400510158489210788e-01 3.609124598645570559e-01
3.395617576991905029e-01 7.164005088190867898e-01 2.201783148410683955e-01 7.237705369973549407e-01 3.305843072557121953e-01
3.630411026852070622e-01 7.122950390913759255e-01 2.431166115406056538e-01 6.939898150509152819e-01 3.124453377124233322e-01
3.897938494477538041e-01 6.953501009161300317e-01 2.652743471271646336e-01 6.890745229934399640e-01 2.862051093737791319e-01
4.152672858686691781e-01 6.831499160675149618e-01 2.845332642736362327e-01 6.552883296696740967e-01 2.652454510958617839e-01
4.374055512918026412e-01 6.784968746582207277e-01 3.123999672723037913e-01 6.376239280713426050e-01 2.488241661057423448e-01
4.567666816459188817e-01 6.754046212314013253e-01 3.577897106760785650e-01 6.427550060323363734e-01 2.396759778531266094e-01
4.737839951394783866e-01 6.735338444140339664e-01 4.070829859028601838e-01 6.427368407051308186e-01 2.457134853660517260e-01
4.897744860350615181e-01 6.734699362354518160e-01 4.466499062232973660e-01 6.262882933398316032e-01 2.663158729819291581e-01
4.876147881793293504e-01 6.557771616148545535e-01 4.876476698871650139e-01 6.087643094706803870e-01 2.822630131667977493e-01
4.844805564897914363e-01 6.158029995081844010e-01 5.155722093466902356e-01 5.850121346576970804e-01 2.975503937732768001e-01
4.830614443941000924e-01 5.793886169510461537e-01 5.256177582287624439e-01 5.690238143722650133e-01 3.279221556727470177e-01
4.879035366425528708e-01 5.581649900285529098e-01 5.184718890347773668e-01 5.517192202061852457e-01 3.604772574135413632e-01
5.006821632311676540e-01 5.375061172439627999e-01 5.038416739934992172e-01 5.233018301730906208e-01 3.873146347848787086e-01
5.314386554014649544e-01 5.126710770625899638e-01 4.967904898067213026e-01 4.920292936853613575e-01 4.090037401235618875e-01
5.712421042878392807e-01 4.946583584543868262e-01 5.144829501471752664e-01 4.783684924604301725e-01 4.197888831277753474e-01
6.178470821785886358e-01 4.744902099477050217e-01 5.394511705074808150e-01 4.664090136844802892e-01 4.313990117138359337e-01
6.586255473026263463e-01 4.521453704249135397e-01 5.530446902203437487e-01 4.580618063682297958e-01 4.524152890475549582e-01
6.889713821815071082e-01 4.246723167482470140e-01 5.696142788367357657e-01 4.567716135914198228e-01 4.794889294761416343e-01
6.881135934123202569e-01 3.877158806889241527e-01 5.780978784569986706e-01 4.517496466980931991e-01 5.028155843368333766e-01
6.619493799870104223e-01 3.499697890748254547e-01 5.928633236107755389e-01 4.448501042677234785e-01 5.263842020456478421e-01
6.721008779392525501e-01 3.387118962430716862e-01 6.017369407816995919e-01 4.549603361038699334e-01 5.672324464254306919e-01
6.932268913875276883e-01 3.331982490178658773e-01 5.911151010586824794e-01 4.690221619670305042e-01 6.060893999011643940e-01
7.073686123809145299e-01 3.206592887473248554e-01 5.857048754056419781e-01 4.637482175117331185e-01 6.440900846348311948e-01
7.180277073390664011e-01 2.972948539092326592e-01 5.881190827134402666e-01 4.527926903602507713e-01 6.894996697610934477e-01
7.211162742069756604e-01 2.622264984385100361e-01 5.831782559508341679e-01 4.642047840547382509e-01 7.335227421526505642e-01
7.081790520384039223e-01 2.316777003527018264e-01 5.486814115381919432e-01 4.612191117307713473e-01 7.607865618379745509e-01
7.235855476162266209e-01 2.111725820022505862e-01 5.420057852556784406e-01 4.225819762258132828e-01 7.446670322102928452e-01
7.541023459111247940e-01 2.071017081725297082e-01 5.540648260451686014e-01 3.834578383834781334e-01 7.160210702385826353e-01
7.741530798902696020e-01 1.985953872786969387e-01 5.499478783600542098e-01 3.346425912463709684e-01 6.878922205048996208e-01
7.896711565745818673e-01 1.824420581998143220e-01 5.299023328530325649e-01 2.901132949451616372e-01 6.663919097179564766e-01
8.006687760353088379e-01 1.709942370653152466e-01 5.156961083412170410e-01 2.585555016994476318e-01 6.511546969413757324e-01
