2.099598497152328491e-01 7.175976037979125977e-01 1.506956070661544800e-01 7.852171063423156738e-01 4.764776825904846191e-01
2.056841191895935617e-01 6.892078286486871264e-01 1.408833078414767626e-01 7.692874458409619809e-01 4.509522968699046230e-01
2.244649389913546400e-01 6.804960280430579767e-01 1.252648108903143542e-01 8.077695147214446481e-01 4.466011492973102626e-01
2.394817028870716846e-01 6.830071033120603818e-01 1.199141146621852672e-01 8.323801303927287343e-01 4.487905266145676975e-01
2.734698098786687570e-01 6.862918337410128800e-01 1.172059608986509571e-01 8.571260451092639343e-01 4.484967112732100580e-01
3.012856886558483716e-01 6.688499591545552514e-01 1.343859750703745859e-01 8.574430988321750657e-01 4.266055791479874681e-01
3.217221215159734582e-01 6.510239265384262231e-01 1.582046103481144494e-01 8.479610807331700029e-01 3.984623979334827037e-01
3.357965103935521833e-01 6.431484975410010074e-01 1.747115924674879084e-01 8.343370095841797784e-01 3.773201290110875794e-01
3.537364789109282981e-01 6.411017718356881723e-01 1.904267745285925240e-01 8.155656482908179017e-01 3.561624269497521422e-01
3.821515653764900322e-01 6.403516412414597125e-01 2.119140446428123270e-01 7.987630839652407611e-01 3.388885280263773669e-01
4.087287045394539797e-01 6.347363322659336227e-01 2.357808508371813383e-01 7.919339452696746440e-01 3.378188377866827019e-01
4.321666010375370126e-01 6.242319360492012414e-01 2.675823164823026845e-01 7.890578250010119588e-01 3.456458770123924662e-01
4.346528012144648123e-01 6.181975310145223501e-01 3.087238154059939732e-01 7.787805264185743148e-01 3.470729802441752110e-01
4.146602880950108205e-01 6.211820583330914802e-01 3.338363284978202450e-01 7.607331315077560108e-01 3.390337105423794073e-01
4.039436328511930574e-01 6.264258333851238092e-01 3.446685642328061738e-01 7.338892895220220369e-01 3.267386392862973721e-01
4.267677174049673838e-01 6.285566726945540639e-01 3.502576938094696946e-01 6.938467231031189009e-01 3.163447635816298287e-01
4.535064175971435518e-01 6.231976905223661767e-01 3.589195287891938091e-01 6.558745547045923274e-01 3.129051326794374810e-01
4.692537632924572710e-01 6.176527202216371970e-01 3.695504544948204351e-01 6.203879033579094981e-01 3.066218532379298423e-01
4.885780425776370950e-01 6.240181532483572990e-01 3.982293359766408969e-01 5.960099176513378172e-01 2.956136787705034297e-01
5.092827552008279968e-01 6.348946401760263702e-01 4.254837779628825034e-01 5.904156740245761759e-01 2.906325616994777095e-01
5.340108799268564743e-01 6.456459649070853679e-01 4.538014856644642103e-01 5.874475879379061904e-01 2.968347820840678830e-01
5.432624819239417757e-01 6.479637272665158543e-01 4.739956691840229719e-01 5.867471969922952724e-01 3.371778605159341802e-01
5.465719764873805397e-01 6.348039529157949445e-01 4.806192745999932625e-01 5.704557504167236948e-01 3.756992229649203652e-01
5.245376974244224666e-01 6.268328674454847205e-01 4.811999500708917243e-01 5.475382733020650594e-01 3.979350921936755103e-01
5.164769173617184128e-01 6.068420489308398169e-01 4.884380150813848465e-01 5.185441777616903725e-01 4.235352375826296201e-01
5.353258162604437320e-01 5.830062495688678181e-01 5.019541744169343511e-01 4.988701221642339867e-01 4.438605666483275147e-01
5.540104654545362495e-01 5.560651554150399800e-01 5.150793812863931898e-01 4.819289619043622963e-01 4.595086692025764918e-01
5.597977653592779435e-01 5.181094166568558368e-01 5.192124222059335548e-01 4.626725579014757117e-01 4.708303543297189808e-01
5.626073860448155273e-01 4.753453482880156677e-01 5.169607162712227533e-01 4.448666419458367494e-01 4.797222235710811300e-01
5.687666746202332257e-01 4.318480997999037951e-01 5.143871070156008640e-01 4.356861289441400498e-01 4.887093796495743936e-01
5.704936728497900233e-01 3.956634721629074813e-01 5.126739744538477694e-01 4.357431293729863708e-01 4.982769162259019224e-01
5.620077713982136736e-01 3.582871448424019833e-01 5.098191490673358306e-01 4.439091333477688250e-01 5.173533668271309560e-01
5.501388452402519169e-01 3.334428403816843689e-01 5.051387534337301588e-01 4.529247561910432207e-01 5.415803675129415851e-01
5.382935075941009950e-01 3.123913964758969763e-01 4.957697788418627405e-01 4.600909423388932495e-01 5.807469137334468900e-01
5.353304604940392064e-01 2.953276982347356472e-01 4.847190752989189999e-01 4.593560033235442042e-01 6.233176575135639386e-01
5.428913382986086944e-01 2.792136299158003432e-01 4.753627051458694797e-01 4.524396683436113231e-01 6.583243027706572326e-01
5.691793473976892725e-01 2.562125502956058010e-01 4.738360683013302377e-01 4.417407312224668758e-01 6.890503017193616575e-01
5.937810340035792889e-01 2.337952687158034171e-01 4.937571328725340325e-01 4.349034200500437874e-01 7.027099130194254251e-01
6.166459135529275271e-01 2.126319656629201693e-01 5.124327300424349474e-01 4.157362342431154545e-01 7.118141845933970702e-01
6.585042365652995500e-01 2.080660959521385134e-01 5.184092087973665164e-01 4.041380415717570895e-01 7.105749875817617411e-01
6.971434789966857171e-01 2.062551609700961075e-01 5.314112345801119686e-01 3.859799002793184441e-01 7.030414844803573038e-01
7.361926956445834502e-01 2.014057224469374685e-01 5.449348513270174665e-01 3.526765076035727198e-01 6.860534413831352873e-01
7.597327049705417945e-01 1.909388634321289024e-01 5.399458436077168022e-01 3.183473522746442241e-01 6.700403616357482051e-01
7.826216325856343303e-01 1.797870577667098624e-01 5.263868864151249882e-01 2.849154350390399881e-01 6.594806620625165428e-01
8.006687760353088379e-01 1.709942370653152466e-01 5.156961083412170410e-01 2.585555016994476318e-01 6.511546969413757324e-01
